0 0.751302 0.666504 0.070312 0.135742
0 0.679036 0.680664 0.069010 0.148438
0 0.548828 0.663086 0.069010 0.154297
0 0.255859 0.642090 0.092448 0.088867
0 0.124349 0.635742 0.050781 0.060547
0 0.341146 0.646484 0.046875 0.072266
0 0.366536 0.652832 0.040365 0.069336
0 0.401042 0.646484 0.039062 0.070312
0 0.449870 0.666504 0.050781 0.114258
0 0.509115 0.662598 0.080729 0.143555
0 0.623047 0.672852 0.053385 0.091797
0 0.840495 0.670898 0.048177 0.107422
0 0.085938 0.645508 0.044271 0.052734
0 0.161458 0.645996 0.026042 0.043945
2 0.309245 0.760254 0.600260 0.206055
2 0.885417 0.672363 0.192708 0.075195
