2 0.314063 0.848438 0.028125 0.034375
2 0.261979 0.860156 0.030208 0.045313
2 0.286458 0.864063 0.043750 0.046875
2 0.410417 0.851562 0.050000 0.053125
2 0.386458 0.856250 0.062500 0.068750
2 0.548438 0.843750 0.044792 0.053125
2 0.484896 0.840625 0.082292 0.118750
2 0.241146 0.848438 0.019792 0.021875
2 0.601562 0.842188 0.065625 0.071875
2 0.507812 0.849219 0.090625 0.095313
2 0.821354 0.853125 0.194792 0.178125
0 0.171875 0.852344 0.025000 0.110938
0 0.136458 0.849219 0.025000 0.104688
0 0.043750 0.868750 0.027083 0.103125
0 0.011979 0.864063 0.021875 0.115625
0 0.923958 0.828125 0.020833 0.106250
0 0.946354 0.828906 0.030208 0.104688
0 0.965625 0.829688 0.020833 0.100000
0 0.953646 0.827344 0.015625 0.098438
0 0.985417 0.824219 0.018750 0.107813
0 0.990625 0.828906 0.018750 0.110938
2 0.029167 0.890625 0.056250 0.112500