2 0.103309 0.740523 0.130147 0.330719
2 0.194853 0.488889 0.175000 0.224837
2 0.878309 0.552288 0.208088 0.218301
2 0.820956 0.369281 0.174265 0.173856
2 0.672794 0.327451 0.170588 0.184314
2 0.950735 0.276471 0.098529 0.150327
0 0.826838 0.185621 0.021324 0.070588
0 0.539338 0.294771 0.031618 0.087582
0 0.458088 0.331373 0.025000 0.092810
0 0.630882 0.111765 0.020588 0.090196
0 0.581985 0.118954 0.019853 0.096732
0 0.554044 0.115686 0.025735 0.095425
0 0.628676 0.067320 0.023529 0.092810
2 0.957721 0.071895 0.084559 0.115033