2 0.657353 0.126797 0.050000 0.033987
0 0.727941 0.089542 0.007353 0.037908
2 0.054044 0.260131 0.069853 0.057516
2 0.177941 0.424183 0.088235 0.084967
2 0.386397 0.437908 0.096324 0.091503
2 0.445956 0.534641 0.119853 0.104575
2 0.917279 0.531373 0.115441 0.103268
2 0.958824 0.494118 0.082353 0.094118
2 0.754044 0.164052 0.031618 0.058824
2 0.863603 0.076471 0.022794 0.035294
2 0.836029 0.038562 0.017647 0.027451
2 0.844118 0.018301 0.017647 0.026144
0 0.980882 0.121569 0.008824 0.039216
0 0.975000 0.094771 0.007353 0.032680
0 0.888235 0.135948 0.010294 0.033987
0 0.841176 0.110458 0.010294 0.032680
0 0.847794 0.284967 0.011765 0.049673
0 0.897059 0.290850 0.013235 0.045752
0 0.550368 0.833333 0.021324 0.098039
0 0.510662 0.894118 0.022794 0.088889
0 0.469118 0.966667 0.033824 0.064052
0 0.740809 0.951634 0.030147 0.086275
0 0.705515 0.751634 0.024265 0.073203
0 0.711029 0.754902 0.013235 0.058824
0 0.791176 0.520915 0.020588 0.048366
0 0.623897 0.462745 0.016912 0.052288
0 0.629779 0.437255 0.015441 0.050980
0 0.629044 0.375817 0.013971 0.050980
0 0.134559 0.243137 0.010294 0.049673
0 0.230147 0.556209 0.022059 0.069281
0 0.237500 0.521569 0.022059 0.057516
0 0.337132 0.539869 0.021324 0.060131
0 0.482721 0.601307 0.019853 0.062745
0 0.877941 0.379739 0.014706 0.058824
0 0.961765 0.349020 0.013235 0.054902
0 0.850368 0.165359 0.006618 0.024837
0 0.851103 0.160131 0.006618 0.030065
0 0.840074 0.109150 0.008088 0.030065
0 0.886029 0.057516 0.005882 0.028758
0 0.886765 0.060784 0.005882 0.024837
0 0.965074 0.091503 0.009559 0.031373
0 0.972426 0.080392 0.008088 0.027451
0 0.937500 0.166667 0.008824 0.037908
0 0.805882 0.081046 0.005882 0.026144
0 0.883824 0.085621 0.005882 0.024837
0 0.876838 0.026797 0.006618 0.024837
0 0.774265 0.016993 0.007353 0.023529
0 0.891912 0.031373 0.007353 0.028758
2 0.197059 0.301307 0.079412 0.064052
2 0.414338 0.303268 0.038971 0.067974
2 0.473897 0.292810 0.046324 0.065359