2 0.495588 0.466013 0.030882 0.082353
2 0.688971 0.432026 0.070588 0.053595
2 0.616176 0.433987 0.058824 0.052288
0 0.747426 0.471895 0.011029 0.047059
0 0.465809 0.837255 0.015441 0.045752
0 0.490074 0.616340 0.013971 0.035294
0 0.378676 0.316993 0.010294 0.027451
2 0.340441 0.067320 0.017647 0.032680
2 0.543382 0.068627 0.023529 0.035294
0 0.334191 0.756209 0.012500 0.035294
0 0.475000 0.192810 0.005882 0.030065
0 0.482353 0.190850 0.005882 0.028758
0 0.488603 0.188235 0.006618 0.028758
0 0.466544 0.070588 0.006618 0.028758
0 0.471324 0.066667 0.005882 0.031373
2 0.567647 0.015033 0.016176 0.030065