2 0.284375 0.106481 0.003125 0.003704
2 0.290104 0.112500 0.004167 0.004630
2 0.295052 0.116204 0.003646 0.004630
2 0.298698 0.119444 0.003646 0.005556
2 0.295833 0.125000 0.004167 0.005556
2 0.291406 0.775926 0.047396 0.107407
2 0.311458 0.571759 0.032292 0.065741
2 0.542708 0.596296 0.028125 0.057407
0 0.596615 0.711574 0.011979 0.041667
0 0.548438 0.384722 0.006250 0.023148
2 0.476042 0.298611 0.014583 0.021296
2 0.489323 0.292130 0.015104 0.019444
2 0.479167 0.278704 0.014583 0.016667
2 0.460156 0.259259 0.015104 0.016667
2 0.437760 0.244444 0.013021 0.014815
2 0.423438 0.311111 0.013542 0.022222
2 0.406771 0.244444 0.011458 0.016667
2 0.382552 0.282407 0.014063 0.020370
2 0.419531 0.217593 0.008854 0.012963
2 0.417969 0.213426 0.009896 0.012037
2 0.511198 0.209259 0.011979 0.011111
0 0.282292 0.361574 0.006250 0.026852
2 0.327865 0.235648 0.010937 0.017593
2 0.327083 0.208796 0.009375 0.013889
2 0.349479 0.200926 0.008333 0.011111
2 0.346615 0.193056 0.009896 0.010185
2 0.369531 0.186574 0.007812 0.012037
2 0.351562 0.182407 0.008333 0.011111
2 0.397396 0.195833 0.008333 0.012037
2 0.392188 0.191667 0.008333 0.011111
0 0.393490 0.197222 0.002604 0.007407
2 0.436979 0.235648 0.011458 0.013889
0 0.333333 0.321759 0.005208 0.017593
0 0.306250 0.322685 0.006250 0.017593
2 0.333854 0.161574 0.006250 0.010185
2 0.342969 0.159722 0.006771 0.008333
2 0.338802 0.155556 0.005729 0.007407
2 0.329948 0.155556 0.006771 0.009259
2 0.334375 0.152778 0.005208 0.007407
2 0.330990 0.149537 0.004687 0.006481
2 0.321354 0.155556 0.007292 0.009259
2 0.315625 0.158796 0.006250 0.008333
2 0.308333 0.157870 0.011458 0.008333
2 0.302083 0.156944 0.011458 0.006481
2 0.299219 0.151389 0.007812 0.006481
2 0.293750 0.150000 0.006250 0.007407
2 0.299740 0.141667 0.004687 0.007407
2 0.289583 0.141204 0.006250 0.008333
2 0.296354 0.135648 0.010417 0.006481
2 0.310937 0.145833 0.005208 0.006481
2 0.310156 0.143981 0.006771 0.006481
2 0.307031 0.141204 0.004687 0.006481
2 0.149479 0.241204 0.021875 0.013889
2 0.169271 0.233796 0.011458 0.015741
2 0.199219 0.268981 0.023438 0.015741
2 0.200781 0.261111 0.026562 0.012963
2 0.195052 0.249537 0.024479 0.012037
2 0.197656 0.244907 0.019271 0.012037
2 0.218229 0.214352 0.019792 0.012037
2 0.217448 0.209722 0.018229 0.010185
2 0.221875 0.196296 0.019792 0.009259
0 0.195052 0.179630 0.002604 0.011111
2 0.091406 0.329167 0.040104 0.034259
2 0.064062 0.346296 0.036458 0.024074
2 0.022656 0.378241 0.041146 0.028704
0 0.868490 0.324074 0.005729 0.020370
0 0.857031 0.333333 0.005729 0.018519
0 0.851042 0.326389 0.005208 0.023148
0 0.845052 0.323148 0.004687 0.012963
0 0.841146 0.318981 0.005208 0.013889
0 0.972135 0.355093 0.004687 0.023148
0 0.949219 0.353704 0.004687 0.024074