0 0.011397 0.968627 0.018382 0.062745
2 0.053309 0.936601 0.106618 0.126797
0 0.272426 0.568627 0.013971 0.057516
2 0.239338 0.352941 0.034559 0.054902
2 0.325735 0.373203 0.032353 0.066667
2 0.367279 0.359477 0.030147 0.057516
2 0.287500 0.301307 0.035294 0.050980
0 0.296324 0.301961 0.013235 0.026144
0 0.321691 0.305229 0.009559 0.032680
0 0.343750 0.279085 0.008088 0.032680
0 0.334926 0.262092 0.009559 0.032680
0 0.334559 0.256863 0.007353 0.024837
0 0.309926 0.247059 0.008088 0.033987
0 0.307721 0.235294 0.006618 0.028758
2 0.281618 0.255556 0.026471 0.045752
2 0.283088 0.171242 0.041176 0.033987
0 0.247794 0.160784 0.007353 0.015686
2 0.313971 0.173856 0.020588 0.033987
2 0.336397 0.180392 0.019853 0.036601
2 0.345221 0.158170 0.018382 0.033987
0 0.306618 0.160131 0.005882 0.022222
0 0.313235 0.156209 0.005882 0.024837
0 0.320956 0.152941 0.005147 0.020915
0 0.324265 0.163399 0.005882 0.026144
0 0.328309 0.156209 0.005147 0.030065
0 0.331985 0.159477 0.005147 0.026144
0 0.368382 0.149020 0.007353 0.023529
0 0.376103 0.096732 0.005147 0.018301
0 0.355147 0.111765 0.002941 0.019608
0 0.351838 0.109804 0.003676 0.020915
0 0.352206 0.104575 0.004412 0.018301
0 0.360662 0.092157 0.003676 0.019608
0 0.363603 0.083007 0.003676 0.022222
0 0.367647 0.091503 0.004412 0.023529
0 0.368750 0.081699 0.003676 0.019608
0 0.338603 0.090196 0.005147 0.023529
2 0.344853 0.104575 0.017647 0.026144
2 0.291912 0.129412 0.041176 0.026144
2 0.300000 0.116993 0.038235 0.024837
2 0.315809 0.103268 0.036029 0.023529
2 0.353676 0.073856 0.013235 0.022222
2 0.367279 0.028758 0.019853 0.018301
2 0.352574 0.019608 0.024265 0.015686
2 0.349632 0.013725 0.025735 0.016993
2 0.354044 0.009804 0.024265 0.014379
0 0.379412 0.026144 0.004412 0.018301
0 0.385662 0.026797 0.005147 0.019608
0 0.370956 0.011765 0.005147 0.015686
2 0.481618 0.129412 0.017647 0.026144
2 0.471324 0.041830 0.011765 0.020915
0 0.531618 0.069935 0.004412 0.011765
0 0.495588 0.036601 0.004412 0.013072
0 0.494485 0.009150 0.003676 0.015686
0 0.505515 0.022876 0.003676 0.016993
0 0.512868 0.164706 0.005147 0.018301
2 0.759191 0.918954 0.112500 0.162092
0 0.866544 0.658170 0.019853 0.064052
0 0.872059 0.689542 0.013235 0.066667
0 0.648162 0.461438 0.011029 0.031373
0 0.645956 0.450327 0.013971 0.035294
0 0.743750 0.326797 0.011029 0.044444
0 0.744853 0.295425 0.007353 0.033987
0 0.751838 0.298039 0.008088 0.039216
0 0.681250 0.251634 0.009559 0.022222
0 0.659191 0.249673 0.006618 0.033987
2 0.572426 0.158824 0.021324 0.030065
0 0.554412 0.139869 0.004412 0.026144
2 0.593382 0.126144 0.029412 0.022222
2 0.586397 0.110458 0.031618 0.022222
2 0.550368 0.054248 0.024265 0.014379
2 0.517647 0.380392 0.030882 0.054902