2 0.063603 0.646405 0.116912 0.100654
2 0.200735 0.578431 0.058824 0.082353
0 0.222059 0.578431 0.013235 0.053595
0 0.154044 0.569935 0.012500 0.054902
0 0.114706 0.478431 0.011765 0.039216
0 0.008456 0.960131 0.015441 0.071895
2 0.242279 0.415033 0.049265 0.045752
2 0.391912 0.263399 0.016176 0.024837
0 0.385294 0.246405 0.002941 0.019608
2 0.403676 0.243137 0.017647 0.026144
2 0.421324 0.215686 0.013235 0.020915
2 0.390441 0.226144 0.023529 0.023529
2 0.410294 0.210458 0.013235 0.018301
2 0.439706 0.180392 0.008824 0.013072
2 0.450368 0.181046 0.009559 0.014379
2 0.449632 0.167974 0.008088 0.011765
2 0.455882 0.159477 0.007353 0.013072
2 0.467647 0.140523 0.007353 0.009150
0 0.567647 0.157516 0.002941 0.014379
0 0.585662 0.188889 0.015441 0.024837
0 0.587868 0.211111 0.003676 0.016993
0 0.594853 0.230719 0.002941 0.014379
2 0.622059 0.277124 0.022059 0.026144
2 0.630147 0.303268 0.019118 0.026144
2 0.645221 0.311111 0.024265 0.028758
0 0.638235 0.317647 0.004412 0.026144
0 0.613971 0.304575 0.005882 0.020915
2 0.684559 0.395425 0.045588 0.032680
2 0.682353 0.423529 0.030882 0.039216
0 0.760294 0.447059 0.005882 0.036601
0 0.768015 0.444444 0.008088 0.039216
2 0.729779 0.491503 0.063971 0.041830
2 0.719485 0.532026 0.043382 0.054902
2 0.759926 0.593464 0.053676 0.091503
2 0.797059 0.674510 0.063235 0.107190
2 0.906985 0.684967 0.088971 0.070588
2 0.882721 0.645098 0.100735 0.056209
2 0.937500 0.958824 0.091176 0.082353
2 0.625368 0.645098 0.041912 0.074510
0 0.620956 0.526144 0.008088 0.045752
0 0.618015 0.518301 0.008088 0.043137
2 0.429779 0.413072 0.027206 0.047059
0 0.425735 0.320261 0.005882 0.020915
0 0.434926 0.306536 0.008088 0.027451
2 0.515441 0.346405 0.022059 0.033987
2 0.553676 0.346405 0.020588 0.031373
2 0.570956 0.310458 0.016912 0.027451
2 0.560294 0.262092 0.016176 0.022222
2 0.520221 0.273203 0.015441 0.023529
2 0.466544 0.220261 0.012500 0.019608
2 0.521691 0.250327 0.012500 0.019608
2 0.523529 0.234641 0.013235 0.022222
2 0.524632 0.218954 0.011029 0.016993
2 0.495221 0.213725 0.012500 0.019608
2 0.470221 0.209804 0.012500 0.022222
2 0.476838 0.192157 0.018382 0.013072
2 0.494485 0.191503 0.009559 0.014379
2 0.501471 0.203268 0.010294 0.016993
2 0.522059 0.206536 0.011765 0.015686
2 0.524265 0.191503 0.010294 0.014379
0 0.511765 0.206536 0.002941 0.018301
0 0.547794 0.249673 0.004412 0.015686
2 0.557721 0.230065 0.012500 0.023529
0 0.539706 0.201307 0.002941 0.010458
0 0.536029 0.192157 0.002941 0.010458
2 0.565809 0.214379 0.025735 0.015686
2 0.552941 0.207190 0.011765 0.014379
2 0.548897 0.194118 0.009559 0.014379
2 0.522794 0.168627 0.008824 0.015686
2 0.501838 0.168627 0.008088 0.010458
2 0.505882 0.156863 0.007353 0.015686
0 0.483824 0.163399 0.002941 0.007843
2 0.489338 0.153595 0.008088 0.011765
0 0.497426 0.152288 0.003676 0.009150
2 0.505515 0.133987 0.006618 0.011765
2 0.525368 0.141830 0.006618 0.009150
2 0.973897 0.763399 0.052206 0.075817
0 0.744485 0.400654 0.006618 0.035294
2 0.543750 0.149020 0.008088 0.010458
0 0.537868 0.151634 0.002206 0.007843