2 0.091912 0.969935 0.183824 0.054902
2 0.394485 0.980392 0.188971 0.039216
2 0.872426 0.973203 0.187500 0.053595
2 0.652941 0.975163 0.179412 0.049673
2 0.204779 0.775817 0.100735 0.228758
2 0.126838 0.752941 0.109559 0.230065
2 0.536397 0.364052 0.049265 0.095425
2 0.317279 0.352941 0.077206 0.107190
2 0.393750 0.371895 0.047794 0.116340
2 0.455882 0.367974 0.050000 0.092810
2 0.599265 0.365359 0.051471 0.087582
2 0.663603 0.370588 0.050735 0.084967
2 0.712500 0.362092 0.058824 0.091503
2 0.756618 0.362092 0.058824 0.091503
2 0.817647 0.375163 0.054412 0.096732
2 0.873162 0.372549 0.071324 0.091503
2 0.929412 0.364706 0.079412 0.101961
2 0.224265 0.325490 0.082353 0.081046
0 0.091176 0.441176 0.019118 0.071895
0 0.381618 0.439869 0.025000 0.077124
0 0.432721 0.452941 0.021324 0.074510
2 0.020588 0.081699 0.041176 0.061438
2 0.029044 0.222222 0.058088 0.057516
0 0.079044 0.328105 0.011029 0.041830
0 0.106250 0.348366 0.021324 0.050980
0 0.107353 0.324837 0.016176 0.043137
0 0.134559 0.327451 0.017647 0.058824
0 0.990809 0.405229 0.016912 0.067974
0 0.576471 0.621569 0.017647 0.040523
0 0.589338 0.622876 0.018382 0.045752
0 0.708824 0.626144 0.017647 0.039216