2 0.593229 0.941667 0.060417 0.116667
0 0.461979 0.724074 0.011458 0.038889
2 0.166406 0.938426 0.057813 0.123148
0 0.218229 0.833333 0.020833 0.055556
2 0.254167 0.616204 0.045833 0.087963
2 0.324479 0.572685 0.031250 0.069444
2 0.307292 0.481944 0.029167 0.054630
0 0.323698 0.468981 0.007812 0.037963
0 0.361979 0.500926 0.008333 0.040741
0 0.386719 0.471759 0.008854 0.034259
0 0.301563 0.612963 0.010417 0.025926
0 0.305990 0.609259 0.007812 0.024074
0 0.286198 0.565741 0.008854 0.035185
0 0.271875 0.449537 0.006250 0.032407
0 0.299479 0.438426 0.008333 0.034259
0 0.287240 0.447222 0.006771 0.031481
0 0.289323 0.452315 0.006771 0.034259
0 0.943229 0.750926 0.018750 0.051852
0 0.515625 0.449537 0.006250 0.028704
0 0.484635 0.426852 0.007812 0.024074
2 0.487760 0.323611 0.022396 0.028704
0 0.451823 0.363426 0.006771 0.021296
0 0.465625 0.356481 0.006250 0.022222
0 0.494792 0.295833 0.005208 0.025000
0 0.463281 0.300463 0.005729 0.017593
0 0.450000 0.301852 0.005208 0.018519
0 0.460156 0.325000 0.005729 0.016667
2 0.435677 0.270833 0.015104 0.025000
0 0.860938 0.981481 0.017708 0.037037
0 0.865104 0.968056 0.016667 0.063889
0 0.332292 0.386111 0.006250 0.020370
0 0.289583 0.406481 0.009375 0.025926
2 0.355729 0.276389 0.015625 0.028704
0 0.359375 0.310648 0.005208 0.015741
0 0.367448 0.244907 0.004687 0.021296
0 0.352865 0.253704 0.004687 0.016667
0 0.344792 0.262963 0.005208 0.024074
2 0.361458 0.206019 0.019792 0.021296
2 0.364063 0.195833 0.012500 0.019444
2 0.361719 0.179167 0.010937 0.017593
2 0.376042 0.162037 0.010417 0.016667
2 0.392708 0.160185 0.011458 0.018519
2 0.376823 0.144444 0.009896 0.014815
2 0.377344 0.135648 0.008854 0.013889
0 0.466667 0.225463 0.004167 0.013889
0 0.466406 0.210185 0.004687 0.016667
0 0.445312 0.191204 0.004167 0.013889
0 0.448698 0.185648 0.003646 0.012037
0 0.437500 0.178241 0.004167 0.013889
0 0.450260 0.163426 0.003646 0.013889
2 0.410156 0.153241 0.009896 0.017593
2 0.402083 0.139352 0.010417 0.013889
2 0.405990 0.130093 0.008854 0.012037
0 0.159115 0.388889 0.008854 0.025926
0 0.177083 0.371296 0.007292 0.018519
2 0.937240 0.578704 0.067187 0.050000
2 0.898698 0.554167 0.060937 0.050926
2 0.848958 0.518981 0.063542 0.054630
2 0.819271 0.501389 0.055208 0.054630
2 0.790365 0.479630 0.045312 0.048148
2 0.761458 0.464352 0.045833 0.047222
2 0.735677 0.424537 0.051562 0.034259
2 0.651563 0.504167 0.042708 0.036111
2 0.645833 0.471759 0.044792 0.037963
2 0.715104 0.405093 0.039583 0.026852
2 0.708333 0.392130 0.052083 0.032407
2 0.688542 0.367130 0.041667 0.034259
2 0.668750 0.333796 0.038542 0.028704
2 0.665104 0.325926 0.040625 0.029630
2 0.666927 0.313426 0.039062 0.023148
2 0.657813 0.307407 0.036458 0.025926
2 0.642448 0.287963 0.027604 0.022222
2 0.623437 0.275463 0.023958 0.026852
2 0.552604 0.245370 0.026042 0.018519
2 0.913802 0.216667 0.028646 0.022222
2 0.945052 0.205556 0.025521 0.022222
0 0.289844 0.250463 0.006771 0.021296
2 0.280469 0.180093 0.019271 0.015741
2 0.274219 0.161574 0.018229 0.015741
2 0.286198 0.171296 0.019271 0.014815
0 0.237240 0.194907 0.004687 0.019444
0 0.241927 0.220833 0.005729 0.010185
0 0.245573 0.180556 0.004687 0.012963
0 0.238802 0.177778 0.004687 0.014815
0 0.269531 0.179167 0.003646 0.015741
0 0.368229 0.153704 0.004167 0.012963
0 0.402865 0.190741 0.004687 0.014815
0 0.393490 0.196296 0.003646 0.012963
0 0.376563 0.195833 0.004167 0.012037
0 0.372135 0.179167 0.003646 0.019444
0 0.384375 0.196759 0.004167 0.013889
0 0.396094 0.184722 0.003646 0.013889
0 0.398177 0.174537 0.003646 0.008333
0 0.386979 0.190741 0.004167 0.011111
0 0.375781 0.121296 0.003646 0.012963
0 0.418229 0.122222 0.003125 0.009259
0 0.403906 0.112500 0.002604 0.008333
2 0.503385 0.121759 0.016146 0.019444