0 0.588603 0.962092 0.012500 0.054902
2 0.252206 0.977124 0.097059 0.045752
2 0.243015 0.834641 0.087500 0.069281
2 0.692279 0.673856 0.036029 0.066667
2 0.305882 0.590196 0.064706 0.048366
2 0.311397 0.552941 0.061029 0.047059
2 0.331618 0.479739 0.050000 0.039216
2 0.336029 0.433987 0.051471 0.039216
2 0.341912 0.412418 0.050000 0.037908
2 0.347059 0.378431 0.048529 0.035294
2 0.348897 0.360131 0.041912 0.032680
2 0.352206 0.339216 0.044118 0.032680
2 0.354412 0.324837 0.042647 0.032680
2 0.360662 0.310458 0.040441 0.030065
2 0.361397 0.295425 0.041912 0.028758
2 0.369485 0.269935 0.038971 0.027451
2 0.053676 0.597386 0.072059 0.054902
0 0.194118 0.430719 0.007353 0.032680
2 0.254412 0.362092 0.026471 0.052288
0 0.321691 0.242484 0.003676 0.022222
0 0.271691 0.235948 0.005147 0.022222
2 0.288971 0.267974 0.039706 0.028758
2 0.287868 0.256863 0.038971 0.024837
2 0.235662 0.281046 0.043382 0.028758
2 0.453309 0.334641 0.016912 0.039216
2 0.491912 0.310458 0.016176 0.030065
2 0.460662 0.267320 0.015441 0.032680
0 0.395956 0.238562 0.003676 0.024837
0 0.390441 0.233987 0.004412 0.023529
2 0.537868 0.274510 0.016912 0.031373
0 0.557353 0.286928 0.007353 0.014379
0 0.515441 0.231373 0.004412 0.023529
2 0.507721 0.183660 0.013971 0.022222
2 0.462500 0.177124 0.013235 0.024837
0 0.437500 0.272549 0.004412 0.022222
0 0.434191 0.269935 0.005147 0.024837
0 0.438971 0.258170 0.005882 0.024837
0 0.434926 0.254248 0.005147 0.024837
0 0.438603 0.247059 0.005147 0.023529
0 0.437500 0.232026 0.004412 0.022222
0 0.439706 0.233987 0.004412 0.020915
2 0.427206 0.220915 0.033824 0.026144
2 0.434191 0.192810 0.015441 0.024837
2 0.378309 0.196078 0.031618 0.020915
2 0.379779 0.188235 0.030147 0.020915
2 0.385662 0.162092 0.028676 0.023529
2 0.388235 0.154902 0.029412 0.019608
2 0.389706 0.142484 0.026471 0.020915
2 0.389338 0.130719 0.024265 0.018301
2 0.393750 0.122222 0.025735 0.022222
2 0.394118 0.117647 0.026471 0.015686
2 0.392647 0.109150 0.026471 0.014379
2 0.397794 0.103268 0.019118 0.018301
2 0.396324 0.100000 0.025000 0.016993
2 0.412132 0.171895 0.013971 0.022222
2 0.433456 0.116340 0.011029 0.020915
0 0.472059 0.161438 0.005882 0.019608
2 0.474632 0.090196 0.009559 0.015686
0 0.292647 0.171895 0.004412 0.019608
2 0.323897 0.187582 0.018382 0.024837
0 0.311029 0.143791 0.004412 0.015686
0 0.320588 0.131373 0.004412 0.016993
2 0.341176 0.113725 0.010294 0.018301
2 0.356618 0.097386 0.010294 0.016993
2 0.362868 0.079739 0.022794 0.018301
2 0.788603 0.209150 0.031618 0.020915
2 0.830515 0.096078 0.013971 0.019608
2 0.515074 0.103922 0.016912 0.019608
0 0.498162 0.084967 0.003676 0.010458
2 0.503676 0.075163 0.020588 0.019608
2 0.446691 0.048366 0.008088 0.015686
2 0.458088 0.035294 0.008824 0.015686
2 0.470956 0.035294 0.008088 0.013072
2 0.453309 0.017647 0.006618 0.014379
2 0.426103 0.048366 0.016912 0.015686
0 0.434559 0.050980 0.002941 0.015686
2 0.419118 0.035294 0.019118 0.015686
0 0.431985 0.064052 0.003676 0.013072