0 0.370312 0.625926 0.009375 0.022222
0 0.375000 0.622222 0.010417 0.037037
0 0.601562 0.656481 0.007292 0.024074
0 0.605208 0.747222 0.012500 0.031481
0 0.605729 0.741667 0.011458 0.038889
0 0.732812 0.851852 0.017708 0.048148
2 0.809375 0.912037 0.054167 0.131481
2 0.465104 0.324074 0.015625 0.029630
2 0.444792 0.288889 0.014583 0.025926
2 0.452083 0.161111 0.010417 0.014815
0 0.141146 0.483333 0.011458 0.040741
2 0.342187 0.452778 0.032292 0.046296
0 0.359896 0.325000 0.003125 0.016667
0 0.368750 0.262963 0.006250 0.014815
0 0.373437 0.216667 0.003125 0.011111
0 0.371354 0.200000 0.003125 0.011111
0 0.457813 0.135185 0.003125 0.011111
2 0.418229 0.096296 0.005208 0.007407
2 0.429688 0.095370 0.005208 0.009259
2 0.378125 0.137963 0.008333 0.012963