2 0.079687 0.824074 0.121875 0.135185
2 0.068490 0.693056 0.074479 0.080556
0 0.091927 0.697222 0.013021 0.072222
0 0.005990 0.609259 0.011979 0.057407
0 0.010937 0.606944 0.013542 0.054630
0 0.112500 0.669444 0.010417 0.057407
2 0.125521 0.646759 0.062500 0.069444
2 0.169271 0.615278 0.052083 0.056481
0 0.157031 0.585185 0.011979 0.044444
0 0.169271 0.583796 0.013542 0.049074
0 0.159896 0.564815 0.010417 0.025926
0 0.163542 0.564815 0.008333 0.025926
0 0.183854 0.563889 0.007292 0.040741
2 0.200000 0.588426 0.042708 0.047222
2 0.229948 0.563889 0.040104 0.044444
0 0.226823 0.601389 0.010937 0.043519
0 0.239063 0.530556 0.006250 0.035185
2 0.250781 0.549537 0.028646 0.037963
0 0.267188 0.572222 0.008333 0.040741
0 0.278906 0.557870 0.009896 0.032407
0 0.253125 0.508796 0.006250 0.028704
0 0.257552 0.508796 0.006771 0.028704
0 0.263802 0.507870 0.006771 0.030556
2 0.269792 0.533333 0.030208 0.037037
2 0.284115 0.517130 0.026562 0.034259
2 0.296094 0.510648 0.021354 0.028704
2 0.297917 0.539352 0.030208 0.036111
2 0.309115 0.501389 0.022396 0.026852
2 0.319271 0.493056 0.022917 0.025000
2 0.325781 0.486111 0.019271 0.024074
2 0.336719 0.480093 0.018229 0.023148
2 0.346094 0.472685 0.016146 0.021296
2 0.322396 0.569444 0.037500 0.042593
2 0.347656 0.621296 0.041146 0.061111
2 0.368490 0.523148 0.025521 0.033333
2 0.352865 0.482870 0.019271 0.025000
2 0.366146 0.476852 0.018750 0.022222
2 0.398177 0.506019 0.022396 0.028704
2 0.388802 0.471296 0.016146 0.024074
0 0.286719 0.484259 0.005729 0.027778
2 0.291667 0.703241 0.066667 0.084259
2 0.229687 0.899074 0.103125 0.164815
2 0.505469 0.838889 0.064062 0.114815
0 0.571094 0.839815 0.022396 0.075926
2 0.645312 0.843981 0.082292 0.117593
0 0.567187 0.717130 0.016667 0.073148
0 0.584896 0.680093 0.012500 0.058333
2 0.430990 0.661111 0.041146 0.062963
2 0.486458 0.518519 0.020833 0.029630
0 0.540625 0.580093 0.008333 0.043519
0 0.603646 0.631481 0.009375 0.055556
0 0.628385 0.668519 0.015104 0.033333
0 0.663281 0.670370 0.008854 0.048148
2 0.770573 0.919444 0.115104 0.140741
0 0.730208 0.642130 0.009375 0.052778
0 0.706771 0.636574 0.012500 0.056481
0 0.693229 0.631481 0.010417 0.057407
0 0.689063 0.625926 0.008333 0.050000
2 0.553646 0.560648 0.027083 0.034259
0 0.546615 0.529630 0.006771 0.027778
0 0.505990 0.508796 0.006771 0.023148
0 0.818750 0.581019 0.010417 0.052778
0 0.760938 0.530093 0.012500 0.030556
0 0.773698 0.527778 0.005729 0.022222
0 0.775521 0.531481 0.007292 0.025926
0 0.783333 0.539815 0.007292 0.020370
0 0.720573 0.508796 0.005729 0.036111
0 0.707812 0.504167 0.006250 0.028704
0 0.686719 0.527315 0.007812 0.017593
0 0.567187 0.474537 0.005208 0.019444
0 0.669271 0.590278 0.007292 0.043519
0 0.590104 0.453704 0.004167 0.018519
2 0.546875 0.500463 0.019792 0.025000
0 0.584115 0.444444 0.003646 0.014815
0 0.642969 0.453241 0.003646 0.019444
0 0.626042 0.453704 0.004167 0.012963
0 0.630208 0.454167 0.004167 0.013889
0 0.635677 0.441667 0.002604 0.016667
0 0.637760 0.441667 0.002604 0.016667
0 0.532031 0.496759 0.005729 0.023148
0 0.512760 0.495833 0.005729 0.023148
0 0.515885 0.482407 0.004687 0.018519
0 0.522917 0.481019 0.005208 0.021296
0 0.527344 0.486111 0.005729 0.020370
2 0.471875 0.488426 0.016667 0.023148
2 0.492188 0.460185 0.012500 0.018519
2 0.475000 0.459259 0.012500 0.018519
0 0.485156 0.437037 0.003646 0.011111
0 0.491406 0.437963 0.003646 0.014815
0 0.492969 0.438426 0.002604 0.013889
0 0.498177 0.441204 0.002604 0.017593
0 0.495312 0.441667 0.003125 0.011111
2 0.430990 0.437037 0.010937 0.014815
0 0.405469 0.457870 0.002604 0.019444
2 0.459635 0.414352 0.005729 0.008333
2 0.459896 0.408796 0.007292 0.008333
2 0.438542 0.432407 0.009375 0.012963
2 0.424740 0.430556 0.008854 0.012963
2 0.425000 0.425463 0.008333 0.012037