0 0.785662 0.139869 0.005147 0.015686
0 0.702206 0.126797 0.004412 0.018301
0 0.632353 0.143791 0.002941 0.018301
0 0.603676 0.143137 0.004412 0.016993
0 0.606985 0.142484 0.003676 0.020915
0 0.727574 0.222876 0.009559 0.024837
2 0.858456 0.285621 0.034559 0.035294
0 0.754044 0.314379 0.008088 0.035294
0 0.766176 0.312418 0.007353 0.031373
0 0.771691 0.313725 0.006618 0.026144
0 0.682721 0.185621 0.005147 0.023529
0 0.697059 0.251634 0.004412 0.014379
0 0.688235 0.246405 0.005882 0.027451
0 0.688235 0.254248 0.005882 0.027451
0 0.682353 0.252941 0.005882 0.030065
0 0.690074 0.341176 0.008088 0.041830
0 0.694485 0.341176 0.008088 0.036601
0 0.684191 0.339216 0.006618 0.035294
0 0.682353 0.334641 0.005882 0.036601
0 0.573162 0.293464 0.009559 0.027451
0 0.548529 0.365359 0.005882 0.040523
0 0.463235 0.393464 0.007353 0.044444
0 0.484191 0.393464 0.008088 0.044444
0 0.489338 0.395425 0.009559 0.043137
0 0.643015 0.514379 0.013971 0.061438
0 0.627206 0.506536 0.014706 0.053595
0 0.402206 0.261438 0.007353 0.033987
0 0.410662 0.258170 0.008088 0.035294
0 0.477574 0.135294 0.003676 0.019608
0 0.438971 0.143137 0.004412 0.022222
0 0.433088 0.147059 0.004412 0.014379
0 0.341912 0.124837 0.005882 0.016993
0 0.336397 0.195425 0.006618 0.027451
0 0.285662 0.190850 0.006618 0.026144
0 0.233456 0.113725 0.003676 0.015686
0 0.241912 0.111765 0.004412 0.019608
0 0.166912 0.116340 0.005882 0.020915
0 0.165074 0.122222 0.005147 0.019608
0 0.145956 0.104575 0.006618 0.018301
0 0.138971 0.110458 0.005882 0.022222
0 0.128309 0.123529 0.005147 0.022222
0 0.100368 0.169281 0.009559 0.016993
0 0.183088 0.225490 0.007353 0.024837
0 0.036029 0.286275 0.008824 0.033987
0 0.045956 0.285621 0.006618 0.030065
0 0.037132 0.288889 0.009559 0.031373
0 0.027574 0.290850 0.009559 0.030065
0 0.008824 0.301961 0.010294 0.036601
0 0.015074 0.296078 0.009559 0.032680
0 0.013603 0.290850 0.006618 0.037908