2 0.250521 0.669444 0.045833 0.092593
2 0.202604 0.786111 0.056250 0.107407
2 0.393750 0.807407 0.038542 0.090741
2 0.482292 0.343519 0.023958 0.048148
2 0.496875 0.233333 0.017708 0.027778
2 0.459896 0.166667 0.016667 0.024074
2 0.445833 0.118519 0.015625 0.024074
2 0.473438 0.123148 0.010417 0.018519
2 0.480729 0.098148 0.010417 0.016667
2 0.538542 0.102778 0.011458 0.022222
2 0.531250 0.035185 0.013542 0.020370
0 0.142187 0.533333 0.014583 0.027778
2 0.904167 0.336111 0.048958 0.033333
2 0.867188 0.266667 0.027083 0.031481
2 0.837500 0.212963 0.028125 0.024074
2 0.761458 0.073148 0.015625 0.029630
2 0.826042 0.189815 0.017708 0.022222
2 0.809896 0.166667 0.018750 0.020370
2 0.779167 0.104630 0.015625 0.025926
2 0.792708 0.132407 0.017708 0.025926
2 0.804688 0.145370 0.014583 0.025926
0 0.298438 0.251389 0.007292 0.023148
0 0.306510 0.251389 0.007812 0.021296
0 0.548177 0.398611 0.007812 0.017593