2 0.526838 0.093464 0.061029 0.064052
2 0.795956 0.267974 0.053676 0.099346
2 0.874632 0.278431 0.061029 0.088889
2 0.967279 0.532026 0.055147 0.130719
2 0.668015 0.873856 0.072794 0.252288
0 0.401838 0.988235 0.019853 0.020915
0 0.501471 0.889542 0.020588 0.079739
0 0.556618 0.777778 0.023529 0.054902
0 0.615809 0.728105 0.019853 0.041830
0 0.285662 0.778431 0.022794 0.045752
0 0.434559 0.716993 0.025000 0.040523
0 0.501103 0.662092 0.015441 0.074510
0 0.361765 0.598693 0.013235 0.054902
0 0.371324 0.595425 0.017647 0.071895
0 0.440809 0.584967 0.019853 0.045752
0 0.519853 0.607843 0.010294 0.041830
0 0.508824 0.594771 0.016176 0.070588
0 0.616544 0.673856 0.013971 0.069281
0 0.617279 0.649020 0.011029 0.058824
0 0.644118 0.618301 0.017647 0.060131
0 0.712500 0.285621 0.011765 0.058824
0 0.605882 0.543791 0.011765 0.070588
0 0.576838 0.500654 0.013971 0.047059
0 0.563235 0.490850 0.017647 0.066667
0 0.588235 0.405229 0.016176 0.041830
0 0.574265 0.390196 0.011765 0.053595
0 0.411765 0.424183 0.014706 0.064052
0 0.390441 0.377124 0.014706 0.056209
2 0.376838 0.442484 0.046324 0.163399
0 0.250000 0.133333 0.013235 0.049673
0 0.349632 0.258170 0.013971 0.061438
0 0.373162 0.249673 0.008088 0.033987
0 0.449265 0.333333 0.008824 0.041830
0 0.441176 0.283007 0.010294 0.056209
0 0.458824 0.320261 0.010294 0.052288
0 0.460662 0.345098 0.009559 0.054902
0 0.501838 0.326144 0.008088 0.035294
0 0.495588 0.311765 0.011765 0.058824
0 0.488235 0.290850 0.011765 0.058824
0 0.546324 0.271895 0.013235 0.052288
0 0.563971 0.244444 0.008824 0.041830
0 0.579044 0.245752 0.011029 0.057516