2 0.123162 0.052288 0.022794 0.028758
2 0.215074 0.125490 0.027206 0.036601
2 0.266544 0.150980 0.022794 0.032680
2 0.303676 0.049020 0.019118 0.027451
2 0.337868 0.009150 0.015441 0.018301
2 0.351471 0.941176 0.066176 0.117647
2 0.439338 0.929412 0.065441 0.141176
2 0.521691 0.873856 0.071324 0.194771
2 0.313971 0.702614 0.086765 0.145098
2 0.374265 0.754248 0.066176 0.151634
2 0.406985 0.624837 0.046324 0.096732
2 0.520956 0.690196 0.055147 0.149020
2 0.506618 0.556209 0.044118 0.092810
2 0.517647 0.464706 0.035294 0.082353
2 0.456985 0.594771 0.046324 0.109804
2 0.454044 0.492810 0.038971 0.086275
2 0.448897 0.405882 0.033088 0.074510
2 0.404412 0.382353 0.035294 0.074510
2 0.450735 0.332680 0.032353 0.061438
2 0.421691 0.277124 0.033088 0.054902
2 0.457353 0.271895 0.027941 0.047059
2 0.492279 0.284314 0.028676 0.053595
2 0.493382 0.183007 0.026471 0.041830
0 0.405882 0.212418 0.005882 0.037908
0 0.416912 0.186928 0.005882 0.036601
2 0.478309 0.133987 0.022794 0.037908
2 0.460662 0.229412 0.027206 0.050980
2 0.418382 0.178431 0.023529 0.040523
2 0.422426 0.215033 0.025735 0.045752
2 0.461029 0.196078 0.027941 0.041830
2 0.469853 0.088235 0.019118 0.030065
2 0.440074 0.143791 0.025735 0.044444
2 0.716544 0.013725 0.034559 0.016993
2 0.728676 0.022876 0.035294 0.027451
2 0.758824 0.046405 0.042647 0.032680
2 0.807721 0.009804 0.038971 0.019608
2 0.817647 0.025490 0.029412 0.019608
2 0.824265 0.032026 0.032353 0.019608
2 0.838603 0.040523 0.041912 0.023529
2 0.855882 0.053595 0.044118 0.026144
2 0.829779 0.095425 0.040441 0.041830
2 0.891544 0.029412 0.040441 0.027451
2 0.969485 0.043791 0.036029 0.032680
2 0.980882 0.013725 0.030882 0.022222
2 0.964706 0.009804 0.032353 0.019608