2 0.094271 0.920370 0.117708 0.144444
2 0.186458 0.710185 0.114583 0.090741
2 0.396875 0.762963 0.066667 0.148148
2 0.436979 0.630556 0.038542 0.090741
2 0.486458 0.514815 0.031250 0.062963
0 0.330208 0.673148 0.014583 0.038889
0 0.351562 0.663889 0.015625 0.042593
0 0.373958 0.667593 0.016667 0.042593
0 0.379688 0.614815 0.015625 0.033333
0 0.386979 0.568519 0.015625 0.033333
0 0.391146 0.574074 0.013542 0.033333
0 0.424479 0.539815 0.013542 0.031481
0 0.426563 0.542593 0.013542 0.033333
0 0.435417 0.504630 0.010417 0.020370
0 0.451562 0.483333 0.011458 0.022222
0 0.433854 0.464815 0.011458 0.022222
0 0.402083 0.522222 0.010417 0.029630
0 0.278125 0.695370 0.022917 0.075926
0 0.335938 0.618519 0.015625 0.059259
2 0.316146 0.588889 0.063542 0.081481
2 0.273958 0.572222 0.064583 0.070370
0 0.375000 0.545370 0.012500 0.042593
2 0.382812 0.495370 0.040625 0.068519
2 0.193229 0.450000 0.059375 0.051852
2 0.153646 0.446296 0.059375 0.051852
2 0.247917 0.381481 0.033333 0.040741
2 0.209375 0.383333 0.022917 0.040741
2 0.180729 0.381481 0.017708 0.040741
0 0.190104 0.387037 0.009375 0.033333
0 0.541667 0.598148 0.014583 0.059259
0 0.569271 0.518519 0.009375 0.040741
0 0.550521 0.493519 0.009375 0.042593
0 0.538021 0.437963 0.007292 0.038889
0 0.533854 0.447222 0.007292 0.038889
0 0.516146 0.468519 0.011458 0.025926
0 0.515625 0.454630 0.014583 0.031481
0 0.519792 0.443519 0.010417 0.038889
2 0.557813 0.439815 0.028125 0.046296
2 0.561458 0.404630 0.029167 0.050000
0 0.541146 0.377778 0.009375 0.037037
0 0.547917 0.365741 0.008333 0.031481
0 0.519271 0.318519 0.007292 0.018519
0 0.483333 0.314815 0.006250 0.014815
0 0.461458 0.423148 0.012500 0.020370
0 0.451042 0.393519 0.010417 0.024074
0 0.454688 0.395370 0.009375 0.020370
0 0.437500 0.375926 0.008333 0.022222
0 0.427083 0.446296 0.010417 0.044444
0 0.431250 0.424074 0.008333 0.037037
0 0.417187 0.400926 0.011458 0.038889
0 0.446875 0.352778 0.008333 0.027778
0 0.449479 0.328704 0.007292 0.027778
0 0.462500 0.319444 0.006250 0.024074
0 0.441146 0.332407 0.005208 0.020370