0 0.901103 0.414379 0.008088 0.023529
0 0.966912 0.503922 0.011765 0.027451
2 0.953309 0.477778 0.053676 0.043137
0 0.992647 0.689542 0.010294 0.035294
0 0.980882 0.664706 0.011765 0.037908
2 0.914706 0.556863 0.032353 0.070588
0 0.894485 0.521569 0.011029 0.031373
0 0.781250 0.467974 0.009559 0.028758
2 0.927206 0.680392 0.069118 0.066667
0 0.883824 0.492810 0.010294 0.031373
0 0.876103 0.481046 0.011029 0.028758
2 0.841544 0.544444 0.030147 0.071895
0 0.792647 0.429412 0.008824 0.030065
0 0.890809 0.698693 0.011029 0.032680
0 0.869853 0.688235 0.013235 0.027451
0 0.853676 0.671895 0.013235 0.028758
0 0.825368 0.673856 0.009559 0.030065
0 0.804779 0.666013 0.011029 0.032680
0 0.809926 0.658170 0.008088 0.030065
0 0.819485 0.654248 0.011029 0.032680
2 0.754044 0.516340 0.036029 0.062745
2 0.740441 0.479085 0.050000 0.045752
2 0.690074 0.383007 0.037500 0.054902
0 0.642279 0.360131 0.008088 0.030065
0 0.630515 0.401961 0.005147 0.030065
0 0.589338 0.296732 0.006618 0.028758
2 0.667647 0.341830 0.025000 0.050980
0 0.695588 0.184314 0.008824 0.018301
0 0.692647 0.122876 0.004412 0.023529
2 0.665441 0.260131 0.029412 0.041830
2 0.644485 0.238562 0.019853 0.040523
2 0.623529 0.128105 0.017647 0.031373
2 0.616176 0.092810 0.017647 0.033987
0 0.597059 0.088889 0.004412 0.018301
2 0.606618 0.059477 0.013235 0.022222
2 0.611765 0.039869 0.029412 0.022222
0 0.605147 0.021569 0.005882 0.022222
0 0.553676 0.022876 0.004412 0.019608
0 0.539706 0.035948 0.002941 0.011765
0 0.531250 0.019608 0.005147 0.015686
0 0.629412 0.659477 0.010294 0.030065
0 0.700735 0.818301 0.008824 0.028758
0 0.694485 0.818954 0.011029 0.024837
0 0.614706 0.696078 0.005882 0.032680
0 0.608088 0.690850 0.004412 0.030065
0 0.632353 0.737908 0.008824 0.035294
0 0.638971 0.737255 0.008824 0.031373
2 0.545956 0.734641 0.037500 0.088889
0 0.516912 0.605229 0.008824 0.033987
2 0.501471 0.567974 0.025000 0.079739
0 0.433456 0.679739 0.008088 0.031373
0 0.434926 0.672549 0.006618 0.032680
0 0.444485 0.541176 0.008088 0.031373
0 0.424632 0.534641 0.008088 0.031373
2 0.412132 0.918301 0.062500 0.090196
2 0.493015 0.456209 0.022794 0.070588
2 0.456985 0.377124 0.022794 0.061438
2 0.456985 0.258170 0.016912 0.050980
2 0.454044 0.139869 0.015441 0.039216
2 0.462500 0.077778 0.014706 0.032680
0 0.417647 0.354248 0.004412 0.026144
0 0.430147 0.333987 0.005882 0.022222
2 0.400735 0.378431 0.042647 0.050980
2 0.386029 0.009804 0.017647 0.019608
2 0.392647 0.048366 0.013235 0.028758
2 0.375368 0.077778 0.033088 0.027451
2 0.381985 0.149020 0.016912 0.036601
2 0.376471 0.186928 0.017647 0.041830
2 0.368750 0.237908 0.019853 0.044444
2 0.363235 0.296078 0.019118 0.053595
0 0.395221 0.096732 0.005147 0.023529
0 0.400368 0.089542 0.005147 0.022222
0 0.405882 0.088235 0.004412 0.019608
0 0.399265 0.082353 0.004412 0.023529
0 0.389706 0.760131 0.008824 0.032680
0 0.378309 0.759477 0.011029 0.033987
0 0.340809 0.686928 0.009559 0.030065
0 0.207721 0.800000 0.009559 0.031373
0 0.208824 0.783007 0.014706 0.033987
2 0.032353 0.814379 0.064706 0.062745
0 0.068750 0.819608 0.011029 0.041830
0 0.084191 0.822876 0.012500 0.040523
2 0.086397 0.767320 0.071324 0.057516
2 0.181985 0.680392 0.055147 0.066667
0 0.386029 0.430065 0.008824 0.026144
2 0.351471 0.430065 0.027941 0.067974
0 0.315809 0.451634 0.009559 0.022222
0 0.340809 0.358170 0.008088 0.020915
0 0.325368 0.045098 0.003676 0.022222
0 0.329412 0.033987 0.004412 0.020915
0 0.332721 0.045752 0.003676 0.020915
0 0.299632 0.071242 0.005147 0.022222
0 0.295588 0.082353 0.004412 0.023529
0 0.302574 0.126144 0.005147 0.022222
0 0.300000 0.152288 0.005882 0.024837
0 0.268750 0.139216 0.005147 0.022222
0 0.245221 0.166667 0.006618 0.022222
0 0.312868 0.218301 0.005147 0.028758
0 0.216912 0.200654 0.004412 0.024837
0 0.197426 0.245752 0.005147 0.028758
0 0.269485 0.154902 0.005147 0.024837
0 0.244118 0.345098 0.005882 0.028758
0 0.312500 0.334641 0.007353 0.026144
0 0.303309 0.335294 0.005147 0.019608
0 0.309926 0.382353 0.005147 0.032680
0 0.156985 0.398039 0.008088 0.032680
0 0.263235 0.496732 0.007353 0.028758
0 0.223529 0.493464 0.007353 0.032680
0 0.213235 0.482353 0.008824 0.031373
0 0.174632 0.504575 0.008088 0.031373
0 0.152941 0.553595 0.007353 0.024837
0 0.144485 0.554248 0.009559 0.033987
0 0.140441 0.580392 0.011765 0.031373
0 0.124632 0.392810 0.012500 0.027451
0 0.115441 0.386275 0.008824 0.027451
0 0.098897 0.355556 0.008088 0.031373
0 0.109191 0.356209 0.006618 0.027451
0 0.126103 0.356863 0.009559 0.028758
0 0.125368 0.375817 0.011029 0.027451
0 0.118750 0.360131 0.006618 0.032680
0 0.058088 0.456209 0.011765 0.031373
0 0.059926 0.420261 0.006618 0.030065
0 0.047059 0.405882 0.011765 0.032680
0 0.041544 0.410458 0.006618 0.020915
0 0.015809 0.435948 0.009559 0.016993
0 0.091176 0.498693 0.008824 0.030065
0 0.091912 0.418301 0.010294 0.023529
0 0.121324 0.469281 0.007353 0.026144