0 0.155208 0.534259 0.010417 0.024074
0 0.157812 0.599074 0.009375 0.031481
0 0.169792 0.600926 0.008333 0.035185
2 0.503646 0.954630 0.046875 0.087037
0 0.414583 0.745370 0.008333 0.038889
0 0.429688 0.687963 0.013542 0.035185
0 0.428125 0.682407 0.012500 0.038889
0 0.439583 0.607407 0.006250 0.029630
2 0.492708 0.654630 0.029167 0.050000
2 0.495833 0.733333 0.031250 0.066667
0 0.590625 0.981481 0.018750 0.033333
0 0.556771 0.845370 0.011458 0.046296
0 0.579688 0.787963 0.011458 0.031481
0 0.581771 0.780556 0.011458 0.038889
0 0.545312 0.610185 0.007292 0.031481
2 0.545833 0.588889 0.039583 0.037037
0 0.473438 0.529630 0.009375 0.022222
0 0.523438 0.523148 0.005208 0.020370
0 0.493229 0.608333 0.009375 0.027778
0 0.447917 0.515741 0.008333 0.024074
0 0.560417 0.507407 0.006250 0.018519
0 0.565625 0.509259 0.006250 0.014815
0 0.541146 0.496296 0.005208 0.029630
2 0.526042 0.419444 0.029167 0.020370
0 0.505208 0.476852 0.004167 0.020370
2 0.663542 0.494444 0.043750 0.029630
0 0.708854 0.524074 0.007292 0.022222
0 0.761458 0.535185 0.008333 0.022222
0 0.766146 0.539815 0.007292 0.024074
0 0.380729 0.473148 0.003125 0.016667
0 0.385937 0.549074 0.007292 0.020370