2 0.598897 0.830065 0.119853 0.112418
2 0.629412 0.762745 0.098529 0.092810
2 0.673529 0.671895 0.098529 0.081046
2 0.705147 0.557516 0.082353 0.082353
2 0.744118 0.480392 0.075000 0.064052
2 0.753676 0.458824 0.070588 0.060131
2 0.893750 0.101307 0.031618 0.024837
2 0.906250 0.107843 0.036029 0.027451
2 0.869118 0.083007 0.029412 0.022222
2 0.719118 0.045098 0.029412 0.022222
2 0.605515 0.147059 0.038971 0.032680
2 0.596324 0.162745 0.038235 0.032680
2 0.571691 0.176471 0.040441 0.036601
2 0.269485 0.473203 0.068382 0.067974
2 0.127206 0.439216 0.054412 0.070588
2 0.166544 0.535948 0.062500 0.081046
2 0.015809 0.105882 0.031618 0.026144
0 0.040809 0.103268 0.005147 0.033987
2 0.078676 0.107190 0.036765 0.028758
2 0.469118 0.009804 0.027941 0.019608