2 0.840809 0.790850 0.318382 0.415686
0 0.445588 0.596078 0.113235 0.332026
0 0.358088 0.587582 0.100000 0.419608
0 0.094853 0.163399 0.042647 0.115033
0 0.039706 0.149020 0.044118 0.128105
0 0.020221 0.122222 0.030147 0.071895
2 0.030515 0.087582 0.061029 0.096732
0 0.015809 0.235948 0.031618 0.139869
0 0.012500 0.308497 0.025000 0.162092
0 0.332353 0.254248 0.041176 0.239216
0 0.386397 0.158170 0.027206 0.188235
0 0.337500 0.150980 0.030882 0.194771
0 0.308824 0.048366 0.014706 0.041830
0 0.329412 0.015033 0.016176 0.030065
0 0.263971 0.018301 0.017647 0.036601
0 0.282353 0.023529 0.013235 0.047059
0 0.291176 0.016340 0.005882 0.032680
2 0.120221 0.024837 0.063971 0.049673