2 0.479779 0.617647 0.043382 0.116340
2 0.540441 0.564052 0.044118 0.100654
2 0.464706 0.486928 0.041176 0.090196
2 0.479044 0.406536 0.034559 0.073203
2 0.543382 0.303268 0.029412 0.057516
2 0.480147 0.304575 0.032353 0.062745
2 0.530882 0.219608 0.023529 0.047059
2 0.525368 0.174510 0.022794 0.035294
2 0.289338 0.049020 0.018382 0.027451
2 0.140074 0.304575 0.043382 0.062745
2 0.082353 0.298039 0.042647 0.062745
2 0.486029 0.958170 0.067647 0.083660
2 0.076471 0.113725 0.025000 0.036601
2 0.017279 0.203268 0.034559 0.048366
2 0.013603 0.152941 0.027206 0.039216
2 0.956985 0.214379 0.063971 0.049673
2 0.883088 0.145098 0.055882 0.036601
2 0.879779 0.133333 0.055147 0.031373
2 0.875368 0.126144 0.055147 0.032680
2 0.845956 0.109150 0.044853 0.027451
2 0.837500 0.096732 0.039706 0.028758
2 0.825368 0.086928 0.038971 0.027451
2 0.817647 0.079085 0.041176 0.024837
2 0.802574 0.071242 0.037500 0.022222
2 0.801838 0.063399 0.036029 0.022222
2 0.799632 0.055556 0.036029 0.019608
2 0.794118 0.048366 0.045588 0.020915
2 0.774265 0.040523 0.032353 0.015686
2 0.772059 0.035948 0.030882 0.019608
2 0.765074 0.029412 0.030147 0.019608
2 0.760294 0.021569 0.027941 0.016993
2 0.754412 0.016340 0.027941 0.022222
2 0.985294 0.129412 0.029412 0.036601
2 0.974265 0.109150 0.051471 0.030065
2 0.958824 0.098693 0.038235 0.030065
2 0.948897 0.092810 0.041912 0.026144
2 0.938603 0.081046 0.049265 0.031373
2 0.922794 0.073856 0.042647 0.030065
2 0.888971 0.054248 0.041176 0.022222
2 0.970588 0.074510 0.042647 0.028758
2 0.960294 0.062092 0.042647 0.024837
2 0.883824 0.048366 0.038235 0.023529
2 0.872059 0.043137 0.038235 0.023529
2 0.865809 0.033333 0.036029 0.019608
2 0.858088 0.029412 0.038235 0.024837
2 0.825735 0.013725 0.039706 0.019608
2 0.840809 0.020915 0.037500 0.026144
2 0.893750 0.030719 0.030147 0.019608
2 0.881618 0.024837 0.027941 0.018301
2 0.876471 0.016340 0.035294 0.022222
2 0.848529 0.007843 0.030882 0.015686
2 0.810662 0.007843 0.031618 0.015686
2 0.990809 0.037255 0.018382 0.024837
2 0.988603 0.028758 0.022794 0.020915
2 0.968382 0.020261 0.038235 0.022222
2 0.955515 0.013072 0.034559 0.020915
2 0.923162 0.007843 0.031618 0.015686
0 0.888603 0.100654 0.006618 0.028758
0 0.876471 0.099346 0.007353 0.026144
0 0.864706 0.089542 0.007353 0.024837
0 0.852574 0.079739 0.005147 0.020915
0 0.844118 0.050980 0.004412 0.023529
0 0.836765 0.041830 0.004412 0.023529
0 0.822794 0.033333 0.002941 0.022222
0 0.821691 0.032680 0.006618 0.023529
0 0.816176 0.031373 0.004412 0.023529
0 0.777941 0.008497 0.004412 0.016993
0 0.844853 0.075817 0.005882 0.023529