0 0.190625 0.707407 0.077083 0.248148
0 0.369271 0.865741 0.067708 0.268519
0 0.581250 0.598148 0.072917 0.214815
0 0.695312 0.716667 0.055208 0.270370
0 0.856771 0.838889 0.084375 0.314815
0 0.798438 0.754630 0.090625 0.253704
0 0.967708 0.517593 0.041667 0.116667
0 0.918750 0.503704 0.045833 0.100000
0 0.472917 0.341667 0.031250 0.138889
0 0.843750 0.312963 0.033333 0.148148
0 0.929688 0.349074 0.032292 0.153704
0 0.953646 0.310185 0.034375 0.150000
0 0.966146 0.296296 0.040625 0.137037
0 0.853125 0.287963 0.027083 0.131481
0 0.820833 0.253704 0.029167 0.111111
0 0.977604 0.250000 0.032292 0.111111
0 0.926042 0.257407 0.037500 0.114815
0 0.905208 0.230556 0.031250 0.116667
0 0.986979 0.251852 0.026042 0.107407
0 0.170313 0.340741 0.030208 0.066667
0 0.177083 0.350926 0.014583 0.046296
0 0.223958 0.327778 0.037500 0.148148
0 0.194271 0.311111 0.021875 0.096296
0 0.253646 0.307407 0.030208 0.137037
0 0.317708 0.243519 0.020833 0.101852
0 0.239583 0.317593 0.012500 0.050000
0 0.270313 0.293519 0.026042 0.072222
0 0.012500 0.207407 0.025000 0.096296
0 0.580729 0.151852 0.013542 0.081481
0 0.496875 0.115741 0.014583 0.064815
0 0.247396 0.205556 0.019792 0.092593
0 0.062500 0.089815 0.018750 0.057407
0 0.152604 0.102778 0.017708 0.061111
0 0.243750 0.085185 0.016667 0.048148
0 0.220833 0.175000 0.018750 0.083333
0 0.236458 0.172222 0.014583 0.088889
0 0.248438 0.157407 0.023958 0.077778
0 0.261458 0.151852 0.016667 0.081481
0 0.278125 0.175926 0.033333 0.088889
0 0.329688 0.137037 0.009375 0.055556
0 0.328646 0.150000 0.026042 0.070370
0 0.326042 0.156481 0.018750 0.083333
0 0.329167 0.098148 0.010417 0.051852
0 0.354687 0.102778 0.013542 0.046296
0 0.365625 0.102778 0.016667 0.046296
0 0.403125 0.093519 0.008333 0.035185
0 0.430208 0.089815 0.014583 0.061111
0 0.457813 0.094444 0.011458 0.055556
0 0.489583 0.088889 0.012500 0.059259
0 0.502083 0.091667 0.010417 0.057407
0 0.550521 0.094444 0.011458 0.059259
0 0.576042 0.101852 0.016667 0.062963
0 0.855729 0.100926 0.023958 0.061111
0 0.896354 0.112963 0.017708 0.070370
0 0.908854 0.117593 0.015625 0.068519
0 0.929167 0.119444 0.016667 0.064815
0 0.928646 0.125000 0.017708 0.068519
0 0.768229 0.074074 0.007292 0.040741
0 0.759375 0.071296 0.008333 0.046296