0 0.026838 0.285621 0.015441 0.040523
2 0.254412 0.309150 0.025000 0.037908
2 0.479779 0.386928 0.024265 0.049673
2 0.515074 0.398693 0.024265 0.049673
2 0.466176 0.279085 0.020588 0.037908
2 0.477206 0.182353 0.017647 0.024837
2 0.475735 0.141830 0.014706 0.019608
2 0.501471 0.143137 0.011765 0.019608
2 0.480147 0.123529 0.011765 0.019608
2 0.479044 0.105229 0.012500 0.019608
2 0.479044 0.081046 0.009559 0.015686
2 0.507721 0.091503 0.009559 0.015686
2 0.522426 0.096732 0.009559 0.015686
2 0.497426 0.075817 0.009559 0.015686
2 0.492279 0.060131 0.009559 0.015686
2 0.492279 0.049673 0.009559 0.015686
2 0.490074 0.033333 0.008088 0.014379
2 0.513603 0.124837 0.015441 0.019608
0 0.421691 0.249020 0.006618 0.024837
2 0.445588 0.150327 0.014706 0.026144
2 0.454412 0.136601 0.013235 0.016993
2 0.458088 0.054248 0.010294 0.016993
2 0.463971 0.049020 0.010294 0.016993
2 0.528676 0.079085 0.008824 0.016993
2 0.547059 0.071895 0.019118 0.015686
2 0.547059 0.082353 0.019118 0.015686
2 0.546691 0.090850 0.019853 0.016993
2 0.536397 0.061438 0.019853 0.015686
2 0.577941 0.058170 0.019118 0.016993
2 0.559926 0.058824 0.009559 0.015686
0 0.529779 0.192157 0.006618 0.013072
2 0.511029 0.054248 0.008824 0.014379
2 0.530147 0.054902 0.019118 0.015686
2 0.531985 0.050980 0.019853 0.015686
2 0.527574 0.040523 0.016912 0.015686
2 0.572059 0.045752 0.016176 0.010458
2 0.563235 0.040523 0.017647 0.013072
0 0.538971 0.186275 0.004412 0.022222
0 0.497794 0.037255 0.004412 0.009150
0 0.471691 0.030065 0.003676 0.010458
0 0.504779 0.065359 0.003676 0.010458
0 0.510294 0.067974 0.005882 0.010458
2 0.578309 0.156863 0.034559 0.026144
2 0.627206 0.188889 0.032353 0.024837
0 0.593750 0.212418 0.008088 0.024837
0 0.620221 0.223529 0.008088 0.026144
0 0.687868 0.367320 0.008088 0.036601
0 0.698897 0.367320 0.008088 0.036601
2 0.657721 0.385621 0.058088 0.041830
2 0.631618 0.332026 0.052941 0.028758
2 0.631618 0.308497 0.048529 0.026144
2 0.627206 0.286928 0.047059 0.027451
2 0.624632 0.264052 0.044853 0.031373
2 0.668015 0.221569 0.030147 0.024837
2 0.690441 0.227451 0.033824 0.028758
2 0.694485 0.247712 0.028676 0.027451
2 0.546324 0.192157 0.014706 0.026144
2 0.549265 0.180392 0.014706 0.026144
0 0.551838 0.169281 0.008088 0.024837
2 0.477206 0.698039 0.038235 0.115033
2 0.555515 0.747712 0.046324 0.115033
0 0.748529 0.415686 0.010294 0.028758
0 0.793382 0.502614 0.011765 0.045752
2 0.701103 0.501961 0.078676 0.049673
2 0.773897 0.666013 0.093382 0.077124
2 0.868382 0.545098 0.060294 0.057516
2 0.789338 0.418954 0.059559 0.045752
2 0.758824 0.363399 0.055882 0.044444
0 0.797426 0.855556 0.015441 0.077124
0 0.810662 0.830719 0.013971 0.066667