2 0.009559 0.675163 0.019118 0.045752
2 0.011765 0.620915 0.023529 0.044444
2 0.045221 0.573203 0.078676 0.045752
2 0.090809 0.603922 0.071324 0.062745
2 0.240074 0.581046 0.066912 0.053595
2 0.098897 0.652288 0.074265 0.057516
2 0.214338 0.681699 0.075735 0.056209
2 0.261029 0.616340 0.067647 0.056209
2 0.204779 0.543791 0.061029 0.054902
2 0.127206 0.556863 0.060294 0.044444
2 0.105882 0.515033 0.064706 0.044444
2 0.114338 0.458170 0.061029 0.043137
2 0.452941 0.611765 0.032353 0.094118
2 0.531250 0.732680 0.031618 0.095425
2 0.583824 0.524183 0.026471 0.060131
2 0.557353 0.502614 0.023529 0.053595
2 0.663235 0.498693 0.047059 0.048366
2 0.578309 0.450980 0.052206 0.049673
2 0.568382 0.398039 0.042647 0.043137
2 0.659559 0.686275 0.045588 0.070588
0 0.371324 0.526797 0.011765 0.036601
0 0.402574 0.609804 0.011029 0.035294
0 0.363971 0.344444 0.010294 0.027451
0 0.422794 0.420915 0.008824 0.023529
2 0.550000 0.249020 0.019118 0.035294
2 0.494485 0.256209 0.019853 0.047059
2 0.448529 0.256863 0.022059 0.040523
2 0.468382 0.175817 0.014706 0.030065
2 0.463235 0.139216 0.013235 0.030065
2 0.466176 0.102614 0.011765 0.027451
2 0.473162 0.081046 0.012500 0.026144
2 0.515441 0.086275 0.013235 0.026144
2 0.490074 0.172549 0.016912 0.031373
2 0.489338 0.078431 0.012500 0.028758
2 0.507353 0.033333 0.010294 0.016993
2 0.494118 0.031373 0.010294 0.018301
2 0.479779 0.008497 0.011029 0.016993
0 0.461029 0.067320 0.004412 0.009150
2 0.222059 0.056863 0.016176 0.024837
2 0.244853 0.052288 0.016176 0.023529
2 0.265809 0.051634 0.015441 0.022222
2 0.298897 0.054248 0.016912 0.024837
2 0.324632 0.009804 0.011029 0.019608
0 0.718382 0.470588 0.010294 0.031373
0 0.689706 0.424837 0.010294 0.031373
0 0.652206 0.358170 0.007353 0.031373
0 0.635294 0.337908 0.007353 0.022222
0 0.595221 0.279739 0.006618 0.028758
0 0.603309 0.277778 0.005147 0.030065
0 0.582353 0.235948 0.005882 0.027451
0 0.578309 0.231373 0.005147 0.028758
0 0.601838 0.272549 0.005147 0.027451
0 0.595956 0.268627 0.005147 0.027451
0 0.568750 0.238562 0.006618 0.016993
0 0.719853 0.322222 0.005882 0.024837
0 0.722794 0.322222 0.005882 0.024837
2 0.696691 0.337255 0.047794 0.031373
2 0.777941 0.402614 0.051471 0.039216
2 0.709559 0.358824 0.045588 0.035294
2 0.737500 0.373203 0.050000 0.045752
2 0.856250 0.469281 0.052206 0.041830
2 0.909926 0.525490 0.056618 0.049673
2 0.779412 0.343791 0.047059 0.039216
2 0.925735 0.316340 0.045588 0.033987
2 0.908456 0.375163 0.046324 0.036601
2 0.791544 0.430719 0.047794 0.035294
2 0.849632 0.418301 0.041912 0.036601
2 0.846324 0.386928 0.052941 0.036601
2 0.824632 0.359477 0.047794 0.041830
2 0.856618 0.331373 0.045588 0.035294
2 0.892279 0.350327 0.047794 0.036601
2 0.944853 0.344444 0.048529 0.037908
2 0.987868 0.332026 0.024265 0.036601
2 0.984559 0.441176 0.030882 0.043137
2 0.552941 0.976471 0.044118 0.047059
2 0.179412 0.054248 0.020588 0.027451
2 0.191544 0.027451 0.013971 0.023529
2 0.173529 0.026144 0.014706 0.018301
2 0.135662 0.024837 0.015441 0.020915
2 0.091176 0.053595 0.020588 0.023529
2 0.104412 0.034641 0.027941 0.022222
2 0.122059 0.021569 0.011765 0.016993