0 0.632353 0.594771 0.011765 0.044444
0 0.426838 0.910458 0.018382 0.045752
0 0.553309 0.900654 0.018382 0.054902
0 0.703309 0.805882 0.013971 0.056209
0 0.656250 0.618301 0.008088 0.026144
0 0.662132 0.609150 0.009559 0.047059
0 0.402206 0.518954 0.011765 0.039216
0 0.370221 0.384314 0.009559 0.044444
2 0.127206 0.255556 0.066176 0.053595
2 0.201838 0.126144 0.050735 0.035294
2 0.432721 0.088235 0.034559 0.043137
2 0.493015 0.056209 0.018382 0.033987
0 0.415809 0.054902 0.008088 0.028758
0 0.569118 0.401307 0.008824 0.047059
0 0.500368 0.230065 0.006618 0.031373
0 0.524632 0.111765 0.008088 0.032680
0 0.536765 0.294771 0.008824 0.043137
0 0.525000 0.082353 0.005882 0.028758
0 0.513235 0.083660 0.008824 0.028758
2 0.540441 0.033987 0.022059 0.031373
0 0.585294 0.190850 0.005882 0.028758