2 0.271324 0.261438 0.017647 0.020915
2 0.320588 0.353595 0.017647 0.032680
2 0.369485 0.295425 0.027206 0.026144
2 0.370221 0.279739 0.012500 0.015686
2 0.480147 0.528758 0.055882 0.040523
2 0.586029 0.526144 0.057353 0.048366
2 0.559191 0.454902 0.046324 0.036601
2 0.452941 0.503922 0.045588 0.048366
2 0.478309 0.489542 0.052206 0.050980
0 0.634926 0.537908 0.008088 0.040523
0 0.622059 0.459477 0.005882 0.032680
2 0.544853 0.353595 0.035294 0.024837
2 0.513235 0.345752 0.032353 0.024837
2 0.521691 0.251634 0.022794 0.016993
2 0.550735 0.252941 0.022059 0.016993
2 0.549265 0.247712 0.022059 0.014379
0 0.584926 0.341176 0.003676 0.023529