0 0.268229 0.926852 0.026042 0.087037
0 0.247917 0.903704 0.016667 0.074074
0 0.251563 0.739815 0.011458 0.042593
0 0.520833 0.948148 0.016667 0.088889
0 0.540625 0.929630 0.016667 0.088889
0 0.551562 0.939815 0.011458 0.064815
2 0.590104 0.913889 0.065625 0.153704
2 0.597396 0.780556 0.059375 0.127778
0 0.267708 0.719444 0.014583 0.064815
0 0.350000 0.686111 0.014583 0.068519
0 0.374479 0.676852 0.017708 0.068519
0 0.539062 0.814815 0.017708 0.074074
0 0.555729 0.820370 0.017708 0.059259
2 0.463021 0.677778 0.044792 0.092593
0 0.391667 0.743519 0.016667 0.042593
0 0.393229 0.731481 0.017708 0.044444
0 0.401562 0.588889 0.015625 0.044444
0 0.524479 0.600000 0.015625 0.040741
0 0.514583 0.650000 0.014583 0.044444
0 0.518750 0.637963 0.014583 0.050000
0 0.436458 0.552778 0.016667 0.038889
0 0.492708 0.453704 0.012500 0.037037
0 0.522917 0.416667 0.012500 0.029630
0 0.484375 0.412963 0.010417 0.029630
0 0.569792 0.440741 0.012500 0.029630
0 0.574479 0.370370 0.007292 0.029630
0 0.578646 0.366667 0.007292 0.029630
0 0.544792 0.327778 0.008333 0.018519
0 0.476562 0.356481 0.007292 0.016667
0 0.457813 0.362963 0.009375 0.022222
0 0.499479 0.332407 0.007292 0.020370
0 0.561979 0.300926 0.007292 0.012963
0 0.396354 0.547222 0.011458 0.031481
0 0.558854 0.580556 0.011458 0.057407
0 0.571354 0.564815 0.011458 0.055556
0 0.580208 0.512037 0.010417 0.042593
0 0.413021 0.484259 0.011458 0.038889
0 0.433333 0.487037 0.010417 0.048148
0 0.425521 0.485185 0.009375 0.044444
0 0.577083 0.467593 0.010417 0.042593
0 0.580729 0.326852 0.007292 0.031481
0 0.585938 0.330556 0.007292 0.031481
2 0.519792 0.287963 0.018750 0.035185
2 0.419271 0.454630 0.040625 0.061111
0 0.442708 0.437037 0.010417 0.033333
0 0.433333 0.432407 0.008333 0.042593
0 0.420833 0.618519 0.014583 0.040741
2 0.611458 0.554630 0.047917 0.053704
0 0.457813 0.386111 0.007292 0.031481