2 0.891912 0.939216 0.080882 0.121569
0 0.978676 0.725490 0.025000 0.049673
0 0.961765 0.709804 0.022059 0.054902
0 0.968750 0.690196 0.011029 0.026144
0 0.711029 0.796078 0.011765 0.060131
0 0.688603 0.791503 0.011029 0.058824
0 0.697794 0.792810 0.014706 0.056209
2 0.782353 0.573856 0.086765 0.073203
0 0.752206 0.469935 0.083824 0.061438
2 0.228309 0.360784 0.046324 0.078431
2 0.276838 0.556209 0.040441 0.113725
2 0.266544 0.158824 0.046324 0.061438
0 0.430882 0.371895 0.011765 0.035294
0 0.433088 0.375163 0.008824 0.039216
0 0.544485 0.296078 0.009559 0.048366
0 0.624632 0.269935 0.011029 0.045752
0 0.449632 0.154248 0.008088 0.031373
2 0.525000 0.184967 0.029412 0.056209
2 0.628676 0.135294 0.055882 0.043137
2 0.625735 0.093464 0.058824 0.037908
0 0.550735 0.101961 0.008824 0.028758
0 0.550735 0.092810 0.007353 0.028758
0 0.528676 0.023529 0.004412 0.018301
0 0.528676 0.020915 0.005882 0.026144
0 0.535294 0.054248 0.005882 0.019608
0 0.535662 0.049020 0.006618 0.030065