2 0.568015 0.981699 0.037500 0.036601
2 0.560662 0.820261 0.034559 0.092810
2 0.650368 0.790196 0.036029 0.100654
2 0.584559 0.701307 0.030882 0.087582
2 0.544853 0.659477 0.029412 0.074510
2 0.545588 0.529412 0.026471 0.065359
2 0.512132 0.507843 0.025735 0.069281
2 0.456618 0.437908 0.022059 0.057516
2 0.602941 0.404575 0.023529 0.050980
2 0.597794 0.345752 0.020588 0.043137
2 0.556985 0.273203 0.016912 0.033987
2 0.586029 0.225490 0.017647 0.035294
2 0.521324 0.215033 0.017647 0.035294
2 0.526838 0.128105 0.013971 0.031373
2 0.522794 0.079085 0.013235 0.024837
2 0.527206 0.041176 0.011765 0.022222
2 0.544485 0.039216 0.011029 0.018301
2 0.572794 0.069935 0.011765 0.022222
2 0.576103 0.100654 0.016912 0.023529
2 0.366176 0.692157 0.072059 0.056209
2 0.418750 0.469281 0.024265 0.060131
2 0.361029 0.296732 0.026471 0.047059
2 0.285662 0.216993 0.037500 0.033987
2 0.389706 0.297386 0.022059 0.058824
2 0.467279 0.386928 0.024265 0.057516
2 0.964338 0.862092 0.069853 0.108497
2 0.838603 0.871242 0.074265 0.124183
2 0.763603 0.942484 0.055147 0.115033
2 0.448162 0.154902 0.015441 0.030065
2 0.484191 0.143137 0.015441 0.027451
2 0.488235 0.120915 0.014706 0.024837
2 0.578309 0.134641 0.013971 0.023529
2 0.578676 0.154248 0.014706 0.026144
2 0.587868 0.296078 0.027206 0.037908
2 0.650368 0.224837 0.016912 0.031373
2 0.637500 0.105882 0.014706 0.026144
2 0.632353 0.076471 0.014706 0.022222
2 0.648897 0.076471 0.012500 0.024837
2 0.629044 0.057516 0.011029 0.020915
2 0.650000 0.061438 0.025000 0.026144
2 0.634191 0.024837 0.013971 0.023529
2 0.646324 0.045752 0.011765 0.020915
2 0.426471 0.101961 0.014706 0.023529
2 0.429779 0.083660 0.013971 0.023529
2 0.498897 0.012418 0.011029 0.016993
2 0.923162 0.082353 0.024265 0.015686
2 0.936397 0.097386 0.028676 0.022222
2 0.951103 0.113725 0.027206 0.020915
2 0.958824 0.122876 0.026471 0.020915
2 0.965809 0.131373 0.025735 0.019608
2 0.975000 0.141176 0.026471 0.018301
2 0.989338 0.154248 0.021324 0.015686
2 0.992647 0.163399 0.014706 0.015686
2 0.936765 0.036601 0.025000 0.018301
2 0.959559 0.060131 0.029412 0.018301
2 0.977941 0.079739 0.025000 0.018301
2 0.985294 0.087582 0.029412 0.020915
2 0.969485 0.042484 0.027206 0.016993
2 0.940074 0.043137 0.028676 0.018301
2 0.965074 0.067320 0.030147 0.019608
2 0.988971 0.094771 0.022059 0.019608
2 0.990441 0.066667 0.019118 0.015686
2 0.974265 0.050327 0.026471 0.019608
2 0.877941 0.034641 0.023529 0.022222
0 0.316544 0.958170 0.011029 0.049673
0 0.443382 0.910458 0.008824 0.043137
0 0.447794 0.840523 0.008824 0.044444
0 0.432353 0.973203 0.007353 0.040523
0 0.438235 0.981699 0.010294 0.036601
0 0.466544 0.535294 0.009559 0.035294
0 0.824632 0.794118 0.011029 0.037908
0 0.888971 0.816993 0.011765 0.041830
0 0.663603 0.941830 0.016912 0.040523
0 0.622059 0.875163 0.014706 0.040523
0 0.613235 0.756863 0.010294 0.039216
0 0.622059 0.721569 0.008824 0.039216
0 0.562132 0.595425 0.006618 0.035294
0 0.562868 0.579085 0.006618 0.033987
0 0.381250 0.407190 0.008088 0.032680
0 0.391912 0.343791 0.007353 0.031373
0 0.391544 0.328758 0.008088 0.027451
2 0.166176 0.221569 0.042647 0.024837
2 0.109926 0.222876 0.040441 0.027451
2 0.022059 0.220915 0.042647 0.028758
2 0.708824 0.264052 0.038235 0.031373
0 0.693750 0.241176 0.005147 0.022222
0 0.501471 0.116340 0.004412 0.015686
0 0.491176 0.166667 0.004412 0.024837