2 0.391406 0.591667 0.032813 0.061111
2 0.533333 0.683333 0.076042 0.098148
0 0.248177 0.572685 0.010937 0.021296
0 0.272135 0.568981 0.009896 0.026852
0 0.282552 0.562037 0.009896 0.022222
0 0.278125 0.555556 0.011458 0.027778
0 0.239844 0.542130 0.011979 0.023148
2 0.349219 0.289352 0.010937 0.021296
2 0.330729 0.275926 0.011458 0.020370
2 0.377083 0.282407 0.013542 0.018519
2 0.380208 0.310648 0.015625 0.021296
2 0.359635 0.336574 0.015104 0.023148
2 0.392188 0.348611 0.016667 0.030556
2 0.391406 0.279630 0.011979 0.018519
2 0.395573 0.300926 0.013021 0.024074
2 0.411198 0.311574 0.011979 0.023148
2 0.416146 0.335648 0.015625 0.021296
2 0.401562 0.393519 0.018750 0.033333
2 0.226823 0.511111 0.038021 0.040741
2 0.241146 0.498148 0.042708 0.042593
0 0.128385 0.505093 0.010937 0.030556
2 0.067708 0.463889 0.038542 0.044444
2 0.122396 0.406944 0.034375 0.034259
2 0.127604 0.477315 0.043750 0.045370
2 0.342708 0.495833 0.027083 0.060185
2 0.367969 0.453704 0.026562 0.046296
2 0.410417 0.502315 0.028125 0.050926
0 0.552865 0.492130 0.008854 0.041667
0 0.595833 0.525926 0.007292 0.042593
2 0.704688 0.850926 0.096875 0.100000
0 0.729427 0.687963 0.013021 0.042593
2 0.970052 0.695833 0.059896 0.056481
2 0.907813 0.400926 0.021875 0.027778
2 0.917448 0.412963 0.023438 0.029630
2 0.930208 0.430093 0.028125 0.030556