2 0.479412 0.747059 0.075000 0.145098
2 0.410294 0.304575 0.029412 0.041830
2 0.475000 0.379085 0.041176 0.054902
2 0.391544 0.363399 0.036029 0.057516
2 0.347059 0.385621 0.035294 0.060131
2 0.270588 0.169281 0.020588 0.035294
2 0.314338 0.143137 0.019853 0.027451
2 0.260294 0.051634 0.023529 0.019608
2 0.288235 0.055556 0.013235 0.016993
2 0.261765 0.016340 0.011765 0.016993
2 0.354412 0.191503 0.027941 0.035294
2 0.347426 0.293464 0.033088 0.053595
2 0.238971 0.012418 0.011765 0.014379
0 0.240441 0.667974 0.016176 0.054902
0 0.212132 0.264706 0.009559 0.037908
0 0.207353 0.284314 0.008824 0.040523
0 0.217647 0.741830 0.016176 0.069281
0 0.240809 0.749020 0.015441 0.070588
0 0.010294 0.781046 0.017647 0.071895
0 0.055882 0.707190 0.023529 0.060131
0 0.208456 0.235294 0.008088 0.028758
0 0.323529 0.043137 0.005882 0.018301
0 0.202206 0.247712 0.008824 0.040523
2 0.944118 0.214379 0.039706 0.036601
2 0.920221 0.205882 0.036029 0.032680
2 0.940074 0.190850 0.038971 0.033987
2 0.916912 0.179085 0.029412 0.023529
2 0.909926 0.171895 0.031618 0.022222
2 0.904044 0.198693 0.031618 0.026144
2 0.872794 0.161438 0.032353 0.030065
2 0.818015 0.159477 0.030147 0.026144
2 0.814338 0.137908 0.024265 0.022222
2 0.800735 0.149673 0.030882 0.030065
2 0.783824 0.143791 0.027941 0.028758
2 0.772426 0.138562 0.030147 0.026144
2 0.805147 0.130065 0.027941 0.019608
2 0.792647 0.126797 0.026471 0.020915
2 0.780882 0.120915 0.030882 0.024837
2 0.877206 0.123529 0.029412 0.022222
2 0.852941 0.109804 0.025000 0.023529
2 0.837132 0.103268 0.027206 0.023529
2 0.810662 0.093464 0.025735 0.022222
2 0.797794 0.089542 0.025000 0.022222
2 0.762500 0.073856 0.026471 0.022222
2 0.754779 0.128758 0.030147 0.024837
2 0.766544 0.113072 0.027206 0.022222
2 0.702574 0.053595 0.022794 0.015686
2 0.691176 0.045752 0.020588 0.018301
2 0.685294 0.045098 0.023529 0.016993
2 0.689338 0.079085 0.025735 0.022222
2 0.669853 0.072549 0.022059 0.022222
2 0.650000 0.064052 0.020588 0.018301
2 0.587132 0.049673 0.018382 0.018301
2 0.583824 0.007843 0.019118 0.015686
2 0.598897 0.010458 0.015441 0.013072
2 0.435662 0.011765 0.024265 0.015686
2 0.452941 0.013725 0.020588 0.014379
2 0.516912 0.006536 0.017647 0.013072
2 0.633088 0.058170 0.019118 0.016993
2 0.601103 0.054902 0.022794 0.018301
2 0.469485 0.303268 0.038971 0.047059
0 0.263235 0.667974 0.008824 0.020915