2 0.589706 0.849673 0.047059 0.138562
2 0.555882 0.675817 0.042647 0.104575
2 0.475000 0.635294 0.032353 0.091503
2 0.463971 0.852941 0.045588 0.145098
2 0.482353 0.531373 0.030882 0.074510
2 0.352206 0.792157 0.058824 0.154248
2 0.401103 0.478431 0.037500 0.078431
2 0.454412 0.364052 0.051471 0.050980
2 0.404044 0.284967 0.053676 0.033987
2 0.489706 0.250327 0.026471 0.040523
2 0.108824 0.301961 0.060294 0.041830
2 0.455515 0.219608 0.018382 0.036601
0 0.612132 0.686928 0.015441 0.050980
0 0.634191 0.790850 0.015441 0.047059
0 0.707721 0.494771 0.009559 0.037908
0 0.710662 0.367320 0.005147 0.039216
0 0.768750 0.393464 0.008088 0.036601
2 0.538971 0.494771 0.032353 0.069281
2 0.486397 0.428105 0.027206 0.058824
2 0.531250 0.424837 0.024265 0.052288
2 0.572059 0.447059 0.029412 0.060131
2 0.113603 0.263399 0.049265 0.032680
0 0.234559 0.244444 0.005882 0.028758
0 0.246691 0.244444 0.006618 0.028758
0 0.356985 0.190196 0.003676 0.022222
0 0.351471 0.190850 0.004412 0.023529
0 0.344118 0.186928 0.004412 0.018301
2 0.356250 0.170588 0.018382 0.030065
2 0.388603 0.108497 0.013971 0.020915
2 0.427206 0.217647 0.020588 0.035294
2 0.412868 0.199346 0.019853 0.035294
2 0.438235 0.173203 0.016176 0.030065
2 0.447426 0.120915 0.013971 0.022222
2 0.461765 0.192810 0.016176 0.030065
2 0.466912 0.174510 0.013235 0.027451
2 0.468750 0.159477 0.015441 0.028758
2 0.471691 0.135294 0.013971 0.024837
2 0.471324 0.120261 0.013235 0.020915
2 0.505882 0.086928 0.010294 0.019608
2 0.481618 0.059477 0.008824 0.014379
2 0.490809 0.035948 0.008088 0.014379
2 0.488971 0.024837 0.007353 0.015686
2 0.488235 0.010458 0.007353 0.013072
2 0.480882 0.003922 0.007353 0.007843
2 0.572794 0.061438 0.008824 0.013072
2 0.567279 0.050980 0.009559 0.010458
2 0.559926 0.028105 0.006618 0.014379
2 0.557353 0.016993 0.007353 0.013072
2 0.476838 0.049020 0.009559 0.014379
2 0.400368 0.088889 0.011029 0.018301
0 0.466912 0.029412 0.002941 0.009150
0 0.458088 0.047059 0.002941 0.010458
0 0.438603 0.027451 0.002206 0.013072
0 0.428309 0.030719 0.003676 0.014379
0 0.422426 0.047059 0.003676 0.013072
2 0.587868 0.111765 0.012500 0.019608
0 0.528676 0.033333 0.002941 0.009150
0 0.442279 0.133333 0.003676 0.015686
2 0.442279 0.139869 0.005147 0.015686
2 0.613603 0.191503 0.016912 0.024837
0 0.520956 0.352941 0.009559 0.026144
0 0.521324 0.346405 0.008824 0.031373
0 0.408088 0.323529 0.011765 0.032680
0 0.399265 0.376471 0.007353 0.039216
0 0.502206 0.356863 0.008824 0.026144
0 0.124632 0.364706 0.011029 0.039216