2 0.454167 0.143519 0.020833 0.038889
2 0.529687 0.126852 0.017708 0.038889
2 0.498437 0.253704 0.028125 0.044444
2 0.455208 0.294444 0.027083 0.059259
2 0.491667 0.438889 0.033333 0.085185
2 0.321875 0.562963 0.037500 0.129630
2 0.278646 0.897222 0.057292 0.175926
2 0.336979 0.458333 0.046875 0.075926
2 0.578646 0.329630 0.036458 0.051852
2 0.585938 0.390741 0.042708 0.077778
2 0.419271 0.055556 0.017708 0.044444
2 0.568750 0.147222 0.031250 0.027778
0 0.525000 0.362037 0.008333 0.042593
0 0.617188 0.812037 0.015625 0.087037
0 0.636458 0.821296 0.016667 0.079630
0 0.562500 0.400926 0.010417 0.053704
0 0.547917 0.408333 0.008333 0.053704
0 0.644271 0.713889 0.017708 0.075926
0 0.252083 0.700926 0.016667 0.072222
0 0.282292 0.625926 0.016667 0.066667
0 0.258333 0.662963 0.018750 0.066667
0 0.262500 0.649074 0.010417 0.038889
0 0.239063 0.543519 0.013542 0.053704
0 0.218750 0.524074 0.016667 0.059259
0 0.207292 0.525000 0.012500 0.061111
0 0.394271 0.263889 0.009375 0.038889
0 0.447396 0.223148 0.009375 0.027778
0 0.501042 0.331481 0.010417 0.029630
0 0.501563 0.343519 0.007292 0.027778
0 0.533333 0.356481 0.008333 0.053704
0 0.540104 0.361111 0.009375 0.048148
0 0.567187 0.784259 0.017708 0.068519
0 0.570312 0.787963 0.013542 0.053704
0 0.526042 0.827778 0.018750 0.055556
0 0.528125 0.851852 0.016667 0.044444
0 0.556771 0.948148 0.015625 0.055556
0 0.593750 0.938889 0.018750 0.059259
0 0.926562 0.246296 0.009375 0.044444
2 0.719792 0.184259 0.054167 0.042593
2 0.717187 0.237963 0.055208 0.046296
2 0.792188 0.228704 0.051042 0.042593
0 0.793229 0.249074 0.009375 0.031481
0 0.784896 0.246296 0.009375 0.029630
0 0.742188 0.293519 0.011458 0.031481
0 0.756250 0.290741 0.014583 0.033333
0 0.764062 0.262037 0.011458 0.035185
0 0.772917 0.265741 0.010417 0.024074
0 0.793750 0.268519 0.012500 0.029630
0 0.811458 0.272222 0.010417 0.033333
0 0.824479 0.273148 0.011458 0.035185
0 0.861979 0.263889 0.011458 0.027778
0 0.878125 0.262963 0.012500 0.033333
0 0.895312 0.481481 0.013542 0.033333
0 0.913021 0.511111 0.011458 0.059259
0 0.940104 0.508333 0.019792 0.050000
0 0.943750 0.615741 0.020833 0.042593
0 0.970833 0.618519 0.014583 0.033333
0 0.916146 0.750000 0.021875 0.062963
0 0.981250 0.738889 0.025000 0.051852
0 0.872917 0.741667 0.020833 0.083333
0 0.828646 0.168519 0.007292 0.037037
0 0.852604 0.162037 0.007292 0.038889
0 0.878125 0.175000 0.008333 0.038889
0 0.841146 0.162037 0.007292 0.024074