2 0.453676 0.841830 0.019118 0.083660
2 0.455882 0.636601 0.017647 0.078431
2 0.601471 0.679739 0.017647 0.067974
2 0.508824 0.522876 0.017647 0.065359
2 0.495221 0.291503 0.016912 0.060131
2 0.518015 0.200000 0.015441 0.057516
2 0.459191 0.204575 0.016912 0.077124
2 0.463235 0.035948 0.016176 0.061438
2 0.082353 0.720915 0.044118 0.035294
2 0.090441 0.623529 0.041176 0.033987
2 0.095956 0.543137 0.041912 0.032680
0 0.372059 0.432026 0.007353 0.011765
0 0.364338 0.432026 0.006618 0.014379
0 0.359926 0.433987 0.006618 0.013072
2 0.094485 0.179739 0.040441 0.030065
2 0.354044 0.620915 0.019853 0.073203
0 0.426103 0.445752 0.006618 0.013072
0 0.425368 0.430719 0.006618 0.014379
0 0.577206 0.822876 0.007353 0.009150
0 0.571324 0.821569 0.005882 0.011765
0 0.566176 0.823529 0.005882 0.010458
2 0.598897 0.298693 0.018382 0.074510
2 0.606985 0.203922 0.031618 0.060131
2 0.895956 0.105229 0.036029 0.024837
2 0.859926 0.108497 0.025735 0.020915
0 0.799632 0.100000 0.008088 0.016993
0 0.863235 0.061438 0.010294 0.018301