2 0.357292 0.966667 0.047917 0.066667
2 0.172917 0.896296 0.072917 0.133333
2 0.275521 0.630556 0.048958 0.094444
2 0.219792 0.577778 0.054167 0.088889
2 0.388021 0.824074 0.055208 0.114815
2 0.429167 0.657407 0.041667 0.085185
2 0.374479 0.653704 0.044792 0.085185
2 0.330208 0.598148 0.043750 0.081481
2 0.410938 0.539815 0.036458 0.057407
2 0.503125 0.537037 0.029167 0.059259
2 0.417708 0.419444 0.039583 0.050000
2 0.363021 0.433333 0.036458 0.055556
2 0.480208 0.349074 0.041667 0.038889
2 0.418750 0.375000 0.039583 0.042593
2 0.421875 0.344444 0.039583 0.037037
2 0.739062 0.259259 0.032292 0.025926
2 0.806771 0.181481 0.032292 0.022222
2 0.776042 0.184259 0.031250 0.020370
2 0.713542 0.175926 0.025000 0.018519
2 0.865625 0.171296 0.027083 0.020370
2 0.667188 0.155556 0.026042 0.018519
2 0.321354 0.162963 0.028125 0.022222
2 0.287500 0.137963 0.012500 0.020370
2 0.160417 0.324074 0.037500 0.033333
0 0.496875 0.387963 0.008333 0.016667
0 0.501042 0.383333 0.008333 0.014815
0 0.500521 0.378704 0.007292 0.016667
0 0.210938 0.532407 0.011458 0.035185
0 0.202083 0.240741 0.006250 0.014815
0 0.288542 0.164815 0.006250 0.018519
0 0.613542 0.142593 0.004167 0.014815
2 0.483333 0.128704 0.010417 0.020370
2 0.455208 0.129630 0.012500 0.018519
2 0.438542 0.128704 0.012500 0.016667
2 0.450521 0.112037 0.009375 0.016667
0 0.458854 0.110185 0.003125 0.016667
2 0.475521 0.104630 0.009375 0.012963
2 0.504167 0.116667 0.008333 0.014815
2 0.545833 0.061111 0.006250 0.014815
2 0.513542 0.025926 0.010417 0.007407
2 0.551042 0.026852 0.006250 0.009259
2 0.536979 0.026852 0.011458 0.009259
2 0.534896 0.043519 0.007292 0.009259
2 0.536458 0.038889 0.006250 0.011111
2 0.527083 0.036111 0.008333 0.009259
2 0.522917 0.041667 0.010417 0.009259
2 0.513542 0.050000 0.006250 0.011111
2 0.487500 0.080556 0.008333 0.012963
2 0.491667 0.071296 0.008333 0.012963
2 0.500000 0.062037 0.004167 0.009259
2 0.508854 0.105556 0.007292 0.018519
2 0.513542 0.090741 0.008333 0.014815
2 0.529687 0.057407 0.007292 0.011111
2 0.523958 0.064815 0.006250 0.011111
2 0.521354 0.070370 0.007292 0.011111
2 0.518229 0.078704 0.007292 0.012963
2 0.513542 0.064815 0.006250 0.011111
2 0.510417 0.074074 0.006250 0.011111
2 0.506250 0.080556 0.006250 0.009259
2 0.540625 0.054630 0.006250 0.012963
0 0.708854 0.149074 0.005208 0.016667
0 0.844792 0.335185 0.008333 0.022222
0 0.023958 0.547222 0.014583 0.042593
0 0.022917 0.540741 0.006250 0.018519
2 0.259896 0.137037 0.021875 0.022222