2 0.691544 0.598039 0.049265 0.100654
2 0.760662 0.654902 0.061029 0.107190
2 0.830882 0.692157 0.070588 0.113725
2 0.879779 0.655556 0.062500 0.105882
2 0.955515 0.686275 0.058088 0.115033
2 0.369485 0.311111 0.030147 0.049673
2 0.326103 0.349673 0.044853 0.056209
2 0.266176 0.196078 0.036765 0.031373
2 0.367279 0.139216 0.036029 0.027451
2 0.410294 0.111111 0.036765 0.028758
2 0.421691 0.257516 0.036029 0.052288
2 0.619118 0.564052 0.055882 0.092810
2 0.401103 0.847712 0.094853 0.171242
2 0.467647 0.877124 0.097059 0.167320
2 0.648162 0.947059 0.096324 0.105882
2 0.735662 0.957516 0.069853 0.084967
2 0.195956 0.244444 0.055147 0.039216
2 0.277574 0.183660 0.033088 0.030065
2 0.380147 0.132026 0.030882 0.028758
2 0.431618 0.099346 0.032353 0.033987
2 0.415809 0.362745 0.050735 0.056209
2 0.268015 0.844444 0.099265 0.159477
2 0.184559 0.824183 0.100000 0.158170
2 0.065074 0.749020 0.100735 0.156863
2 0.032721 0.937908 0.065441 0.124183
2 0.537132 0.912418 0.084559 0.175163
2 0.442279 0.170588 0.037500 0.032680
2 0.410294 0.194118 0.048529 0.043137
2 0.355515 0.240523 0.049265 0.044444
2 0.335294 0.256863 0.050000 0.043137
0 0.294853 0.256863 0.010294 0.040523
0 0.413971 0.371242 0.007353 0.047059
0 0.424265 0.508497 0.013235 0.057516
0 0.419118 0.483007 0.010294 0.053595
0 0.468382 0.537255 0.010294 0.047059
0 0.447794 0.532680 0.010294 0.048366
0 0.022794 0.497386 0.014706 0.058824
0 0.072059 0.551634 0.014706 0.054902
0 0.384926 0.371242 0.009559 0.054902
0 0.391176 0.379739 0.008824 0.056209
0 0.404779 0.384314 0.015441 0.047059
0 0.419485 0.381699 0.006618 0.049673
0 0.387500 0.510458 0.013235 0.043137
0 0.410294 0.517647 0.016176 0.039216
0 0.493750 0.526144 0.011029 0.040523
0 0.487868 0.511765 0.009559 0.037908
0 0.495221 0.508497 0.009559 0.026144
0 0.507353 0.515033 0.011765 0.036601
0 0.504044 0.503922 0.009559 0.032680
0 0.266176 0.394118 0.013235 0.037908
0 0.211029 0.260784 0.007353 0.040523
0 0.224265 0.264052 0.008824 0.026144
0 0.223529 0.279085 0.005882 0.022222
2 0.440441 0.241830 0.036765 0.044444
0 0.447059 0.500654 0.010294 0.054902
0 0.578676 0.607190 0.011765 0.035294