0 0.407813 0.874074 0.013542 0.048148
0 0.566667 0.693519 0.010417 0.050000
2 0.501563 0.629630 0.028125 0.051852
0 0.406771 0.733333 0.009375 0.062963
0 0.396875 0.736111 0.008333 0.057407
2 0.477083 0.489815 0.018750 0.035185
0 0.438021 0.556481 0.005208 0.024074
0 0.540104 0.537963 0.005208 0.016667
0 0.528125 0.493519 0.004167 0.024074
0 0.504687 0.491667 0.005208 0.020370
0 0.515625 0.476852 0.004167 0.016667
0 0.452083 0.415741 0.002083 0.016667
0 0.495833 0.433333 0.004167 0.014815
0 0.493750 0.428704 0.004167 0.012963
2 0.475521 0.353704 0.007292 0.014815