2 0.529412 0.555556 0.025000 0.033987
2 0.454412 0.502614 0.019118 0.030065
2 0.472059 0.431373 0.027941 0.026144
2 0.501471 0.383660 0.027941 0.022222
2 0.423897 0.392157 0.018382 0.020915
2 0.397059 0.390196 0.019118 0.019608
2 0.370588 0.381699 0.023529 0.018301
2 0.439338 0.350980 0.013971 0.014379
2 0.458088 0.358170 0.011765 0.015686
2 0.537868 0.350980 0.013971 0.014379
2 0.406618 0.447059 0.022059 0.026144
2 0.097059 0.418954 0.026471 0.027451
2 0.348162 0.372549 0.025735 0.018301
2 0.322794 0.377778 0.026471 0.020915
2 0.280515 0.378431 0.027206 0.016993
0 0.311029 0.367320 0.004412 0.010458
2 0.039706 0.463399 0.020588 0.030065
2 0.045221 0.440523 0.019853 0.023529
2 0.013235 0.450980 0.026471 0.028758
2 0.046324 0.411111 0.017647 0.027451
2 0.079779 0.398039 0.033088 0.024837
2 0.034559 0.402614 0.016176 0.023529
2 0.048162 0.381046 0.015441 0.019608
0 0.002574 0.407190 0.005147 0.022222
2 0.047794 0.358824 0.016176 0.019608
2 0.061397 0.341830 0.013971 0.014379
2 0.072794 0.318301 0.011765 0.014379
2 0.110294 0.311111 0.010294 0.010458
2 0.078676 0.297386 0.007353 0.011765
2 0.083824 0.291503 0.014706 0.010458
2 0.083088 0.277124 0.007353 0.010458
2 0.116176 0.279739 0.007353 0.010458
2 0.084926 0.252288 0.006618 0.007843
2 0.092647 0.250327 0.005882 0.006536