0 0.825000 0.663399 0.025000 0.050980
0 0.948897 0.732680 0.028676 0.053595
2 0.048529 0.369281 0.061765 0.043137
2 0.597794 0.405229 0.048529 0.047059
2 0.587500 0.355556 0.047059 0.036601
2 0.535662 0.328758 0.024265 0.035294
2 0.515809 0.271242 0.015441 0.024837
2 0.472059 0.213072 0.022059 0.023529
2 0.399632 0.300654 0.030147 0.033987
2 0.927941 0.313072 0.032353 0.030065
2 0.954044 0.313725 0.031618 0.026144
2 0.818750 0.352288 0.043382 0.040523
2 0.466912 0.135948 0.013235 0.010458
0 0.016912 0.276471 0.007353 0.022222
0 0.232721 0.215033 0.003676 0.019608
2 0.250735 0.256209 0.036765 0.023529
2 0.276103 0.196732 0.018382 0.019608
2 0.245588 0.207190 0.019118 0.022222
2 0.390074 0.168627 0.016912 0.013072
2 0.372794 0.162745 0.019118 0.014379
2 0.386397 0.153595 0.008088 0.011765
2 0.355515 0.151634 0.009559 0.013072
2 0.364338 0.151634 0.009559 0.013072
0 0.497059 0.262092 0.004412 0.024837
0 0.500000 0.262745 0.004412 0.026144