0 0.713542 0.865278 0.019792 0.063889
2 0.938802 0.824537 0.058854 0.100926
2 0.915885 0.564352 0.071354 0.056481
0 0.740104 0.480093 0.007292 0.026852
0 0.744792 0.480093 0.010417 0.030556
2 0.658854 0.166667 0.005208 0.007407
2 0.660156 0.128704 0.002604 0.003704
2 0.659375 0.122685 0.002083 0.002778
2 0.657292 0.120833 0.002083 0.002778
2 0.658333 0.296759 0.012500 0.021296
2 0.630990 0.412963 0.020313 0.035185
2 0.619792 0.466667 0.023958 0.042593
2 0.599479 0.578241 0.034375 0.076852
2 0.200260 0.494907 0.061979 0.047222