2 0.310417 0.737037 0.043750 0.144444
2 0.388021 0.915741 0.055208 0.168519
2 0.305729 0.968519 0.053125 0.062963
2 0.555208 0.778704 0.045833 0.153704
0 0.216146 0.766667 0.021875 0.051852
2 0.211458 0.700000 0.095833 0.077778
2 0.554688 0.630556 0.040625 0.109259
2 0.538542 0.492593 0.031250 0.074074
2 0.618229 0.535185 0.078125 0.062963
2 0.346354 0.515741 0.042708 0.098148
2 0.197396 0.620370 0.092708 0.107407
0 0.202604 0.636111 0.019792 0.050000
0 0.271354 0.598148 0.011458 0.048148
0 0.262500 0.598148 0.010417 0.040741
0 0.291146 0.521296 0.011458 0.035185
0 0.371875 0.529630 0.012500 0.044444
0 0.375000 0.504630 0.010417 0.038889
0 0.386458 0.471296 0.010417 0.038889
0 0.391146 0.456481 0.009375 0.035185
2 0.542188 0.407407 0.026042 0.062963
2 0.486979 0.343519 0.026042 0.057407
2 0.427083 0.351852 0.031250 0.062963
2 0.285417 0.400000 0.043750 0.081481
2 0.294792 0.322222 0.037500 0.066667
0 0.359896 0.300926 0.011458 0.031481
2 0.400521 0.250000 0.026042 0.055556
2 0.605208 0.465741 0.070833 0.057407
2 0.606250 0.358333 0.060417 0.046296
2 0.703125 0.325000 0.033333 0.061111
2 0.716146 0.282407 0.053125 0.053704
2 0.757292 0.220370 0.047917 0.033333
2 0.575521 0.170370 0.038542 0.033333
2 0.583854 0.154630 0.038542 0.031481
2 0.565625 0.119444 0.037500 0.027778
2 0.560937 0.096296 0.032292 0.025926
2 0.264583 0.241667 0.054167 0.038889
2 0.345313 0.185185 0.026042 0.044444
2 0.365625 0.129630 0.022917 0.040741
2 0.421354 0.110185 0.019792 0.035185
2 0.528646 0.129630 0.017708 0.033333
2 0.336458 0.116667 0.025000 0.037037
2 0.312500 0.114815 0.033333 0.037037
0 0.147917 0.422222 0.012500 0.040741
0 0.157292 0.400000 0.014583 0.037037
0 0.170313 0.373148 0.011458 0.035185
0 0.170313 0.367593 0.011458 0.035185
0 0.246354 0.387963 0.009375 0.035185
0 0.253646 0.368519 0.009375 0.037037
0 0.254688 0.359259 0.009375 0.033333
0 0.107813 0.577778 0.019792 0.037037
0 0.275000 0.211111 0.008333 0.025926
0 0.271875 0.191667 0.008333 0.027778
0 0.378646 0.186111 0.009375 0.027778
2 0.387500 0.067593 0.020833 0.027778
2 0.331771 0.056481 0.017708 0.027778
2 0.293750 0.086111 0.029167 0.027778
0 0.597396 0.102778 0.005208 0.024074
0 0.618750 0.107407 0.004167 0.025926
0 0.501563 0.077778 0.005208 0.018519
2 0.377083 0.016667 0.029167 0.022222
0 0.572917 0.032407 0.004167 0.020370