2 0.570312 0.709259 0.061458 0.111111
2 0.313542 0.803704 0.062500 0.144444
2 0.498958 0.508333 0.035417 0.053704
2 0.525000 0.440741 0.027083 0.044444
2 0.294792 0.572222 0.037500 0.074074
2 0.154167 0.638889 0.037500 0.074074
2 0.190625 0.649074 0.035417 0.083333
2 0.367708 0.484259 0.033333 0.050000
2 0.334375 0.481481 0.027083 0.040741
2 0.392188 0.407407 0.017708 0.025926
0 0.400521 0.672222 0.009375 0.033333
0 0.382812 0.550000 0.013542 0.022222
0 0.416667 0.379630 0.006250 0.014815
0 0.411979 0.542593 0.011458 0.014815
0 0.364583 0.535185 0.012500 0.018519
0 0.546354 0.403704 0.011458 0.014815
0 0.588021 0.516667 0.011458 0.014815
0 0.547396 0.368519 0.007292 0.014815
2 0.342187 0.421296 0.042708 0.031481
2 0.598437 0.490741 0.028125 0.040741
2 0.575000 0.430556 0.020833 0.035185
2 0.562500 0.400926 0.020833 0.031481
0 0.574479 0.395370 0.005208 0.024074
0 0.568750 0.398148 0.006250 0.022222