0 0.653906 0.782407 0.036979 0.127778
0 0.602865 0.716667 0.029687 0.124074
0 0.121094 0.731019 0.031771 0.134259
0 0.092708 0.707870 0.034375 0.108333
2 0.388802 0.682870 0.074479 0.121296
0 0.444792 0.639352 0.017708 0.063889
2 0.187500 0.886111 0.153125 0.227778
0 0.351823 0.869444 0.067187 0.218519
2 0.495833 0.636111 0.048958 0.100000
2 0.403906 0.591204 0.043229 0.071296
0 0.570573 0.826852 0.044271 0.157407
0 0.867448 0.835185 0.065104 0.177778
0 0.851302 0.796296 0.030729 0.140741
0 0.853385 0.810648 0.033854 0.126852
0 0.717448 0.951389 0.053646 0.097222
0 0.660677 0.954167 0.059896 0.091667
0 0.710677 0.902315 0.057813 0.137963
2 0.336198 0.578704 0.035937 0.053704
0 0.430729 0.559259 0.010417 0.033333
2 0.467969 0.583796 0.033854 0.039815
0 0.364583 0.576389 0.014583 0.045370
2 0.348438 0.567593 0.028125 0.042593
2 0.399219 0.551852 0.026562 0.035185
2 0.371354 0.546296 0.020833 0.029630
0 0.430729 0.823611 0.022917 0.175000
0 0.501302 0.565741 0.011979 0.040741
0 0.489844 0.553704 0.007812 0.022222