0 0.952941 0.856209 0.007353 0.036601
0 0.940441 0.851634 0.011765 0.048366
2 0.789706 0.651634 0.054412 0.035294
2 0.788235 0.611765 0.044118 0.031373
2 0.773897 0.594771 0.043382 0.031373
0 0.748162 0.626144 0.005147 0.023529
0 0.739706 0.628105 0.007353 0.030065
0 0.724632 0.733333 0.008088 0.039216
0 0.716912 0.735294 0.007353 0.037908
0 0.710294 0.724837 0.005882 0.037908
0 0.714338 0.708497 0.011029 0.020915
0 0.631618 0.841176 0.011765 0.032680
0 0.334926 0.849020 0.013971 0.050980
2 0.371324 0.789542 0.036765 0.067974
2 0.160294 0.815686 0.076471 0.054902
0 0.026838 0.686275 0.013971 0.026144
0 0.009926 0.695425 0.011029 0.023529
0 0.002941 0.697386 0.005882 0.024837
0 0.161765 0.592810 0.007353 0.035294
2 0.670588 0.532680 0.020588 0.016993
2 0.625735 0.552288 0.019118 0.027451
2 0.532353 0.534641 0.016176 0.023529
0 0.547794 0.498039 0.004412 0.010458
0 0.600368 0.506536 0.005147 0.022222
2 0.610294 0.503268 0.013235 0.026144
2 0.636765 0.456209 0.014706 0.023529
2 0.555882 0.405882 0.008824 0.016993
2 0.524632 0.419608 0.008088 0.013072
2 0.522794 0.407190 0.007353 0.011765
2 0.519485 0.390196 0.006618 0.009150
2 0.516544 0.383007 0.006618 0.010458
2 0.512868 0.371242 0.006618 0.010458
2 0.510294 0.366667 0.005882 0.011765
2 0.511029 0.357516 0.005882 0.009150
2 0.508088 0.341176 0.005882 0.007843
2 0.502206 0.471242 0.011765 0.019608
2 0.505147 0.400654 0.008824 0.011765
0 0.515809 0.427451 0.003676 0.010458
0 0.533088 0.433333 0.002941 0.016993
2 0.497794 0.372549 0.005882 0.010458
0 0.504044 0.377778 0.003676 0.007843
2 0.495221 0.354248 0.005147 0.007843
2 0.499265 0.349020 0.004412 0.007843
2 0.493750 0.345098 0.005147 0.007843
2 0.495221 0.340523 0.005147 0.009150
2 0.485294 0.346405 0.004412 0.007843
2 0.489338 0.358170 0.006618 0.007843
2 0.476838 0.388889 0.008088 0.011765
2 0.464706 0.379085 0.005882 0.010458
2 0.462500 0.386928 0.007353 0.013072
2 0.481985 0.417647 0.009559 0.014379
2 0.466176 0.413725 0.008824 0.016993
0 0.458456 0.439216 0.003676 0.010458
0 0.363603 0.554248 0.005147 0.018301
0 0.280515 0.577778 0.009559 0.020915
0 0.171691 0.602614 0.005147 0.013072
2 0.212500 0.552941 0.044118 0.028758
2 0.225000 0.543137 0.039706 0.030065
2 0.235662 0.530719 0.036029 0.026144
2 0.248529 0.524837 0.039706 0.027451
2 0.263235 0.514379 0.033824 0.019608
2 0.265074 0.492810 0.027206 0.023529
0 0.279412 0.452288 0.004412 0.020915
2 0.334926 0.475163 0.013971 0.022222
2 0.351471 0.455556 0.011765 0.016993
2 0.362868 0.437255 0.011029 0.019608
2 0.373162 0.427451 0.021324 0.015686
0 0.345956 0.429412 0.003676 0.009150
0 0.341912 0.428758 0.002941 0.010458
0 0.338235 0.429412 0.002941 0.009150
0 0.361029 0.405229 0.004412 0.013072
0 0.356618 0.400654 0.002941 0.011765
2 0.366912 0.384967 0.008824 0.011765
0 0.402941 0.436601 0.004412 0.015686
2 0.419485 0.412418 0.011029 0.014379
2 0.427206 0.394118 0.007353 0.011765
2 0.425000 0.355556 0.013235 0.010458
2 0.388603 0.360131 0.006618 0.011765
2 0.398529 0.354902 0.011765 0.009150
2 0.401471 0.344444 0.005882 0.009150
2 0.422426 0.343791 0.003676 0.007843
2 0.425368 0.335294 0.005147 0.009150
0 0.419485 0.339869 0.002206 0.010458