2 0.589063 0.855556 0.053125 0.114815
0 0.737500 0.868519 0.012500 0.059259
0 0.767188 0.888889 0.017708 0.062963
0 0.693229 0.772222 0.015625 0.048148
0 0.676562 0.775000 0.013542 0.038889
0 0.648438 0.726852 0.011458 0.031481
0 0.672917 0.702778 0.010417 0.050000
0 0.621354 0.744444 0.011458 0.033333
0 0.622396 0.750000 0.009375 0.029630
0 0.725521 0.932407 0.011458 0.031481
0 0.922917 0.899074 0.018750 0.031481
0 0.941146 0.898148 0.017708 0.037037
0 0.722917 0.922222 0.014583 0.040741
0 0.709896 0.976852 0.013542 0.038889
2 0.664583 0.561111 0.052083 0.033333
2 0.576562 0.622222 0.032292 0.048148
2 0.516667 0.460185 0.018750 0.031481
2 0.511458 0.373148 0.012500 0.016667
0 0.618750 0.615741 0.010417 0.031481
0 0.618229 0.625000 0.011458 0.027778
0 0.584896 0.543519 0.007292 0.024074
0 0.557292 0.479630 0.006250 0.022222
2 0.590625 0.436111 0.031250 0.020370
2 0.535417 0.385185 0.012500 0.018519
2 0.531771 0.374074 0.013542 0.018519
0 0.555208 0.512037 0.010417 0.024074
0 0.713542 0.688889 0.014583 0.040741
0 0.487500 0.509259 0.006250 0.022222
0 0.544271 0.458333 0.007292 0.016667
0 0.504687 0.403704 0.005208 0.014815
0 0.479167 0.378704 0.006250 0.012963
0 0.501042 0.386111 0.004167 0.012963