2 0.300368 0.514379 0.081618 0.155556
2 0.345956 0.365359 0.066912 0.121569
2 0.301838 0.277778 0.062500 0.095425
2 0.384191 0.284314 0.052206 0.087582
2 0.467647 0.048366 0.022059 0.036601
2 0.516912 0.109150 0.027941 0.050980
2 0.298897 0.132680 0.075735 0.048366
2 0.088235 0.397386 0.107353 0.104575
2 0.106985 0.178431 0.061029 0.069281
0 0.102941 0.618954 0.020588 0.082353
0 0.170221 0.605882 0.024265 0.074510
0 0.131618 0.539216 0.025000 0.077124
2 0.029779 0.500000 0.055147 0.160784
0 0.059926 0.479085 0.024265 0.082353
0 0.357353 0.203268 0.010294 0.045752
0 0.650368 0.779085 0.022794 0.099346
0 0.658088 0.805229 0.027941 0.109804
0 0.282721 0.088235 0.008088 0.050980
0 0.290809 0.088889 0.006618 0.039216
0 0.262500 0.088889 0.010294 0.049673
0 0.740809 0.295425 0.009559 0.031373
2 0.368750 0.037908 0.041912 0.041830
2 0.690809 0.406536 0.086029 0.062745