2 0.208088 0.858824 0.052941 0.117647
2 0.237868 0.735294 0.046324 0.105882
2 0.615074 0.803922 0.046324 0.107190
2 0.537500 0.743791 0.030882 0.086275
2 0.598897 0.616340 0.030147 0.074510
2 0.531985 0.481046 0.024265 0.052288
2 0.523529 0.232026 0.017647 0.035294
2 0.438603 0.352941 0.022794 0.047059
2 0.461029 0.273203 0.017647 0.044444
2 0.591176 0.952288 0.036765 0.095425
2 0.370956 0.957516 0.047794 0.084967
0 0.424632 0.764706 0.011029 0.044444
2 0.768382 0.977124 0.042647 0.045752
2 0.819485 0.976471 0.044853 0.047059
2 0.751838 0.881046 0.046324 0.122876
2 0.786029 0.854248 0.050000 0.126797
2 0.727941 0.743137 0.050000 0.126797
2 0.746691 0.661438 0.041912 0.083660
2 0.786765 0.663399 0.039706 0.084967
2 0.778309 0.584967 0.062500 0.079739
2 0.726103 0.561438 0.031618 0.071895
2 0.763235 0.521569 0.041176 0.070588
0 0.793382 0.535948 0.008824 0.039216
0 0.806985 0.527451 0.009559 0.037908
2 0.717647 0.403268 0.032353 0.061438
2 0.539338 0.098039 0.016912 0.026144
2 0.558088 0.134641 0.013235 0.023529
2 0.496691 0.018954 0.012500 0.022222
2 0.461765 0.180392 0.016176 0.033987
2 0.473897 0.118301 0.012500 0.030065
0 0.472059 0.345098 0.008824 0.023529
2 0.367279 0.262092 0.030147 0.037908
2 0.393382 0.171242 0.023529 0.041830
2 0.460294 0.054902 0.011765 0.023529
2 0.456618 0.031373 0.011765 0.020915
0 0.446691 0.058824 0.005147 0.018301
2 0.363971 0.018954 0.023529 0.022222
2 0.373162 0.011111 0.019853 0.016993
2 0.428309 0.058170 0.022794 0.019608
2 0.427206 0.052288 0.026471 0.018301
2 0.428676 0.045752 0.026471 0.018301
2 0.429412 0.038562 0.025000 0.016993
2 0.429779 0.028105 0.025735 0.014379
2 0.431985 0.020915 0.022794 0.013072
2 0.427206 0.015033 0.027941 0.016993