0 0.210294 0.652941 0.017647 0.053595
0 0.213603 0.583660 0.015441 0.040523
0 0.244853 0.520261 0.016176 0.054902
0 0.230147 0.522222 0.014706 0.053595
2 0.029412 0.157516 0.058824 0.061438
2 0.013971 0.030719 0.027941 0.056209
2 0.091544 0.034641 0.069853 0.056209
0 0.337500 0.205229 0.010294 0.036601
0 0.327206 0.023529 0.014706 0.028758
2 0.402206 0.956209 0.048529 0.087582
2 0.390074 0.722222 0.043382 0.158170
2 0.411029 0.426797 0.039706 0.116340
0 0.624265 0.808497 0.017647 0.050980
0 0.659559 0.560784 0.014706 0.052288
0 0.604779 0.541830 0.016912 0.043137
0 0.606250 0.256209 0.013971 0.044444
0 0.590809 0.115033 0.013971 0.044444
0 0.483456 0.161438 0.012500 0.045752
0 0.569485 0.233987 0.011029 0.044444
0 0.597794 0.475163 0.011765 0.043137
0 0.702206 0.493464 0.017647 0.050980
0 0.738603 0.477124 0.012500 0.044444
0 0.857721 0.400000 0.016912 0.044444
0 0.730515 0.464052 0.018382 0.041830
0 0.689338 0.484314 0.013971 0.048366
0 0.695221 0.479085 0.013971 0.048366
0 0.706985 0.474510 0.013971 0.044444
0 0.837500 0.164706 0.019118 0.044444
0 0.838235 0.279739 0.017647 0.044444
0 0.834559 0.494771 0.019118 0.045752
0 0.627941 0.358170 0.011765 0.039216
0 0.662500 0.402614 0.010294 0.041830
0 0.656985 0.391503 0.013971 0.043137
0 0.637868 0.366667 0.011029 0.027451
0 0.631985 0.343137 0.011029 0.037908
0 0.524632 0.200654 0.012500 0.037908
0 0.556250 0.244444 0.012500 0.044444
0 0.634926 0.168627 0.015441 0.039216
0 0.583456 0.214379 0.011029 0.028758
0 0.583088 0.203268 0.011765 0.035294
0 0.629044 0.092810 0.009559 0.036601
0 0.604044 0.074510 0.009559 0.036601
0 0.613235 0.075817 0.010294 0.036601
0 0.621324 0.064052 0.010294 0.036601
2 0.651471 0.018301 0.058824 0.036601
0 0.465809 0.153595 0.011029 0.032680
0 0.495221 0.033987 0.011029 0.028758
0 0.639338 0.058824 0.006618 0.031373
0 0.636397 0.043137 0.011029 0.018301
0 0.693015 0.016340 0.011029 0.032680
0 0.704779 0.016340 0.011029 0.032680
2 0.936029 0.324837 0.061765 0.064052
2 0.941544 0.237255 0.077206 0.058824
2 0.973162 0.176471 0.053676 0.057516
2 0.966544 0.088235 0.063971 0.056209
0 0.466176 0.300000 0.016176 0.024837