2 0.780882 0.318301 0.019118 0.011765
2 0.785662 0.323529 0.022794 0.014379
2 0.770221 0.330719 0.022794 0.020915
2 0.834191 0.325490 0.009559 0.015686
0 0.855147 0.340523 0.004412 0.016993
2 0.884191 0.347059 0.024265 0.016993
0 0.904044 0.363399 0.005147 0.018301
2 0.781618 0.362745 0.016176 0.022222
2 0.766544 0.356863 0.013971 0.018301
0 0.794118 0.425490 0.007353 0.027451
2 0.830515 0.392157 0.025735 0.020915
2 0.827941 0.406536 0.038235 0.023529
2 0.826838 0.420261 0.037500 0.024837
2 0.805147 0.456209 0.023529 0.031373
2 0.739338 0.475817 0.024265 0.039216
2 0.734559 0.391503 0.016176 0.024837
0 0.145221 0.362745 0.003676 0.016993
0 0.430515 0.822222 0.016912 0.075817
2 0.410294 0.739216 0.075000 0.105882
0 0.301471 0.891503 0.016176 0.081046
2 0.249265 0.921569 0.107353 0.138562
0 0.512500 0.957516 0.022059 0.084967
0 0.897794 0.523529 0.011765 0.022222
0 0.908824 0.526797 0.011765 0.026144