2 0.319010 0.983333 0.038021 0.033333
2 0.278125 0.965278 0.044792 0.069444
2 0.302083 0.858333 0.034375 0.079630
2 0.340365 0.918519 0.041146 0.094444
2 0.348698 0.837037 0.036979 0.072222
2 0.382031 0.697222 0.025521 0.048148
2 0.340625 0.747222 0.044792 0.064815
2 0.454427 0.733796 0.023438 0.049074
2 0.400521 0.604167 0.019792 0.036111
0 0.039062 0.960648 0.020833 0.026852
0 0.030990 0.987037 0.015104 0.025926
0 0.155469 0.954167 0.014063 0.045370
0 0.012240 0.898611 0.011979 0.043519
0 0.037500 0.898611 0.012500 0.041667
0 0.079167 0.776852 0.008333 0.038889
0 0.140885 0.686111 0.007812 0.033333
0 0.150260 0.682870 0.006771 0.034259
0 0.194271 0.694907 0.007292 0.028704
0 0.125000 0.658796 0.008333 0.032407
0 0.011198 0.683333 0.009896 0.018519
0 0.015365 0.670833 0.009896 0.019444
0 0.039583 0.596759 0.006250 0.028704
0 0.111979 0.601389 0.006250 0.028704
0 0.135156 0.602778 0.005729 0.024074
0 0.151562 0.576852 0.005208 0.018519
0 0.058594 0.565741 0.006771 0.022222
0 0.197917 0.537963 0.004167 0.020370
0 0.113802 0.551852 0.003646 0.020370
0 0.067187 0.910185 0.009375 0.037037
0 0.071615 0.897685 0.005729 0.017593
0 0.082292 0.863889 0.010417 0.038889
0 0.072396 0.860185 0.005208 0.027778
0 0.077083 0.861111 0.008333 0.027778
0 0.084635 0.743519 0.007812 0.038889
0 0.011719 0.759259 0.011979 0.025926
0 0.026562 0.747222 0.011458 0.022222
0 0.048177 0.756019 0.011979 0.039815
0 0.032813 0.734259 0.007292 0.020370
0 0.160677 0.925000 0.006771 0.027778
0 0.169271 0.916204 0.008333 0.045370
0 0.018229 0.646759 0.007292 0.021296
0 0.077083 0.710185 0.009375 0.024074
0 0.093490 0.702778 0.005729 0.033333
0 0.121615 0.615278 0.005729 0.017593
2 0.078125 0.689352 0.014583 0.019444
0 0.073958 0.609722 0.005208 0.013889
0 0.074479 0.603241 0.006250 0.025000
0 0.076042 0.579630 0.008333 0.025926
0 0.084896 0.594907 0.007292 0.021296
0 0.130469 0.585648 0.005729 0.015741
0 0.139844 0.571759 0.005729 0.025000
0 0.150000 0.631944 0.010417 0.026852
0 0.188021 0.640741 0.008333 0.018519
0 0.192969 0.656944 0.008854 0.019444
0 0.247656 0.701852 0.004687 0.018519
0 0.253385 0.707407 0.007812 0.027778
0 0.207552 0.586574 0.007812 0.017593
0 0.414323 0.682407 0.006771 0.018519
0 0.421615 0.601389 0.005729 0.019444
0 0.469010 0.555093 0.005729 0.019444
0 0.470313 0.630093 0.007292 0.013889
0 0.405729 0.663889 0.006250 0.016667
0 0.257031 0.696759 0.006771 0.028704
0 0.184115 0.598148 0.007812 0.018519
0 0.190104 0.602315 0.006250 0.025000
0 0.140885 0.545833 0.006771 0.026852
0 0.065104 0.547685 0.008333 0.025000
0 0.069271 0.550463 0.004167 0.019444
0 0.068750 0.541204 0.005208 0.019444
0 0.064062 0.547222 0.005208 0.018519
0 0.106510 0.546296 0.004687 0.018519
0 0.112500 0.531019 0.006250 0.017593
0 0.123177 0.525463 0.005729 0.017593
0 0.140365 0.522685 0.005729 0.015741
0 0.113542 0.521296 0.005208 0.020370
0 0.043490 0.523611 0.006771 0.017593
0 0.049740 0.522222 0.006771 0.016667
0 0.322917 0.605093 0.005208 0.017593
0 0.178906 0.549537 0.006771 0.023148
0 0.174479 0.549074 0.004167 0.012963
0 0.172656 0.536111 0.006771 0.016667
0 0.160938 0.514352 0.004167 0.021296
2 0.159375 0.518519 0.015625 0.012963
0 0.167187 0.506481 0.003125 0.018519
0 0.164323 0.507870 0.003646 0.019444
0 0.186979 0.490278 0.005208 0.012037
0 0.214583 0.529167 0.005208 0.013889
0 0.237240 0.535185 0.005729 0.016667
0 0.239583 0.532407 0.005208 0.016667
0 0.259375 0.540278 0.007292 0.023148
0 0.391146 0.563889 0.007292 0.025926
0 0.313542 0.798148 0.009375 0.022222
0 0.314583 0.787037 0.006250 0.020370
0 0.401302 0.630093 0.005729 0.026852
0 0.406771 0.632407 0.004167 0.024074
0 0.451302 0.505556 0.004687 0.014815
0 0.466406 0.512037 0.005729 0.014815
2 0.501823 0.624074 0.035937 0.051852
0 0.402604 0.576852 0.006250 0.016667
0 0.400000 0.576389 0.003125 0.008333
0 0.273438 0.539815 0.007292 0.020370
0 0.468490 0.667130 0.006771 0.017593
0 0.025521 0.899537 0.007292 0.037963
0 0.027604 0.890278 0.006250 0.017593
0 0.063802 0.755093 0.005729 0.017593
0 0.068490 0.747222 0.006771 0.022222