2 0.079044 0.902614 0.158088 0.155556
2 0.219485 0.828758 0.166912 0.162092
0 0.048897 0.744444 0.030147 0.095425
0 0.064338 0.739869 0.030147 0.096732
0 0.293015 0.598039 0.019853 0.069281
0 0.275368 0.528105 0.021324 0.044444
0 0.278676 0.492157 0.014706 0.037908
0 0.278676 0.439216 0.013235 0.044444
0 0.323529 0.520261 0.017647 0.039216
0 0.402206 0.485621 0.016176 0.045752
2 0.339338 0.580392 0.086029 0.109804
2 0.335662 0.494771 0.049265 0.082353
2 0.286029 0.390850 0.041176 0.054902
2 0.275368 0.360784 0.033088 0.047059
2 0.261397 0.327451 0.033088 0.045752
2 0.253309 0.308497 0.025735 0.041830
2 0.240074 0.287582 0.025735 0.041830
2 0.259559 0.273203 0.019118 0.039216
0 0.271691 0.281699 0.009559 0.035294
0 0.328309 0.365359 0.009559 0.030065
2 0.491176 0.810458 0.094118 0.198693
2 0.536765 0.594118 0.083824 0.108497
0 0.558824 0.567320 0.016176 0.057516
0 0.588235 0.633987 0.016176 0.091503
0 0.621691 0.760131 0.024265 0.100654
0 0.616544 0.740523 0.021324 0.092810
2 0.689706 0.560131 0.092647 0.103268
2 0.547059 0.429412 0.054412 0.061438
0 0.620221 0.356209 0.008088 0.040523
0 0.866544 0.647059 0.028676 0.083660
0 0.888971 0.657516 0.014706 0.033987
0 0.980147 0.644444 0.029412 0.081046
0 0.959926 0.619608 0.021324 0.073203
2 0.673897 0.322876 0.034559 0.039216
2 0.729779 0.366013 0.059559 0.047059
2 0.781250 0.398039 0.063971 0.050980
0 0.837868 0.400000 0.013971 0.031373
2 0.854412 0.415686 0.055882 0.054902
0 0.917647 0.352941 0.013235 0.041830
0 0.933456 0.357516 0.011029 0.035294
0 0.941544 0.351634 0.009559 0.039216
2 0.912868 0.430065 0.053676 0.057516
2 0.967647 0.461438 0.058824 0.065359