2 0.301471 0.754902 0.047059 0.077124
2 0.117279 0.935948 0.084559 0.128105
2 0.086029 0.815033 0.086765 0.077124
2 0.124632 0.733333 0.040441 0.086275
2 0.165074 0.621569 0.040441 0.064052
2 0.431250 0.500654 0.046324 0.031373
2 0.339338 0.453595 0.033088 0.028758
2 0.245956 0.443137 0.022794 0.039216
2 0.177206 0.501961 0.035294 0.033987
2 0.037500 0.571242 0.063235 0.054902
2 0.305515 0.405229 0.012500 0.026144
2 0.306985 0.352941 0.013971 0.018301
2 0.015074 0.426797 0.030147 0.024837
2 0.019853 0.416993 0.035294 0.018301
2 0.098162 0.470588 0.027206 0.039216
2 0.051103 0.486275 0.040441 0.036601
2 0.133088 0.364706 0.017647 0.023529
2 0.179412 0.383660 0.013235 0.019608
2 0.169118 0.356863 0.016176 0.023529
2 0.190809 0.335294 0.025735 0.016993
2 0.230882 0.360784 0.025000 0.018301
2 0.275368 0.324183 0.011029 0.020915
2 0.319118 0.341176 0.010294 0.018301
2 0.322059 0.320915 0.010294 0.016993
2 0.342647 0.330065 0.013235 0.014379
2 0.398162 0.322876 0.011029 0.013072
2 0.345956 0.273203 0.006618 0.010458
2 0.340441 0.261438 0.005882 0.007843
2 0.330147 0.263399 0.005882 0.009150
2 0.333456 0.254902 0.005147 0.007843
2 0.343750 0.223529 0.003676 0.005229
2 0.351838 0.217647 0.003676 0.009150
0 0.735662 0.469935 0.006618 0.022222
0 0.741176 0.465359 0.005882 0.020915
2 0.827574 0.358170 0.009559 0.018301
2 0.827206 0.307190 0.007353 0.013072
2 0.904044 0.362092 0.009559 0.015686