0 0.166146 0.740741 0.011458 0.048148
2 0.219792 0.959259 0.085417 0.081481
2 0.233854 0.889815 0.059375 0.098148
2 0.287500 0.778704 0.045833 0.087037
2 0.385937 0.784259 0.036458 0.094444
2 0.406771 0.476852 0.013542 0.027778
2 0.405208 0.592593 0.025000 0.048148
2 0.429167 0.496296 0.018750 0.033333
2 0.439063 0.450000 0.013542 0.029630
2 0.457813 0.399074 0.011458 0.016667
0 0.605729 0.575000 0.005208 0.027778
0 0.608333 0.561111 0.006250 0.029630
0 0.631771 0.594444 0.007292 0.025926
2 0.532292 0.567593 0.022917 0.038889
0 0.569271 0.402778 0.003125 0.016667
0 0.565625 0.464815 0.004167 0.022222
0 0.559896 0.461111 0.005208 0.022222
2 0.583333 0.394444 0.022917 0.014815
2 0.543750 0.393519 0.022917 0.016667
2 0.528125 0.386111 0.018750 0.012963
2 0.490104 0.386111 0.019792 0.012963
0 0.496354 0.381481 0.003125 0.014815
2 0.502604 0.401852 0.011458 0.018519
2 0.495312 0.391667 0.007292 0.012963