2 0.812132 0.624837 0.040441 0.091503
2 0.909191 0.437255 0.034559 0.050980
2 0.797794 0.220261 0.016176 0.024837
2 0.801838 0.186275 0.015441 0.022222
2 0.802574 0.136601 0.011029 0.016993
2 0.780515 0.130719 0.009559 0.015686
2 0.783456 0.111765 0.008088 0.014379
2 0.836765 0.124837 0.010294 0.014379
2 0.797794 0.074510 0.007353 0.010458
2 0.813603 0.086275 0.008088 0.010458
2 0.830882 0.085621 0.008824 0.009150
2 0.813603 0.070588 0.006618 0.010458
2 0.831250 0.102614 0.008088 0.014379
2 0.798162 0.265359 0.016912 0.028758
2 0.731250 0.128758 0.009559 0.016993
2 0.734926 0.120261 0.009559 0.015686
2 0.885294 0.154248 0.011765 0.018301
2 0.910294 0.167320 0.013235 0.023529
2 0.926471 0.178431 0.013235 0.019608
2 0.913603 0.123529 0.018382 0.014379
2 0.828676 0.057516 0.005882 0.013072
2 0.821324 0.052288 0.005882 0.010458
0 0.988235 0.262745 0.005882 0.026144
0 0.861765 0.264706 0.005882 0.024837
0 0.856250 0.260784 0.008088 0.024837
0 0.704044 0.192157 0.003676 0.018301
0 0.701838 0.190850 0.003676 0.018301
0 0.665074 0.203268 0.003676 0.022222
0 0.660294 0.198693 0.004412 0.020915
0 0.648529 0.216993 0.005882 0.023529
0 0.639338 0.220261 0.003676 0.016993
0 0.636029 0.218301 0.005882 0.023529
0 0.354412 0.510458 0.010294 0.043137
0 0.377206 0.526797 0.011765 0.047059
0 0.397059 0.568627 0.010294 0.049673
0 0.278309 0.501307 0.009559 0.043137
0 0.236397 0.516340 0.011029 0.026144
0 0.445956 0.913725 0.012500 0.073203
0 0.463603 0.936601 0.015441 0.074510
0 0.494853 0.947059 0.013235 0.071895
0 0.508088 0.957516 0.013235 0.050980
0 0.599632 0.916340 0.016912 0.062745
0 0.609559 0.912418 0.010294 0.036601
2 0.057353 0.733333 0.104412 0.088889
2 0.151838 0.667320 0.081618 0.092810
2 0.205882 0.625490 0.070588 0.079739
2 0.244118 0.716340 0.073529 0.117647
2 0.362868 0.736601 0.097794 0.082353
2 0.288971 0.550980 0.069118 0.066667
2 0.409191 0.667974 0.078676 0.081046
2 0.422794 0.622876 0.082353 0.069281
2 0.487500 0.535948 0.077941 0.060131
2 0.586765 0.510458 0.063235 0.069281
2 0.532353 0.471895 0.060294 0.054902
2 0.599265 0.460131 0.050000 0.052288
2 0.633088 0.418954 0.025000 0.050980
2 0.645221 0.349673 0.027206 0.056209
2 0.655147 0.316340 0.045588 0.033987
2 0.646691 0.305882 0.038971 0.031373
2 0.634559 0.297386 0.033824 0.035294
2 0.572426 0.245098 0.021324 0.040523
2 0.506250 0.223529 0.028676 0.026144
2 0.398529 0.200000 0.032353 0.023529
2 0.402574 0.140523 0.024265 0.016993
2 0.483088 0.150980 0.025000 0.019608
2 0.615441 0.152288 0.023529 0.014379
2 0.632721 0.149020 0.022794 0.018301
2 0.437132 0.406536 0.025735 0.047059
2 0.383456 0.439216 0.058088 0.054902
2 0.469118 0.569935 0.085294 0.086275
0 0.357353 0.375817 0.005882 0.032680
0 0.349632 0.362092 0.008088 0.026144
0 0.376471 0.383007 0.007353 0.033987
0 0.401838 0.384967 0.008088 0.035294
0 0.413971 0.377778 0.007353 0.033987
0 0.412132 0.244444 0.005147 0.026144
0 0.394485 0.258824 0.005147 0.026144
0 0.440074 0.215033 0.005147 0.024837
0 0.447059 0.211765 0.004412 0.020915
0 0.454412 0.211765 0.004412 0.020915
0 0.487500 0.253595 0.004412 0.023529
0 0.510662 0.261438 0.006618 0.026144
0 0.519485 0.252941 0.003676 0.024837
0 0.520956 0.420261 0.008088 0.032680
0 0.478309 0.252941 0.005147 0.024837
0 0.627574 0.249673 0.003676 0.018301
0 0.625368 0.201307 0.005147 0.018301
0 0.573529 0.222222 0.004412 0.015686
0 0.945588 0.188235 0.004412 0.020915
0 0.935662 0.179739 0.003676 0.019608
0 0.937868 0.162092 0.005147 0.018301
0 0.867647 0.181046 0.004412 0.014379
0 0.877941 0.183007 0.004412 0.010458
0 0.856985 0.151634 0.003676 0.010458
0 0.772794 0.138562 0.002941 0.010458
0 0.658824 0.113725 0.002941 0.015686
0 0.647426 0.110458 0.003676 0.014379
0 0.990074 0.311765 0.005147 0.024837
0 0.992647 0.307843 0.004412 0.024837
0 0.997426 0.314379 0.005147 0.030065