2 0.304948 0.786111 0.040104 0.079630
2 0.411458 0.737500 0.042708 0.078704
2 0.518490 0.802315 0.055729 0.082407
2 0.344792 0.962500 0.048958 0.075000
2 0.262500 0.962500 0.044792 0.075000
2 0.454688 0.650463 0.033333 0.049074
2 0.345052 0.617593 0.029687 0.057407
2 0.514323 0.688426 0.047396 0.069444
2 0.579167 0.732407 0.053125 0.074074
0 0.130729 0.906481 0.014583 0.051852
0 0.030990 0.652315 0.013021 0.037963
2 0.517188 0.614352 0.033333 0.045370
2 0.445312 0.555093 0.029167 0.037963
2 0.405729 0.532870 0.026042 0.034259
2 0.457031 0.524537 0.027604 0.036111
2 0.393750 0.496296 0.022917 0.031481
2 0.402344 0.468519 0.021354 0.029630
2 0.417448 0.454630 0.021354 0.029630
2 0.378385 0.460648 0.020313 0.026852
2 0.380469 0.411111 0.018229 0.025926
2 0.383333 0.393981 0.015625 0.021296
2 0.371354 0.368981 0.012500 0.017593
2 0.338802 0.382407 0.014063 0.020370
2 0.332292 0.361111 0.013542 0.018519
2 0.353906 0.347222 0.015104 0.018519
2 0.332031 0.335648 0.011979 0.017593
2 0.317969 0.340278 0.013021 0.017593
2 0.325260 0.319444 0.010937 0.014815
2 0.306250 0.317593 0.011458 0.014815
2 0.330729 0.307407 0.010417 0.014815
2 0.312500 0.298611 0.010417 0.013889
2 0.316667 0.287963 0.010417 0.012963
2 0.253906 0.403704 0.014063 0.029630
2 0.248177 0.374074 0.011979 0.027778
2 0.323698 0.280093 0.008854 0.012037
2 0.297917 0.275926 0.008333 0.012963
0 0.783854 0.750463 0.010417 0.037963
0 0.662240 0.663889 0.008854 0.033333
0 0.731771 0.705556 0.007292 0.031481
0 0.758073 0.712037 0.008854 0.025926
0 0.708594 0.643056 0.009896 0.041667
0 0.607292 0.561574 0.008333 0.028704
0 0.601562 0.555093 0.004167 0.025000
0 0.596615 0.504630 0.006771 0.027778
0 0.076823 0.562963 0.005729 0.033333
0 0.069271 0.552315 0.008333 0.025000
2 0.041927 0.548148 0.054688 0.037037
0 0.047396 0.466667 0.005208 0.024074
2 0.303125 0.266204 0.008333 0.010185
2 0.310937 0.261111 0.007292 0.011111
2 0.290365 0.263426 0.007812 0.012037
2 0.296615 0.254167 0.007812 0.010185
2 0.275000 0.250463 0.007292 0.010185
0 0.005990 0.578241 0.008854 0.026852
0 0.009115 0.560648 0.006771 0.028704
2 0.012240 0.524074 0.024479 0.040741
2 0.010156 0.498611 0.020313 0.028704
0 0.035677 0.447222 0.006771 0.024074
0 0.207031 0.430093 0.004687 0.017593
0 0.195573 0.412500 0.005729 0.015741