0 0.180729 0.507870 0.009375 0.060185
0 0.160417 0.525000 0.013542 0.061111
0 0.103125 0.583333 0.021875 0.070370
0 0.043490 0.662037 0.035937 0.075926
0 0.068750 0.704630 0.022917 0.096296
0 0.080729 0.687963 0.022917 0.085185
0 0.031771 0.805556 0.025000 0.094444
2 0.174219 0.655093 0.140104 0.112037
0 0.292448 0.866667 0.027604 0.081481
2 0.345052 0.722685 0.149479 0.121296
0 0.722135 0.725000 0.032813 0.088889
0 0.622135 0.645833 0.022396 0.058333
0 0.391406 0.577778 0.018229 0.070370
0 0.411979 0.567130 0.014583 0.069444
0 0.415885 0.557407 0.009896 0.062963
2 0.539062 0.613889 0.106250 0.105556
2 0.528906 0.507407 0.063021 0.100000
2 0.704688 0.566204 0.111458 0.095370
2 0.652604 0.475000 0.070833 0.092593
2 0.636458 0.393519 0.055208 0.070370
2 0.557031 0.324074 0.047396 0.059259
2 0.509115 0.275463 0.049479 0.043519
2 0.453125 0.250926 0.060417 0.042593
2 0.624479 0.237500 0.026042 0.039815
2 0.637760 0.279630 0.034896 0.051852
2 0.347135 0.269444 0.060937 0.040741
2 0.174479 0.181944 0.046875 0.041667
2 0.103385 0.184722 0.033854 0.036111
2 0.066146 0.202778 0.038542 0.038889
2 0.068229 0.163889 0.043750 0.033333
2 0.027604 0.152315 0.037500 0.028704
2 0.261979 0.216667 0.051042 0.037037
2 0.355990 0.235185 0.056771 0.038889
2 0.570573 0.154167 0.019271 0.034259
0 0.454167 0.216667 0.005208 0.027778
0 0.138021 0.218519 0.009375 0.038889
0 0.165104 0.221759 0.009375 0.034259
0 0.199219 0.215278 0.007812 0.026852
0 0.164062 0.345833 0.013542 0.050926
0 0.171875 0.348148 0.013542 0.044444
0 0.211198 0.335185 0.011979 0.046296
0 0.221354 0.337500 0.008333 0.043519
0 0.401042 0.325926 0.011458 0.048148
0 0.478906 0.485185 0.010937 0.059259
0 0.492448 0.492593 0.015104 0.051852
0 0.515104 0.450926 0.013542 0.051852
0 0.509115 0.418981 0.014063 0.045370
0 0.461979 0.387037 0.010417 0.048148
0 0.456510 0.343056 0.010937 0.050926
0 0.472917 0.270370 0.009375 0.038889
0 0.484115 0.284259 0.010937 0.038889
0 0.511198 0.313426 0.010937 0.037963
0 0.520312 0.303704 0.009375 0.033333
0 0.576823 0.381481 0.013021 0.050000
0 0.588542 0.350000 0.009375 0.040741
0 0.603385 0.345370 0.011979 0.037037
0 0.591406 0.437037 0.011979 0.050000
0 0.588542 0.434722 0.012500 0.039815
0 0.654948 0.337963 0.013021 0.038889
0 0.693750 0.343519 0.012500 0.040741
0 0.734896 0.357870 0.012500 0.041667
0 0.748177 0.406481 0.014063 0.042593
0 0.790885 0.421759 0.016146 0.043519
0 0.811979 0.427315 0.012500 0.043519
0 0.679948 0.178704 0.006771 0.029630
0 0.642708 0.197685 0.005208 0.030556
0 0.582812 0.158333 0.005208 0.029630
0 0.588021 0.161574 0.005208 0.028704
0 0.594531 0.145833 0.005729 0.023148
0 0.598698 0.139815 0.005729 0.024074
0 0.619531 0.286111 0.010937 0.033333
0 0.297917 0.232407 0.008333 0.031481
0 0.322135 0.232407 0.010937 0.029630
0 0.917969 0.353241 0.013021 0.041667
0 0.889844 0.443056 0.016146 0.052778
0 0.911198 0.577778 0.018229 0.057407