2 0.106250 0.442484 0.087500 0.113725
2 0.354779 0.613072 0.124265 0.115033
2 0.875368 0.154902 0.053676 0.066667
0 0.199632 0.270588 0.013971 0.049673
2 0.218750 0.937255 0.106618 0.125490
2 0.764706 0.549673 0.092647 0.111111
2 0.880147 0.224837 0.063235 0.065359
2 0.907721 0.321569 0.066912 0.078431
2 0.836397 0.010458 0.041912 0.020915
2 0.914338 0.018301 0.037500 0.036601
2 0.627941 0.150327 0.057353 0.078431
2 0.758088 0.046405 0.047059 0.043137
2 0.783824 0.084314 0.048529 0.048366
2 0.736397 0.102614 0.052206 0.061438
2 0.691912 0.359477 0.072059 0.081046
2 0.629044 0.335294 0.077206 0.084967
2 0.582353 0.450327 0.091176 0.100654
0 0.953309 0.082353 0.011029 0.031373
0 0.955882 0.083660 0.010294 0.028758
0 0.408824 0.347059 0.014706 0.056209
0 0.372426 0.303268 0.012500 0.052288
0 0.365809 0.311111 0.015441 0.060131