2 0.580147 0.931373 0.114706 0.116340
0 0.681985 0.918301 0.019853 0.066667
0 0.613603 0.809150 0.012500 0.047059
0 0.590074 0.722876 0.015441 0.052288
0 0.574632 0.772549 0.018382 0.052288
2 0.183456 0.849020 0.063971 0.189542
0 0.081250 0.864706 0.027206 0.053595
2 0.060662 0.424183 0.043382 0.103268
0 0.482353 0.607190 0.011765 0.048366
0 0.346691 0.464052 0.011029 0.047059
0 0.369485 0.415686 0.013971 0.031373
0 0.305147 0.464052 0.010294 0.044444
0 0.284926 0.435294 0.008088 0.041830
0 0.282721 0.408497 0.013971 0.048366
0 0.258824 0.409150 0.013235 0.023529
0 0.286397 0.309804 0.008088 0.031373
2 0.310294 0.179085 0.044118 0.062745
0 0.295956 0.085621 0.009559 0.022222
0 0.285662 0.013072 0.008088 0.026144
2 0.914338 0.768627 0.078676 0.083660
2 0.725735 0.628105 0.080882 0.090196
0 0.581985 0.524183 0.012500 0.044444
0 0.488235 0.483007 0.011765 0.040523
0 0.462868 0.464052 0.011029 0.044444
0 0.487868 0.450327 0.011029 0.040523
0 0.478309 0.418301 0.012500 0.041830
0 0.515809 0.442484 0.008088 0.037908
0 0.525000 0.437908 0.010294 0.041830
0 0.533088 0.418301 0.008824 0.036601
0 0.525368 0.420261 0.009559 0.035294
0 0.494485 0.273203 0.011029 0.036601
0 0.548162 0.311111 0.003676 0.018301
0 0.436397 0.226797 0.008088 0.024837
0 0.533088 0.214379 0.011765 0.031373
0 0.540074 0.209804 0.009559 0.030065
0 0.598529 0.266667 0.008824 0.036601
0 0.629044 0.270588 0.011029 0.039216
0 0.627206 0.265359 0.008824 0.036601
0 0.645588 0.269935 0.010294 0.037908
0 0.601838 0.400000 0.009559 0.033987
0 0.626103 0.387582 0.011029 0.030065
0 0.684191 0.362092 0.011029 0.033987
0 0.713235 0.369281 0.010294 0.043137
0 0.724632 0.350327 0.011029 0.044444
0 0.732353 0.338562 0.011765 0.044444
0 0.726103 0.375817 0.011029 0.040523
0 0.737132 0.379085 0.011029 0.047059
2 0.717279 0.247059 0.044853 0.083660
2 0.763603 0.249020 0.062500 0.071895
2 0.836397 0.299346 0.071324 0.062745
0 0.853309 0.258170 0.012500 0.035294
0 0.886765 0.314379 0.014706 0.037908
0 0.822426 0.347712 0.013971 0.041830
2 0.825735 0.595425 0.092647 0.084967
2 0.886397 0.458170 0.078676 0.071895
2 0.975000 0.422876 0.050000 0.069281
2 0.980147 0.516993 0.039706 0.071895
0 0.966176 0.287582 0.011765 0.044444