2 0.477941 0.399346 0.004412 0.009150
2 0.506250 0.381699 0.005147 0.007843
2 0.510294 0.370588 0.002941 0.006536
2 0.453676 0.444444 0.017647 0.010458
2 0.458088 0.439216 0.014706 0.010458
2 0.452941 0.465359 0.014706 0.013072
2 0.539706 0.405882 0.010294 0.009150
2 0.574632 0.466667 0.018382 0.013072
2 0.579779 0.459477 0.015441 0.009150
2 0.588603 0.494118 0.019853 0.013072
0 0.638603 0.575817 0.003676 0.022222
0 0.648162 0.579085 0.003676 0.020915
0 0.653309 0.577778 0.002206 0.018301
2 0.699265 0.605229 0.035294 0.026144
2 0.688603 0.594118 0.031618 0.022222
2 0.740074 0.628105 0.036029 0.024837
0 0.814338 0.618954 0.006618 0.022222
2 0.901103 0.619608 0.027206 0.026144
2 0.870588 0.618301 0.026471 0.026144
2 0.927206 0.621569 0.029412 0.035294
2 0.700735 0.722876 0.048529 0.036601
0 0.662132 0.687582 0.008088 0.020915
0 0.680515 0.703922 0.006618 0.019608
0 0.730882 0.653595 0.005882 0.028758
2 0.880147 0.749673 0.048529 0.024837
2 0.927941 0.715686 0.054412 0.030065
2 0.962868 0.754902 0.053676 0.032680
2 0.976471 0.737255 0.047059 0.031373
0 0.963971 0.694118 0.007353 0.020915
0 0.988971 0.703268 0.010294 0.020915
0 0.874632 0.924183 0.008088 0.052288
2 0.970956 0.871242 0.058088 0.050980
2 0.985294 0.964052 0.029412 0.069281
0 0.547426 0.965359 0.009559 0.035294
0 0.553309 0.866667 0.011029 0.033987
0 0.547059 0.811111 0.008824 0.030065
0 0.502941 0.802614 0.008824 0.031373
2 0.466544 0.983007 0.030147 0.033987
2 0.354779 0.803922 0.059559 0.047059
2 0.389706 0.774510 0.057353 0.050980
2 0.465074 0.696078 0.036029 0.030065
2 0.534191 0.712418 0.047794 0.033987
2 0.454412 0.639216 0.017647 0.031373
0 0.429779 0.641176 0.005147 0.027451
0 0.418750 0.637908 0.005147 0.023529
0 0.536765 0.637908 0.002941 0.023529
2 0.240074 0.983007 0.077206 0.033987
2 0.238235 0.799346 0.060294 0.045752
2 0.226103 0.762092 0.061029 0.044444
0 0.241544 0.686275 0.008088 0.020915
0 0.312500 0.649020 0.005882 0.030065
0 0.403676 0.628758 0.004412 0.023529
0 0.398529 0.627451 0.004412 0.020915
0 0.393015 0.626144 0.005147 0.026144