2 0.291667 0.491667 0.045833 0.035185
2 0.422917 0.546296 0.043750 0.037037
2 0.507292 0.467593 0.033333 0.035185
2 0.523438 0.406481 0.030208 0.027778
2 0.511458 0.362037 0.027083 0.031481
2 0.575000 0.373148 0.022917 0.024074
2 0.615625 0.365741 0.025000 0.024074
2 0.577604 0.343519 0.026042 0.027778
2 0.663542 0.331481 0.022917 0.022222
2 0.742188 0.375926 0.023958 0.022222
2 0.910417 0.253704 0.014583 0.018519
2 0.259375 0.748148 0.037500 0.040741
0 0.502083 0.677778 0.008333 0.037037
0 0.577083 0.697222 0.008333 0.024074
0 0.682813 0.692593 0.007292 0.025926
0 0.974479 0.611111 0.007292 0.022222
0 0.987500 0.614815 0.008333 0.022222
0 0.871875 0.530556 0.006250 0.024074
0 0.880208 0.537963 0.008333 0.020370
0 0.773958 0.555556 0.004167 0.018519
0 0.777604 0.555556 0.005208 0.022222
0 0.764062 0.512037 0.007292 0.020370
0 0.774479 0.501852 0.007292 0.022222
0 0.582292 0.471296 0.006250 0.020370
0 0.617708 0.431481 0.006250 0.018519
0 0.767708 0.312037 0.004167 0.012963
0 0.888021 0.278704 0.003125 0.012963
2 0.929167 0.162037 0.014583 0.012963
2 0.737500 0.304630 0.020833 0.020370
2 0.271354 0.426852 0.038542 0.031481
0 0.217188 0.473148 0.009375 0.020370
0 0.368229 0.247222 0.005208 0.020370
0 0.084375 0.417593 0.006250 0.024074
0 0.067708 0.422222 0.006250 0.029630