0 0.038235 0.590196 0.013235 0.056209
0 0.093382 0.546405 0.008824 0.036601
2 0.104779 0.439216 0.075735 0.039216
2 0.130882 0.336601 0.041176 0.024837
2 0.090441 0.351634 0.045588 0.028758
2 0.087132 0.292157 0.031618 0.024837
2 0.111765 0.281699 0.033824 0.022222
2 0.049265 0.311765 0.041176 0.032680
2 0.017647 0.314379 0.033824 0.032680
2 0.179044 0.541830 0.049265 0.061438
2 0.228309 0.577778 0.037500 0.075817
2 0.269485 0.608497 0.066912 0.084967
2 0.315074 0.620261 0.063971 0.079739
2 0.383824 0.632026 0.063235 0.082353
2 0.434559 0.655556 0.058824 0.082353
2 0.490441 0.671242 0.054412 0.077124
2 0.530147 0.685621 0.052941 0.087582
2 0.578676 0.692157 0.050000 0.084967
2 0.690074 0.746405 0.052206 0.096732
2 0.757721 0.758824 0.055147 0.098039
0 0.795588 0.816340 0.013235 0.071895
0 0.810294 0.844444 0.016176 0.073203
0 0.819485 0.826797 0.015441 0.069281
2 0.628676 0.722876 0.054412 0.081046
0 0.651838 0.744444 0.021324 0.066667
2 0.084926 0.898039 0.118382 0.172549
2 0.188235 0.800000 0.027941 0.049673
0 0.225368 0.718954 0.015441 0.060131
0 0.408088 0.737255 0.014706 0.057516
0 0.409559 0.711765 0.008824 0.040523
0 0.521324 0.841176 0.019118 0.071895
0 0.539338 0.839216 0.018382 0.073203
0 0.565074 0.832026 0.016912 0.071895
0 0.603676 0.813725 0.019118 0.069281
2 0.390441 0.961438 0.107353 0.077124
2 0.490441 0.974510 0.077941 0.050980
0 0.978676 0.983007 0.022059 0.031373