0 0.626042 0.688426 0.012500 0.065741
0 0.620313 0.653704 0.017708 0.070370
0 0.486719 0.589352 0.010937 0.047222
2 0.472656 0.453704 0.026562 0.046296
0 0.541406 0.462037 0.009896 0.031481
0 0.515625 0.389815 0.007292 0.027778
2 0.472917 0.298611 0.013542 0.019444
0 0.456771 0.301852 0.004167 0.016667
0 0.447656 0.296759 0.003646 0.015741
2 0.462760 0.258333 0.008854 0.012963
2 0.221354 0.201389 0.010417 0.008333
2 0.535156 0.275463 0.026562 0.013889
2 0.413802 0.217130 0.006771 0.008333
2 0.420833 0.217593 0.006250 0.009259
2 0.425000 0.224074 0.010417 0.009259
2 0.453125 0.221759 0.006250 0.010185
0 0.467969 0.216667 0.001563 0.009259
2 0.453906 0.215278 0.005729 0.008333
2 0.461979 0.206944 0.005208 0.008333
2 0.453906 0.205093 0.004687 0.006481
2 0.460156 0.204167 0.006771 0.006481
2 0.465625 0.200926 0.004167 0.005556
2 0.464583 0.199074 0.005208 0.005556
2 0.461458 0.195833 0.003125 0.004630
2 0.459375 0.190741 0.003125 0.005556
2 0.451302 0.196296 0.004687 0.005556