2 0.497396 0.775926 0.036458 0.111111
2 0.536458 0.693519 0.033333 0.087037
2 0.505208 0.498148 0.022917 0.051852
2 0.475000 0.431481 0.022917 0.044444
2 0.413021 0.343519 0.017708 0.042593
2 0.410938 0.280556 0.015625 0.031481
2 0.498958 0.334259 0.018750 0.031481
2 0.521875 0.350000 0.018750 0.037037
2 0.547396 0.409259 0.021875 0.040741
2 0.600521 0.555556 0.034375 0.055556
2 0.491146 0.255556 0.017708 0.033333
2 0.405729 0.245370 0.017708 0.024074
2 0.299479 0.475000 0.051042 0.038889
0 0.604167 0.632407 0.018750 0.046296
0 0.366667 0.430556 0.014583 0.031481
2 0.244792 0.593519 0.043750 0.090741
2 0.325521 0.221296 0.023958 0.027778
2 0.357812 0.212963 0.026042 0.022222
2 0.364063 0.225926 0.026042 0.022222
2 0.406771 0.203704 0.026042 0.022222
0 0.413542 0.150000 0.006250 0.007407
0 0.389062 0.395370 0.009375 0.020370
0 0.511979 0.277778 0.007292 0.007407
0 0.435937 0.247222 0.007292 0.009259
0 0.532292 0.306481 0.006250 0.016667
0 0.532292 0.294444 0.008333 0.025926
0 0.297396 0.288889 0.007292 0.014815
0 0.300000 0.285185 0.006250 0.014815
0 0.290104 0.486111 0.015625 0.031481
0 0.560937 0.407407 0.007292 0.029630
2 0.815104 0.812037 0.057292 0.135185
2 0.613021 0.174074 0.021875 0.018519
2 0.632812 0.161111 0.021875 0.018519
2 0.590104 0.161111 0.021875 0.018519