2 0.221691 0.153595 0.015441 0.022222
0 0.250368 0.156209 0.005147 0.022222
2 0.238603 0.087582 0.022794 0.015686
2 0.197426 0.088235 0.024265 0.016993
0 0.388971 0.111765 0.002941 0.016993
0 0.667647 0.898693 0.017647 0.053595
2 0.726103 0.652941 0.044853 0.087582
2 0.685662 0.496078 0.037500 0.069281
2 0.787868 0.515033 0.043382 0.060131
2 0.641176 0.274510 0.025000 0.031373
2 0.601471 0.160784 0.014706 0.020915
0 0.903309 0.571895 0.012500 0.032680
0 0.916544 0.574510 0.011029 0.040523
2 0.591544 0.111765 0.012500 0.016993
2 0.550000 0.077124 0.010294 0.015686
2 0.546691 0.058170 0.009559 0.011765
2 0.540074 0.046405 0.008088 0.014379
2 0.546324 0.022222 0.005882 0.010458
2 0.526103 0.009150 0.006618 0.007843
2 0.497794 0.007190 0.005882 0.009150
0 0.782721 0.141176 0.003676 0.010458
0 0.777574 0.140523 0.005147 0.014379
2 0.932721 0.133987 0.025735 0.016993
2 0.918382 0.128105 0.020588 0.018301
2 0.911765 0.121569 0.019118 0.018301
2 0.823529 0.086275 0.020588 0.015686
2 0.936765 0.098693 0.019118 0.014379
2 0.945221 0.102614 0.015441 0.014379
2 0.953676 0.106536 0.017647 0.014379
2 0.963235 0.110458 0.020588 0.016993
2 0.987868 0.122876 0.015441 0.015686
2 0.989706 0.126144 0.013235 0.014379