0 0.642448 0.748148 0.016146 0.087037
0 0.650000 0.743056 0.012500 0.041667
2 0.483333 0.606944 0.040625 0.095370
2 0.489583 0.397685 0.035417 0.067593
2 0.217448 0.837037 0.083854 0.162963
2 0.136979 0.543056 0.067708 0.117593
2 0.255729 0.681944 0.057292 0.102778
2 0.288281 0.570370 0.054688 0.094444
2 0.314844 0.480556 0.046354 0.077778
2 0.335677 0.402778 0.034896 0.057407
2 0.354687 0.338426 0.037500 0.065741
2 0.366146 0.288426 0.032292 0.049074
2 0.369792 0.254167 0.030208 0.034259
2 0.305469 0.207870 0.028646 0.047222
0 0.006250 0.551852 0.011458 0.051852
2 0.418490 0.222685 0.022396 0.041667
2 0.455208 0.228241 0.023958 0.039815
2 0.491927 0.154630 0.018229 0.031481
2 0.455469 0.152315 0.019271 0.032407
2 0.424219 0.165741 0.021354 0.035185
2 0.430208 0.134722 0.018750 0.028704
2 0.466406 0.121759 0.021354 0.032407
2 0.489063 0.082870 0.015625 0.025000
2 0.465365 0.085185 0.017188 0.025926
2 0.441406 0.086111 0.017188 0.025926
2 0.430729 0.109259 0.020833 0.033333
0 0.554688 0.193519 0.008333 0.035185
0 0.550000 0.137037 0.008333 0.025926
2 0.740625 0.170833 0.030208 0.032407
2 0.800000 0.186111 0.041667 0.040741
2 0.872135 0.193519 0.040104 0.031481
2 0.865885 0.182870 0.046354 0.034259
2 0.936979 0.197685 0.053125 0.039815
0 0.989323 0.173611 0.008854 0.028704
0 0.986979 0.170370 0.005208 0.025926
0 0.517969 0.037963 0.004687 0.016667
2 0.472396 0.033333 0.013542 0.022222
2 0.486198 0.014352 0.011979 0.019444
2 0.494792 0.007870 0.010417 0.015741
2 0.475260 0.007870 0.009896 0.015741
2 0.454427 0.015278 0.011979 0.019444
2 0.452604 0.024074 0.012500 0.018519
2 0.450781 0.035185 0.013021 0.020370
2 0.448437 0.048148 0.013542 0.020370
2 0.445052 0.061111 0.014063 0.022222
2 0.421094 0.064815 0.017188 0.025926
2 0.345052 0.075463 0.020313 0.026852
0 0.318229 0.046296 0.004167 0.020370
0 0.342969 0.037037 0.007812 0.012963
0 0.319531 0.063889 0.005729 0.016667
0 0.265625 0.074074 0.005208 0.022222
0 0.259896 0.077778 0.006250 0.024074
0 0.239844 0.080556 0.004687 0.024074
0 0.238802 0.081019 0.008854 0.025000
2 0.209375 0.094444 0.032292 0.025926
2 0.191146 0.116204 0.031250 0.028704
2 0.170313 0.123148 0.040625 0.033333
2 0.148177 0.107407 0.039062 0.025926
2 0.140104 0.114352 0.035417 0.039815
2 0.119271 0.119907 0.034375 0.041667
2 0.080729 0.106944 0.037500 0.041667
2 0.088281 0.085648 0.043229 0.050926
2 0.032813 0.100000 0.037500 0.040741