2 0.747917 0.342593 0.033333 0.024074
2 0.330990 0.917593 0.054688 0.150000
2 0.112500 0.892130 0.128125 0.106481
2 0.278906 0.723148 0.048438 0.098148
2 0.372396 0.541667 0.029167 0.053704
2 0.318750 0.535648 0.028125 0.052778
2 0.360938 0.407870 0.018750 0.032407
0 0.494271 0.415741 0.006250 0.016667
2 0.418229 0.375000 0.019792 0.027778
2 0.372135 0.288426 0.013021 0.021296
0 0.419010 0.280556 0.002604 0.007407
0 0.414583 0.274537 0.003125 0.012037
2 0.346354 0.275000 0.011458 0.014815
2 0.350781 0.256019 0.009896 0.012037
2 0.334635 0.250000 0.009896 0.014815
2 0.340104 0.232870 0.008333 0.010185
2 0.320312 0.221296 0.007292 0.011111
2 0.283594 0.193981 0.004687 0.006481
2 0.267708 0.195833 0.004167 0.008333
2 0.280729 0.190278 0.004167 0.006481
2 0.286979 0.176852 0.004167 0.005556
2 0.274219 0.181481 0.004687 0.007407
2 0.265104 0.170370 0.003125 0.005556