2 0.401103 0.613072 0.065441 0.172549
2 0.259559 0.316340 0.061765 0.094118
2 0.169485 0.269935 0.080147 0.100654
2 0.191912 0.198693 0.041176 0.067974
2 0.239338 0.526797 0.065441 0.172549
0 0.042279 0.103922 0.015441 0.043137
0 0.074632 0.056209 0.013971 0.036601
0 0.161029 0.134641 0.011765 0.039216
0 0.464338 0.742484 0.019853 0.088889
0 0.501838 0.703922 0.019853 0.069281
0 0.475368 0.689542 0.018382 0.066667
0 0.538235 0.546405 0.014706 0.078431
0 0.559926 0.520261 0.013971 0.075817
0 0.523897 0.468627 0.016912 0.074510
0 0.549265 0.435294 0.023529 0.070588
0 0.561765 0.424183 0.013235 0.064052
0 0.571691 0.434641 0.009559 0.058824
0 0.457721 0.337255 0.012500 0.081046
0 0.405882 0.305229 0.011765 0.058824
0 0.526471 0.302614 0.011765 0.058824
0 0.405882 0.332026 0.013235 0.065359
0 0.420588 0.312418 0.013235 0.070588
0 0.427206 0.235294 0.010294 0.062745
0 0.402941 0.140523 0.008824 0.043137
0 0.332721 0.122222 0.008088 0.048366
0 0.591544 0.609150 0.021324 0.049673
0 0.555515 0.539869 0.012500 0.033987
0 0.637132 0.447712 0.016912 0.071895
0 0.676471 0.467974 0.023529 0.039216
0 0.680147 0.443137 0.017647 0.070588
0 0.805147 0.332026 0.017647 0.052288
0 0.384559 0.298039 0.014706 0.028758
0 0.370588 0.329412 0.014706 0.049673
0 0.315809 0.213072 0.016912 0.033987
0 0.426103 0.163399 0.013971 0.031373
0 0.456250 0.216340 0.015441 0.040523
0 0.493750 0.260784 0.015441 0.040523
0 0.528309 0.173203 0.015441 0.037908
0 0.518015 0.096078 0.012500 0.035294
0 0.597059 0.101961 0.011765 0.052288
0 0.638235 0.096078 0.011765 0.058824
0 0.565809 0.044444 0.011029 0.031373
0 0.522059 0.220915 0.014706 0.047059
0 0.650735 0.218301 0.014706 0.060131
0 0.625000 0.197386 0.014706 0.060131
0 0.586765 0.068627 0.007353 0.030065
0 0.602941 0.079085 0.007353 0.030065
0 0.598529 0.073856 0.007353 0.035294
0 0.880882 0.524837 0.020588 0.061438
0 0.895956 0.543791 0.019853 0.060131
0 0.912868 0.549020 0.018382 0.062745
0 0.918015 0.526797 0.028676 0.054902
0 0.904412 0.484314 0.016176 0.061438
0 0.886029 0.484967 0.016176 0.060131
0 0.876103 0.492157 0.019853 0.030065
0 0.893015 0.499346 0.015441 0.020915
0 0.912132 0.496078 0.015441 0.035294
0 0.926103 0.498693 0.015441 0.056209
0 0.926471 0.488889 0.017647 0.060131
0 0.772059 0.473856 0.016176 0.040523
2 0.622794 0.971895 0.107353 0.056209
0 0.830882 0.766667 0.017647 0.077124
0 0.850000 0.803268 0.019118 0.087582
0 0.867279 0.828758 0.018382 0.070588