2 0.009115 0.873611 0.018229 0.060185
2 0.469792 0.897222 0.060417 0.092593
0 0.614062 0.928241 0.012500 0.037963
0 0.597917 0.913889 0.015625 0.035185
0 0.440104 0.489352 0.006250 0.025000
2 0.473177 0.518981 0.026562 0.034259
2 0.588542 0.388889 0.019792 0.027778
2 0.657292 0.289352 0.015625 0.019444
2 0.722656 0.286111 0.009896 0.016667
0 0.737240 0.222222 0.003646 0.009259
2 0.729948 0.203241 0.008854 0.012037
2 0.724479 0.212963 0.008333 0.011111
2 0.919531 0.268981 0.021354 0.015741
2 0.989583 0.287500 0.018750 0.017593