2 0.298958 0.495370 0.060417 0.061111
2 0.369792 0.418519 0.052083 0.048148
2 0.492188 0.402778 0.036458 0.064815
2 0.508333 0.311111 0.027083 0.059259
0 0.408333 0.940741 0.008333 0.037037
0 0.533333 0.982407 0.012500 0.035185
2 0.867708 0.951852 0.066667 0.096296
2 0.936979 0.887963 0.078125 0.172222
2 0.827083 0.729630 0.056250 0.125926
2 0.708333 0.547222 0.037500 0.105556
2 0.871875 0.615741 0.054167 0.112963
2 0.685937 0.266667 0.028125 0.051852
2 0.673958 0.117593 0.020833 0.038889
2 0.754687 0.043519 0.030208 0.031481
2 0.827604 0.384259 0.038542 0.061111
2 0.771354 0.316667 0.030208 0.062963
2 0.782292 0.394444 0.033333 0.062963
0 0.675000 0.660185 0.014583 0.038889
0 0.675000 0.629630 0.012500 0.040741
2 0.897396 0.406481 0.044792 0.087037
2 0.856250 0.211111 0.025000 0.048148
0 0.859375 0.176852 0.012500 0.035185
2 0.853125 0.154630 0.041667 0.038889
2 0.950000 0.096296 0.045833 0.037037
2 0.931771 0.316667 0.051042 0.085185
2 0.895833 0.220370 0.029167 0.062963
2 0.912500 0.260185 0.039583 0.050000
2 0.970313 0.389815 0.044792 0.075926
2 0.987500 0.454630 0.025000 0.079630
0 0.815104 0.576852 0.019792 0.035185
0 0.817187 0.584259 0.019792 0.031481
0 0.889062 0.300000 0.009375 0.033333