2 0.411029 0.854902 0.055882 0.201307
2 0.511765 0.618301 0.044118 0.109804
2 0.376471 0.489542 0.036765 0.111111
0 0.393015 0.447059 0.009559 0.049673
2 0.504044 0.383007 0.031618 0.070588
2 0.581618 0.337255 0.030882 0.054902
2 0.621324 0.254248 0.055882 0.048366
2 0.639338 0.291503 0.065441 0.054902
2 0.526103 0.090196 0.016912 0.031373
2 0.492279 0.064052 0.016912 0.039216
2 0.483088 0.028758 0.014706 0.031373
2 0.463971 0.066667 0.016176 0.033987
2 0.437500 0.040523 0.017647 0.033987
2 0.978676 0.621569 0.042647 0.066667
0 0.459926 0.011765 0.003676 0.018301
0 0.541176 0.143137 0.005882 0.032680
0 0.536765 0.157516 0.005882 0.032680
0 0.550368 0.162745 0.005147 0.032680
0 0.556250 0.163399 0.005147 0.031373
0 0.563235 0.164706 0.005882 0.031373
0 0.565809 0.169281 0.006618 0.030065
0 0.220221 0.624837 0.018382 0.062745
0 0.202206 0.669281 0.017647 0.065359
0 0.336029 0.855556 0.014706 0.077124
0 0.320588 0.870588 0.010294 0.054902
0 0.225368 0.831373 0.015441 0.078431
0 0.607721 0.626797 0.011029 0.066667
0 0.622794 0.665359 0.013235 0.060131
0 0.642647 0.772549 0.020588 0.075817
0 0.250368 0.845752 0.018382 0.057516
0 0.498162 0.269281 0.006618 0.026144
0 0.739706 0.628105 0.013235 0.061438
0 0.754044 0.641176 0.008088 0.045752
0 0.028676 0.768627 0.020588 0.067974
0 0.291912 0.564706 0.019118 0.044444
0 0.304044 0.550980 0.011029 0.043137
0 0.158456 0.579085 0.021324 0.044444
0 0.181985 0.577124 0.006618 0.032680
0 0.104044 0.841176 0.025735 0.064052
0 0.058824 0.886275 0.022059 0.070588
0 0.039706 0.883007 0.017647 0.066667
2 0.300735 0.362745 0.050000 0.084967
0 0.518015 0.303922 0.008088 0.027451
0 0.516912 0.292810 0.008824 0.031373
0 0.536397 0.307190 0.009559 0.031373
0 0.547059 0.259477 0.008824 0.030065
0 0.559559 0.284967 0.008824 0.044444
0 0.567647 0.291503 0.004412 0.031373
0 0.574632 0.298039 0.006618 0.036601
0 0.695956 0.332680 0.008088 0.045752
0 0.698529 0.316340 0.010294 0.039216
0 0.684559 0.309804 0.007353 0.036601
0 0.687868 0.301307 0.005147 0.019608
0 0.680147 0.298039 0.010294 0.041830
0 0.658824 0.376471 0.013235 0.036601
0 0.730882 0.594118 0.014706 0.050980
0 0.745221 0.591503 0.011029 0.056209
0 0.631985 0.735294 0.015441 0.066667
0 0.921691 0.835948 0.016912 0.069281
0 0.950735 0.941830 0.020588 0.061438
0 0.964338 0.978431 0.028676 0.037908
0 0.944485 0.981699 0.016912 0.036601