2 0.566667 0.948148 0.063542 0.103704
2 0.275000 0.850926 0.070833 0.164815
2 0.310937 0.728241 0.058333 0.130556
2 0.326823 0.607870 0.050521 0.099074
2 0.434375 0.715278 0.048958 0.106481
2 0.406510 0.598611 0.041146 0.086111
2 0.357552 0.502778 0.038021 0.075926
2 0.429688 0.489352 0.035417 0.067593
2 0.481771 0.468056 0.030208 0.054630
2 0.514844 0.326852 0.022396 0.037037
2 0.433594 0.435185 0.029687 0.048148
2 0.366667 0.443056 0.032292 0.060185
2 0.383854 0.387037 0.029167 0.059259
2 0.432812 0.383796 0.025000 0.041667
2 0.398177 0.322222 0.023438 0.040741
2 0.439583 0.345833 0.021875 0.039815
2 0.444792 0.309259 0.020833 0.033333
2 0.445573 0.277315 0.018229 0.030556
2 0.535156 0.250926 0.017188 0.025926
2 0.489844 0.179630 0.011979 0.018519
2 0.501302 0.163889 0.011979 0.018519
2 0.517188 0.167130 0.012500 0.017593
2 0.538281 0.163426 0.013021 0.019444
2 0.453125 0.211574 0.014583 0.017593
2 0.456771 0.198611 0.013542 0.021296
2 0.459115 0.183796 0.013021 0.019444
2 0.457552 0.174074 0.011979 0.018519
2 0.459375 0.162963 0.012500 0.016667
2 0.461719 0.156481 0.010937 0.016667
2 0.461719 0.145370 0.009896 0.012963
2 0.462760 0.141204 0.008854 0.012037
2 0.465104 0.136574 0.010417 0.013889
2 0.466406 0.130093 0.008854 0.013889
2 0.466406 0.122685 0.008854 0.012037
0 0.597396 0.401389 0.009375 0.023148
0 0.544271 0.192593 0.004167 0.014815
2 0.507812 0.111574 0.008333 0.012037
2 0.494271 0.106019 0.008333 0.013889
2 0.480729 0.081944 0.006250 0.010185
2 0.492448 0.078704 0.006771 0.009259
2 0.503906 0.075000 0.006771 0.009259
2 0.469792 0.101852 0.007292 0.012963
2 0.469010 0.094444 0.007812 0.011111
2 0.482552 0.080093 0.006771 0.010185
2 0.471615 0.075000 0.005729 0.009259
2 0.469792 0.080093 0.006250 0.010185
0 0.311979 0.289352 0.007292 0.017593
0 0.334635 0.231019 0.005729 0.013889
2 0.160417 0.046759 0.014583 0.012037
2 0.163281 0.061111 0.013021 0.011111
2 0.184115 0.057870 0.016146 0.010185
2 0.196615 0.055556 0.015104 0.011111
2 0.201823 0.053704 0.014063 0.009259
2 0.206250 0.052315 0.012500 0.010185