2 0.318229 0.645370 0.057292 0.064815
2 0.154688 0.924074 0.055208 0.151852
2 0.270833 0.927778 0.081250 0.144444
2 0.162500 0.552778 0.029167 0.061111
2 0.238021 0.504630 0.026042 0.046296
2 0.103646 0.456481 0.026042 0.050000
2 0.358333 0.542593 0.031250 0.051852
2 0.366667 0.606481 0.035417 0.061111
2 0.338021 0.480556 0.026042 0.038889
2 0.235937 0.364815 0.017708 0.029630
2 0.255729 0.345370 0.017708 0.027778
2 0.227083 0.333333 0.018750 0.025926
2 0.137500 0.362963 0.018750 0.029630
2 0.189583 0.288889 0.014583 0.022222
2 0.189062 0.241667 0.011458 0.016667
2 0.170833 0.246296 0.012500 0.014815
2 0.156250 0.255556 0.012500 0.014815
2 0.269271 0.270370 0.013542 0.014815
2 0.260417 0.251852 0.012500 0.018519
2 0.111458 0.425000 0.022917 0.031481
2 0.118750 0.384259 0.018750 0.027778
2 0.135417 0.342593 0.020833 0.022222
2 0.138021 0.324074 0.021875 0.025926
2 0.148958 0.290741 0.016667 0.022222
2 0.147917 0.280556 0.010417 0.020370
2 0.153646 0.249074 0.011458 0.020370
2 0.156250 0.242593 0.010417 0.018519
2 0.159375 0.225000 0.010417 0.012963
2 0.194271 0.230556 0.009375 0.012963
2 0.196354 0.218519 0.009375 0.014815
2 0.194792 0.210185 0.008333 0.012963
2 0.230729 0.212963 0.011458 0.014815
2 0.246354 0.209259 0.009375 0.011111
2 0.275000 0.286111 0.012500 0.016667
2 0.279687 0.297222 0.015625 0.020370
2 0.286979 0.314815 0.013542 0.022222
2 0.303646 0.387037 0.019792 0.029630
0 0.048958 0.604630 0.012500 0.046296
0 0.048438 0.463889 0.011458 0.042593
0 0.028646 0.511111 0.009375 0.037037
0 0.545833 0.617593 0.008333 0.046296
0 0.563542 0.608333 0.008333 0.046296
0 0.022396 0.827778 0.015625 0.037037
0 0.082812 0.600000 0.013542 0.033333
0 0.313021 0.514815 0.009375 0.033333
0 0.261458 0.393519 0.008333 0.016667
0 0.200000 0.312963 0.006250 0.014815
0 0.176042 0.264815 0.004167 0.011111
0 0.181771 0.219444 0.003125 0.009259
0 0.208854 0.209259 0.005208 0.007407
0 0.240625 0.214815 0.004167 0.007407
0 0.232813 0.248148 0.003125 0.007407
0 0.610938 0.584259 0.007292 0.038889
0 0.625521 0.580556 0.007292 0.038889
0 0.640625 0.623148 0.008333 0.031481
2 0.602083 0.682407 0.070833 0.053704
2 0.013542 0.602778 0.027083 0.031481
2 0.011458 0.555556 0.022917 0.033333
0 0.004167 0.423148 0.008333 0.031481
2 0.282292 0.230556 0.025000 0.020370
2 0.274479 0.202778 0.019792 0.016667