2 0.886029 0.577778 0.147059 0.125490
2 0.943015 0.683007 0.113971 0.150327
0 0.894485 0.761438 0.031618 0.095425
0 0.663235 0.666013 0.026471 0.074510
0 0.670588 0.659477 0.025000 0.095425
0 0.676103 0.750980 0.028676 0.082353
0 0.602941 0.819608 0.036765 0.122876
0 0.513603 0.686928 0.019853 0.092810
0 0.537868 0.678431 0.033088 0.094118
0 0.352941 0.630065 0.029412 0.081046
0 0.341176 0.601307 0.020588 0.067974
0 0.356985 0.592157 0.021324 0.075817
0 0.217647 0.592157 0.026471 0.083660
2 0.080882 0.563399 0.161765 0.128105
0 0.220956 0.920261 0.047794 0.120261
0 0.261765 0.932680 0.039706 0.032680
2 0.320956 0.311765 0.053676 0.084967
2 0.407353 0.247059 0.036765 0.070588
2 0.408824 0.196078 0.033824 0.060131
2 0.662500 0.305229 0.044118 0.066667
2 0.605147 0.222876 0.077941 0.061438
2 0.599265 0.190850 0.066176 0.052288
2 0.594485 0.167974 0.063971 0.043137
2 0.565074 0.124837 0.049265 0.040523
0 0.688603 0.266013 0.015441 0.058824
0 0.601838 0.271895 0.015441 0.054902
0 0.574632 0.252941 0.011029 0.053595
0 0.615441 0.337908 0.013235 0.064052
0 0.630515 0.388235 0.018382 0.062745
0 0.336029 0.341176 0.016176 0.052288
0 0.300735 0.273203 0.013235 0.041830
0 0.379412 0.260784 0.011765 0.048366
0 0.379044 0.261438 0.012500 0.044444
0 0.369853 0.169935 0.014706 0.033987
0 0.930882 0.386928 0.016176 0.062745
0 0.925368 0.379085 0.016912 0.062745
0 0.972059 0.340523 0.016176 0.048366
0 0.851103 0.342484 0.015441 0.036601
0 0.860294 0.344444 0.014706 0.040523
0 0.870956 0.315686 0.012500 0.048366
0 0.855515 0.326144 0.011029 0.032680
0 0.788235 0.368627 0.019118 0.070588
0 0.813971 0.339869 0.016176 0.044444
0 0.803309 0.367974 0.016912 0.035294
0 0.517647 0.124837 0.010294 0.027451
2 0.315441 0.107190 0.051471 0.036601
2 0.320588 0.078431 0.051471 0.033987
0 0.286397 0.059477 0.008088 0.035294
0 0.297794 0.033987 0.007353 0.026144
2 0.332353 0.037255 0.039706 0.024837
0 0.466544 0.019608 0.005147 0.023529
0 0.495221 0.044444 0.006618 0.028758
2 0.499632 0.022876 0.034559 0.030065
2 0.485662 0.015686 0.016912 0.026144
0 0.382353 0.009804 0.007353 0.019608