0 0.097656 0.271296 0.006771 0.020370
0 0.120313 0.281944 0.006250 0.028704
0 0.125781 0.282407 0.006771 0.027778
0 0.130469 0.286574 0.005729 0.019444
0 0.134635 0.287037 0.006771 0.022222
2 0.154688 0.259259 0.020833 0.025926
0 0.157292 0.310648 0.005208 0.028704
0 0.169271 0.310648 0.006250 0.026852
2 0.098958 0.394907 0.057292 0.036111
2 0.225260 0.256944 0.016146 0.030556
2 0.231250 0.238889 0.016667 0.027778
2 0.240104 0.219907 0.014583 0.021296
2 0.246875 0.206481 0.015625 0.022222
2 0.251302 0.192593 0.014063 0.018519
2 0.259635 0.179167 0.013021 0.023148
2 0.258333 0.125926 0.008333 0.014815
0 0.303385 0.281481 0.005729 0.016667
2 0.314063 0.071759 0.008333 0.012037
2 0.284635 0.087500 0.008854 0.013889
0 0.323437 0.161111 0.004167 0.016667
0 0.326042 0.218519 0.004167 0.020370
0 0.321094 0.240741 0.004687 0.020370
0 0.314323 0.219907 0.003646 0.017593
0 0.314063 0.196296 0.004167 0.014815
0 0.324219 0.197222 0.003646 0.018519
2 0.342448 0.199074 0.011979 0.024074
2 0.339583 0.214352 0.015625 0.025000
2 0.400781 0.183333 0.024479 0.020370
0 0.332292 0.308333 0.005208 0.022222
0 0.436458 0.278704 0.005208 0.022222
0 0.448698 0.334722 0.004687 0.025000
0 0.457813 0.341204 0.006250 0.025000
0 0.426042 0.368519 0.007292 0.024074
0 0.410938 0.381019 0.008333 0.025000
0 0.418490 0.396296 0.006771 0.031481
0 0.456771 0.369907 0.008333 0.023148
0 0.436198 0.422685 0.007812 0.032407
0 0.042188 0.501389 0.012500 0.036111
0 0.044010 0.489815 0.011979 0.033333
0 0.057292 0.488889 0.012500 0.035185
0 0.024219 0.443981 0.008854 0.034259
0 0.036719 0.436111 0.010937 0.035185
0 0.041146 0.416667 0.009375 0.022222
0 0.054167 0.406944 0.008333 0.021296
0 0.406510 0.461111 0.008854 0.038889
0 0.414844 0.463889 0.007812 0.038889
0 0.426042 0.464352 0.007292 0.036111
0 0.374219 0.467130 0.006771 0.036111
0 0.366927 0.487037 0.005729 0.031481
0 0.373698 0.501389 0.007812 0.039815
2 0.490104 0.350463 0.037500 0.030556
0 0.486198 0.386574 0.006771 0.028704
0 0.488802 0.372685 0.006771 0.023148
0 0.623177 0.337500 0.005729 0.021296
0 0.536719 0.405556 0.006771 0.025926
0 0.440365 0.500000 0.006771 0.025926
0 0.472135 0.534722 0.010937 0.037963
0 0.431510 0.553704 0.006771 0.042593
0 0.506250 0.556481 0.008333 0.046296
0 0.629687 0.660648 0.009375 0.049074
0 0.623698 0.609259 0.006771 0.037037
0 0.634375 0.607870 0.008333 0.043519
0 0.627344 0.630556 0.009896 0.035185
0 0.645052 0.739815 0.011979 0.061111
0 0.647917 0.780093 0.008333 0.036111
0 0.355990 0.505556 0.008854 0.024074
0 0.385417 0.553241 0.012500 0.039815
0 0.343750 0.577778 0.007292 0.037037
0 0.326823 0.793981 0.010937 0.050926
0 0.339583 0.789815 0.010417 0.053704
0 0.347396 0.833796 0.010417 0.058333
0 0.368229 0.827315 0.011458 0.034259
0 0.367188 0.968981 0.010417 0.062037
0 0.331510 0.988889 0.018229 0.022222
0 0.462240 0.646296 0.009896 0.042593
0 0.472396 0.649074 0.007292 0.050000
0 0.466146 0.791667 0.010417 0.064815
0 0.458333 0.774074 0.009375 0.061111
0 0.472135 0.756019 0.011979 0.052778
0 0.459115 0.732407 0.013021 0.046296
0 0.462760 0.705556 0.009896 0.042593
0 0.070052 0.609722 0.013021 0.039815
0 0.048958 0.571296 0.011458 0.029630
0 0.053646 0.568519 0.018750 0.042593
0 0.154948 0.518981 0.009896 0.034259
2 0.179948 0.544907 0.039062 0.060185
0 0.153125 0.373611 0.009375 0.032407
0 0.187240 0.430556 0.007812 0.025926
0 0.167448 0.412500 0.013021 0.034259
0 0.161719 0.397222 0.006771 0.022222
0 0.182031 0.388889 0.006771 0.024074
0 0.239583 0.331481 0.006250 0.024074
0 0.232292 0.368519 0.006250 0.020370
0 0.219271 0.410185 0.008333 0.025926
0 0.202083 0.406944 0.009375 0.025000
2 0.210156 0.451389 0.033854 0.043519
0 0.248958 0.381481 0.008333 0.024074
0 0.223698 0.312037 0.005729 0.022222
0 0.261458 0.293056 0.005208 0.023148
0 0.264323 0.338426 0.005729 0.026852
0 0.273177 0.339352 0.006771 0.021296
0 0.350000 0.409259 0.008333 0.031481
0 0.359896 0.489352 0.006250 0.028704
2 0.353646 0.360648 0.045833 0.043519
0 0.187500 0.345833 0.009375 0.026852