2 0.804427 0.784722 0.071354 0.093519
2 0.604948 0.936111 0.058854 0.127778
2 0.543750 0.657870 0.038542 0.087963
2 0.536458 0.576389 0.035417 0.062037
2 0.589063 0.558333 0.034375 0.051852
0 0.748698 0.549537 0.010937 0.039815
0 0.370052 0.368056 0.003646 0.015741
2 0.511198 0.306481 0.014063 0.024074
0 0.563021 0.278704 0.003125 0.009259
2 0.537240 0.264352 0.010937 0.017593
2 0.524479 0.251852 0.010417 0.016667
2 0.591146 0.220370 0.019792 0.014815
2 0.558073 0.218519 0.018229 0.012963
2 0.541406 0.224537 0.017188 0.013889
2 0.375260 0.204167 0.015104 0.010185