2 0.286397 0.943791 0.053676 0.107190
2 0.157721 0.941830 0.071324 0.116340
0 0.080147 0.713725 0.017647 0.041830
0 0.054412 0.671242 0.017647 0.037908
0 0.035294 0.620915 0.011765 0.026144
0 0.019485 0.607190 0.016912 0.048366
2 0.216176 0.668627 0.088235 0.069281
2 0.367279 0.645098 0.036029 0.092810
2 0.402941 0.611765 0.033824 0.083660
0 0.490074 0.560784 0.013971 0.039216
0 0.512132 0.509804 0.008088 0.031373
2 0.668750 0.668627 0.080147 0.064052
2 0.768015 0.675163 0.084559 0.064052
0 0.806250 0.592157 0.013971 0.041830
0 0.831250 0.583660 0.012500 0.027451
0 0.809926 0.533333 0.012500 0.026144
2 0.994485 0.611111 0.009559 0.045752
0 0.966544 0.641830 0.008088 0.028758
0 0.973529 0.629412 0.014706 0.045752
0 0.876471 0.873203 0.016176 0.054902
0 0.893015 0.876471 0.016912 0.032680
2 0.937868 0.960784 0.081618 0.075817
2 0.874632 0.952941 0.080147 0.088889
2 0.713971 0.966013 0.045588 0.067974
2 0.816544 0.789542 0.096324 0.078431