2 0.650735 0.024837 0.016176 0.013072
2 0.661029 0.035948 0.005882 0.009150
2 0.675000 0.030065 0.005882 0.007843
0 0.614706 0.062092 0.002941 0.011765
2 0.611765 0.094771 0.010294 0.011765
2 0.594485 0.110458 0.009559 0.011765
0 0.596691 0.080392 0.002206 0.006536
2 0.574265 0.118954 0.010294 0.013072
2 0.564706 0.107843 0.010294 0.011765
2 0.548897 0.119608 0.011029 0.014379
2 0.517647 0.137255 0.010294 0.015686
2 0.590441 0.177124 0.011765 0.014379
2 0.511397 0.193464 0.013971 0.018301
2 0.493750 0.168627 0.013971 0.018301
0 0.511397 0.166667 0.002206 0.009150
0 0.473897 0.192810 0.003676 0.016993
0 0.476471 0.247059 0.017647 0.023529
0 0.461029 0.242484 0.017647 0.024837
2 0.425000 0.229412 0.019118 0.024837
0 0.492279 0.327451 0.003676 0.016993
2 0.475735 0.363399 0.019118 0.028758
2 0.500000 0.359477 0.017647 0.018301
2 0.495588 0.371895 0.026471 0.022222
2 0.481250 0.383660 0.034559 0.024837
2 0.479412 0.398693 0.030882 0.026144
2 0.436029 0.426144 0.033824 0.023529
2 0.423162 0.448366 0.037500 0.026144
2 0.433456 0.460784 0.038971 0.027451
2 0.415809 0.486275 0.038971 0.031373
2 0.403309 0.513072 0.038971 0.035294
2 0.367647 0.555556 0.042647 0.031373
0 0.434191 0.612418 0.006618 0.030065
0 0.447426 0.609150 0.005147 0.026144
0 0.331618 0.588889 0.045588 0.040523
2 0.392279 0.319608 0.022794 0.024837
0 0.351471 0.317647 0.004412 0.020915
0 0.324632 0.302614 0.005147 0.009150
2 0.332721 0.285621 0.028676 0.019608
0 0.308824 0.276471 0.002941 0.014379
0 0.305147 0.279085 0.002941 0.009150
0 0.337132 0.339216 0.003676 0.011765
0 0.334559 0.339216 0.002941 0.014379
2 0.325735 0.326797 0.027941 0.028758
2 0.299632 0.341176 0.028676 0.031373
2 0.289706 0.313725 0.026471 0.023529
2 0.312868 0.396732 0.030147 0.035294
2 0.244118 0.354902 0.032353 0.027451
2 0.228676 0.365359 0.029412 0.024837
2 0.139706 0.441830 0.026471 0.031373
2 0.158824 0.471895 0.032353 0.041830
2 0.006250 0.671895 0.012500 0.039216
2 0.021324 0.601307 0.042647 0.036601
2 0.015441 0.549020 0.030882 0.039216
2 0.097794 0.469935 0.044118 0.027451
0 0.086765 0.429412 0.005882 0.024837