0 0.569485 0.892810 0.009559 0.041830
2 0.603309 0.962092 0.034559 0.075817
2 0.451471 0.885621 0.033824 0.111111
2 0.512868 0.847059 0.031618 0.099346
2 0.449632 0.752941 0.027206 0.083660
2 0.515074 0.676471 0.024265 0.064052
2 0.561397 0.537908 0.021324 0.043137
2 0.547794 0.491503 0.027941 0.044444
0 0.548529 0.552288 0.007353 0.030065
2 0.508456 0.507190 0.019853 0.041830
2 0.465074 0.509150 0.019853 0.048366
0 0.429412 0.462745 0.005882 0.020915
2 0.398162 0.662745 0.027206 0.070588
2 0.352574 0.706536 0.028676 0.069281
2 0.294485 0.486275 0.022794 0.054902
2 0.335294 0.496732 0.027941 0.047059
2 0.402574 0.315686 0.016912 0.032680
0 0.396691 0.262092 0.005147 0.022222
2 0.381985 0.255556 0.013971 0.024837
2 0.386397 0.234641 0.013971 0.024837
2 0.477574 0.358170 0.013971 0.033987
2 0.447059 0.275817 0.014706 0.026144
2 0.441912 0.304575 0.014706 0.028758
2 0.505882 0.398039 0.017647 0.035294
2 0.549265 0.394118 0.017647 0.035294
2 0.502941 0.313072 0.013235 0.024837
2 0.500368 0.254248 0.013971 0.024837
0 0.472059 0.143137 0.002941 0.014379
0 0.475000 0.140523 0.002941 0.014379
0 0.513603 0.102614 0.002206 0.011765
2 0.926471 0.083007 0.020588 0.014379
2 0.906618 0.173203 0.020588 0.014379
2 0.912132 0.181699 0.028676 0.018301
2 0.941544 0.181699 0.027206 0.018301
2 0.946691 0.188235 0.025735 0.018301
2 0.933456 0.200654 0.028676 0.016993
2 0.938971 0.207190 0.029412 0.019608
2 0.969853 0.208497 0.030882 0.019608
2 0.953676 0.220261 0.027941 0.019608
2 0.962868 0.228105 0.033088 0.019608
2 0.970956 0.237255 0.031618 0.019608
2 0.990809 0.176471 0.018382 0.015686
2 0.993015 0.183007 0.013971 0.015686
2 0.990441 0.262745 0.019118 0.020915
2 0.848162 0.174510 0.025735 0.022222
2 0.856985 0.180392 0.025735 0.018301
2 0.872426 0.198693 0.027206 0.020915
2 0.897794 0.227451 0.027941 0.020915
2 0.911029 0.243791 0.032353 0.024837
2 0.924265 0.262745 0.029412 0.026144
2 0.935662 0.273203 0.031618 0.023529
2 0.943015 0.281046 0.030147 0.026144
2 0.951471 0.288235 0.033824 0.022222
2 0.973162 0.306536 0.034559 0.022222
2 0.981618 0.318954 0.033824 0.023529
2 0.987500 0.328758 0.025000 0.022222
2 0.600368 0.165359 0.013971 0.022222
2 0.617279 0.205229 0.025735 0.026144
0 0.623529 0.190196 0.004412 0.024837
0 0.595588 0.225490 0.004412 0.019608
2 0.599265 0.222876 0.014706 0.022222
0 0.622794 0.228758 0.002941 0.020915
2 0.604779 0.255556 0.013971 0.027451
2 0.609559 0.277778 0.013235 0.022222
2 0.699632 0.507843 0.030147 0.048366
2 0.678309 0.436601 0.049265 0.033987
2 0.088235 0.399346 0.048529 0.030065
2 0.541544 0.290196 0.013971 0.026144
2 0.502206 0.199346 0.011765 0.019608
2 0.514706 0.226144 0.013235 0.020915
2 0.504412 0.133333 0.010294 0.018301
2 0.502941 0.110458 0.008824 0.014379
2 0.483088 0.045752 0.007353 0.015686
2 0.491544 0.056863 0.006618 0.014379
2 0.512868 0.034641 0.008088 0.011765
0 0.512868 0.027451 0.002206 0.007843
2 0.506985 0.013072 0.006618 0.010458
2 0.514338 0.004575 0.006618 0.009150
2 0.477941 0.015686 0.005882 0.010458
2 0.478309 0.008497 0.005147 0.009150
2 0.417647 0.124183 0.014706 0.015686
2 0.421324 0.107190 0.010294 0.015686
2 0.430147 0.094771 0.011765 0.016993
2 0.403309 0.034641 0.012500 0.011765
2 0.407721 0.032026 0.012500 0.011765
2 0.410662 0.018301 0.015441 0.013072
2 0.412868 0.014379 0.013971 0.010458