0 0.561765 0.923529 0.029412 0.098039
2 0.336765 0.928105 0.094118 0.143791
2 0.373162 0.768627 0.103676 0.190850
2 0.193015 0.867320 0.122794 0.166013
2 0.428309 0.535294 0.099265 0.129412
2 0.424265 0.463399 0.052941 0.087582
2 0.432721 0.389542 0.062500 0.065359
2 0.436765 0.356209 0.060294 0.061438
2 0.449632 0.328105 0.058088 0.052288
2 0.434559 0.283660 0.026471 0.047059
2 0.438971 0.256209 0.025000 0.041830
0 0.350735 0.583007 0.017647 0.081046
0 0.317279 0.594771 0.012500 0.057516
0 0.328309 0.598039 0.012500 0.035294
0 0.320956 0.590196 0.012500 0.048366
2 0.423529 0.186275 0.025000 0.037908
2 0.457721 0.184314 0.021324 0.031373
2 0.500368 0.148366 0.031618 0.024837
2 0.415441 0.150980 0.041176 0.027451
0 0.439706 0.150980 0.005882 0.027451
2 0.454412 0.154902 0.022059 0.030065
0 0.443382 0.155556 0.004412 0.026144
2 0.464338 0.136601 0.037500 0.027451
2 0.858824 0.794118 0.080882 0.166013
2 0.798162 0.635294 0.071324 0.115033
2 0.728676 0.518954 0.085294 0.101961
2 0.710294 0.427451 0.069118 0.091503
2 0.685294 0.369935 0.041176 0.052288
2 0.691176 0.283007 0.035294 0.043137
0 0.796691 0.479085 0.013971 0.056209
0 0.589338 0.260784 0.009559 0.030065
2 0.603676 0.196732 0.020588 0.032680
2 0.628309 0.169935 0.018382 0.028758
0 0.584926 0.170588 0.008088 0.027451
0 0.580515 0.190850 0.006618 0.020915
0 0.568015 0.097386 0.003676 0.016993
0 0.572426 0.075163 0.003676 0.016993
2 0.551471 0.085621 0.011765 0.019608
2 0.516912 0.080392 0.010294 0.014379
2 0.523162 0.066013 0.013971 0.014379
2 0.538971 0.064052 0.008824 0.010458
2 0.538603 0.060784 0.008088 0.011765
2 0.447794 0.126144 0.033824 0.019608
2 0.467279 0.112418 0.027206 0.018301
2 0.498162 0.035948 0.008088 0.009150