2 0.647396 0.175926 0.009375 0.011111
2 0.616667 0.207407 0.010417 0.014815
2 0.598437 0.214815 0.011458 0.014815
2 0.571875 0.271296 0.014583 0.016667
2 0.603125 0.241667 0.010417 0.016667
0 0.653646 0.230556 0.003125 0.016667
0 0.690104 0.297222 0.003125 0.024074
0 0.703646 0.303704 0.003125 0.018519
2 0.698438 0.279630 0.013542 0.022222
2 0.602604 0.299074 0.013542 0.020370
2 0.594271 0.339815 0.013542 0.020370
2 0.507292 0.373148 0.016667 0.027778
0 0.623437 0.357407 0.005208 0.022222
2 0.674479 0.365741 0.015625 0.024074
0 0.686979 0.395370 0.005208 0.020370
0 0.682813 0.400000 0.003125 0.014815
0 0.675521 0.393519 0.005208 0.016667
0 0.635417 0.394444 0.004167 0.014815
0 0.635417 0.393519 0.004167 0.020370
0 0.230729 0.322222 0.005208 0.029630
0 0.380208 0.259259 0.004167 0.022222
0 0.384896 0.260185 0.003125 0.016667
0 0.387500 0.257407 0.004167 0.022222
0 0.387500 0.386111 0.006250 0.024074
0 0.392188 0.387963 0.005208 0.024074
0 0.351562 0.508333 0.003125 0.020370
0 0.206250 0.583333 0.014583 0.022222
2 0.270313 0.583333 0.034375 0.051852
2 0.371354 0.651852 0.036458 0.070370
0 0.133854 0.710185 0.009375 0.038889
0 0.129688 0.713889 0.007292 0.031481
0 0.125521 0.713889 0.009375 0.031481
0 0.859896 0.766667 0.009375 0.022222
0 0.927604 0.804630 0.011458 0.046296
0 0.610417 0.610185 0.006250 0.024074
0 0.610417 0.607407 0.008333 0.029630
0 0.757292 0.467593 0.006250 0.027778
0 0.760938 0.559259 0.009375 0.029630
0 0.759375 0.559259 0.006250 0.025926
0 0.798438 0.699074 0.009375 0.024074
0 0.879687 0.552778 0.011458 0.027778
0 0.890625 0.551852 0.008333 0.014815
0 0.895833 0.481481 0.006250 0.025926
0 0.905208 0.486111 0.006250 0.020370
0 0.916667 0.525926 0.008333 0.025926
0 0.935417 0.508333 0.010417 0.024074
0 0.979688 0.528704 0.011458 0.027778
0 0.994271 0.545370 0.009375 0.024074