2 0.234896 0.140741 0.007292 0.011111
2 0.251563 0.160185 0.009375 0.016667
2 0.261458 0.176852 0.006250 0.016667
2 0.336458 0.161111 0.008333 0.011111
2 0.340625 0.165741 0.008333 0.012963
2 0.348958 0.172222 0.006250 0.011111
2 0.354167 0.176852 0.008333 0.016667
2 0.359896 0.182407 0.007292 0.012963
2 0.363021 0.184259 0.009375 0.016667
2 0.366667 0.191667 0.008333 0.012963
2 0.377604 0.207407 0.009375 0.014815
2 0.384375 0.210185 0.008333 0.016667
2 0.390104 0.217593 0.009375 0.016667
2 0.396875 0.223148 0.010417 0.012963
2 0.404167 0.232407 0.010417 0.020370
2 0.394792 0.304630 0.014583 0.027778
2 0.417187 0.300000 0.013542 0.018519
2 0.419792 0.251852 0.012500 0.018519
2 0.431250 0.269444 0.012500 0.020370
2 0.439583 0.282407 0.012500 0.020370
0 0.720833 0.462963 0.008333 0.029630
0 0.729688 0.466667 0.009375 0.029630
0 0.860417 0.605556 0.010417 0.040741
0 0.870833 0.603704 0.012500 0.037037
0 0.575000 0.590741 0.008333 0.022222
0 0.302083 0.663889 0.010417 0.031481
0 0.351042 0.643519 0.006250 0.020370
0 0.365104 0.636111 0.007292 0.020370
2 0.594792 0.761111 0.045833 0.092593
2 0.685417 0.796296 0.037500 0.077778
2 0.735938 0.920370 0.065625 0.107407