2 0.428676 0.766013 0.100000 0.156863
2 0.576838 0.556863 0.080147 0.122876
2 0.875735 0.379085 0.060294 0.075817
2 0.886397 0.209804 0.041912 0.056209
2 0.810294 0.252941 0.033824 0.071895
2 0.906985 0.047059 0.031618 0.044444
2 0.819853 0.133987 0.041176 0.056209
2 0.837132 0.179739 0.038971 0.061438
2 0.872794 0.091503 0.041176 0.054902
2 0.047059 0.876471 0.094118 0.129412
0 0.341912 0.683660 0.019118 0.067974
0 0.328676 0.688889 0.016176 0.070588
0 0.322426 0.658824 0.015441 0.070588
0 0.384926 0.622222 0.015441 0.070588
0 0.642647 0.460784 0.017647 0.053595
0 0.517279 0.458170 0.019853 0.053595
0 0.874265 0.752941 0.022059 0.057516
2 0.759559 0.270588 0.051471 0.065359
2 0.751103 0.922222 0.150735 0.155556
2 0.271324 0.950327 0.113235 0.099346
2 0.936765 0.019608 0.036765 0.039216
2 0.971324 0.330719 0.057353 0.078431
2 0.854779 0.645752 0.122794 0.096732
2 0.731250 0.191503 0.050735 0.050980
2 0.773529 0.081046 0.047059 0.041830
2 0.837500 0.442484 0.076471 0.108497
0 0.470221 0.409804 0.015441 0.048366
0 0.637132 0.242484 0.006618 0.037908
0 0.733456 0.250327 0.012500 0.045752
0 0.745956 0.235294 0.008088 0.044444
0 0.753676 0.237255 0.010294 0.040523
0 0.679412 0.056863 0.013235 0.045752
0 0.854044 0.033987 0.006618 0.023529
0 0.776471 0.203922 0.008824 0.026144
0 0.788971 0.191503 0.008824 0.027451
0 0.793750 0.194118 0.009559 0.022222
0 0.923162 0.594771 0.012500 0.062745
0 0.932721 0.608497 0.013971 0.058824
0 0.370221 0.601307 0.018382 0.070588
0 0.734191 0.033333 0.005147 0.032680
0 0.743382 0.033987 0.004412 0.031373
0 0.748897 0.057516 0.005147 0.031373
0 0.736765 0.032680 0.005882 0.028758
0 0.733824 0.066667 0.008824 0.036601
0 0.742647 0.067320 0.008824 0.037908
0 0.811029 0.026797 0.005882 0.035294
0 0.955147 0.132026 0.013235 0.041830
0 0.438971 0.433333 0.025000 0.077124