2 0.493015 0.911111 0.062500 0.177778
2 0.580515 0.716993 0.056618 0.150327
2 0.476471 0.550980 0.042647 0.118954
2 0.541544 0.443791 0.040441 0.092810
2 0.472426 0.431373 0.036029 0.088889
2 0.473897 0.345752 0.034559 0.071895
2 0.528676 0.067320 0.044118 0.050980
2 0.590074 0.028758 0.041912 0.036601
2 0.673529 0.013725 0.038235 0.027451
2 0.741912 0.007843 0.050000 0.015686
2 0.470221 0.259477 0.031618 0.066667
2 0.371324 0.284314 0.038235 0.077124
0 0.319853 0.251634 0.008824 0.043137
2 0.311397 0.190196 0.056618 0.056209
2 0.231250 0.165359 0.053676 0.056209
0 0.300368 0.124837 0.006618 0.022222
0 0.296324 0.121569 0.008824 0.033987
0 0.163971 0.200654 0.010294 0.043137
0 0.270221 0.047712 0.005147 0.022222
2 0.174265 0.073856 0.052941 0.043137
2 0.073162 0.087582 0.052206 0.041830