2 0.395313 0.970370 0.056250 0.059259
2 0.174740 0.437963 0.055729 0.037037
2 0.437240 0.486111 0.053646 0.048148
2 0.602083 0.852778 0.050000 0.118519
2 0.362760 0.371296 0.039062 0.031481
2 0.395573 0.332407 0.027604 0.025926
0 0.499479 0.223611 0.003125 0.010185
2 0.505469 0.191667 0.008854 0.012963
2 0.477865 0.163426 0.007812 0.010185
2 0.460938 0.170833 0.007292 0.010185
2 0.438802 0.198148 0.009896 0.012963
2 0.477344 0.104167 0.003646 0.006481
2 0.472656 0.094444 0.003646 0.005556
2 0.464844 0.081944 0.002604 0.004630
0 0.188542 0.293056 0.004167 0.015741
0 0.189583 0.293981 0.006250 0.019444
2 0.224740 0.299074 0.024479 0.025926
2 0.255729 0.295833 0.020833 0.025000
2 0.257812 0.263426 0.017708 0.021296
2 0.268229 0.279630 0.019792 0.024074
2 0.278906 0.265278 0.017188 0.021296
2 0.315104 0.296296 0.017708 0.025926
2 0.301042 0.272685 0.015625 0.021296
0 0.247917 0.231019 0.004167 0.015741
0 0.265625 0.218981 0.004167 0.010185
2 0.282552 0.237037 0.014063 0.020370
2 0.289583 0.230093 0.015625 0.019444
2 0.302083 0.241667 0.013542 0.018519
2 0.338021 0.256019 0.015625 0.021296
2 0.323698 0.241667 0.014063 0.018519
2 0.342187 0.245833 0.013542 0.019444
2 0.298958 0.219907 0.013542 0.017593
2 0.315365 0.223611 0.013021 0.017593
2 0.296875 0.204167 0.012500 0.017593
2 0.306250 0.213889 0.013542 0.020370
2 0.313281 0.205093 0.011979 0.015741
2 0.329948 0.229630 0.013021 0.018519
2 0.336198 0.221759 0.013021 0.017593
2 0.340365 0.213426 0.011979 0.015741
2 0.331771 0.202778 0.011458 0.016667
2 0.357292 0.230093 0.012500 0.017593
2 0.317969 0.181481 0.009896 0.012963
2 0.360417 0.222222 0.012500 0.016667
2 0.347656 0.207407 0.009896 0.014815
2 0.337500 0.196296 0.011458 0.014815
2 0.320833 0.195833 0.010417 0.012037
2 0.326823 0.189815 0.010937 0.012963
2 0.331771 0.183796 0.010417 0.013889
2 0.339323 0.178704 0.008854 0.012963
2 0.338021 0.173148 0.009375 0.014815
2 0.352083 0.200000 0.009375 0.014815
2 0.357552 0.194907 0.009896 0.013889
2 0.359896 0.187500 0.010417 0.012037
2 0.372656 0.199537 0.009896 0.015741
2 0.365885 0.180556 0.008854 0.012963
2 0.369271 0.175926 0.008333 0.012963
2 0.352604 0.177778 0.010417 0.012963
2 0.344271 0.168056 0.008333 0.010185
2 0.355208 0.158333 0.008333 0.011111
2 0.358854 0.173611 0.008333 0.012037
2 0.354948 0.146759 0.006771 0.010185
2 0.373177 0.168519 0.007812 0.016667
2 0.360938 0.153241 0.008333 0.012037
2 0.361719 0.140278 0.006771 0.010185
2 0.385417 0.179167 0.008333 0.010185
2 0.388542 0.174537 0.007292 0.012037
2 0.390885 0.170833 0.007812 0.012037
2 0.394271 0.166667 0.008333 0.011111
2 0.398438 0.159259 0.008333 0.011111
2 0.400521 0.156019 0.007292 0.012037
2 0.403646 0.151389 0.007292 0.010185
2 0.405990 0.146296 0.006771 0.011111
2 0.402865 0.139815 0.006771 0.009259
2 0.410156 0.141667 0.005729 0.009259
2 0.410938 0.137500 0.008333 0.012037
2 0.381510 0.160648 0.007812 0.012037
2 0.383854 0.157870 0.007292 0.010185
2 0.386198 0.152778 0.007812 0.011111
2 0.371615 0.156481 0.006771 0.009259
2 0.373437 0.151852 0.007292 0.009259
2 0.369792 0.144444 0.006250 0.009259
2 0.372396 0.141204 0.007292 0.008333
2 0.376823 0.136574 0.006771 0.010185
2 0.374479 0.129630 0.006250 0.009259
2 0.667448 0.308796 0.034896 0.023148
2 0.801823 0.389815 0.045312 0.027778
2 0.866667 0.349074 0.041667 0.027778
2 0.963021 0.350926 0.038542 0.025926