2 0.027206 0.671242 0.054412 0.058824
2 0.140441 0.669281 0.072059 0.057516
2 0.197794 0.611765 0.029412 0.060131
2 0.272426 0.577124 0.034559 0.069281
2 0.262132 0.698693 0.041912 0.066667
0 0.215441 0.683007 0.014706 0.040523
2 0.360662 0.513725 0.036029 0.041830
2 0.496691 0.456863 0.038971 0.027451
2 0.618015 0.450980 0.038971 0.026144
2 0.372426 0.426797 0.024265 0.027451
0 0.011765 0.549020 0.011765 0.036601
0 0.029044 0.544444 0.008088 0.035294
0 0.048529 0.537908 0.008824 0.037908
2 0.021324 0.539216 0.042647 0.043137
0 0.031618 0.518301 0.007353 0.030065
2 0.106985 0.516340 0.050735 0.041830
2 0.247426 0.477778 0.024265 0.035294
2 0.219485 0.461438 0.028676 0.031373
2 0.280147 0.402614 0.016176 0.023529
2 0.322794 0.383007 0.016176 0.020915
0 0.235662 0.426144 0.005147 0.026144
0 0.229412 0.427451 0.005882 0.026144
0 0.222059 0.428758 0.005882 0.026144
0 0.165809 0.503922 0.009559 0.032680
2 0.144485 0.438562 0.024265 0.032680
2 0.105515 0.451634 0.033088 0.032680
2 0.060662 0.401961 0.038971 0.022222
2 0.066176 0.396732 0.038235 0.022222
2 0.208088 0.366667 0.013235 0.022222
0 0.201471 0.360131 0.004412 0.009150
0 0.163235 0.358170 0.004412 0.018301
0 0.157353 0.358824 0.004412 0.016993
0 0.166176 0.356863 0.004412 0.018301
2 0.162132 0.351634 0.021324 0.023529
2 0.125000 0.358170 0.026471 0.020915
2 0.196324 0.344444 0.016176 0.019608
2 0.165074 0.343791 0.018382 0.026144
2 0.211029 0.324837 0.022059 0.016993
2 0.244853 0.350980 0.023529 0.019608
2 0.223162 0.351634 0.015441 0.018301
2 0.297794 0.351634 0.014706 0.026144
2 0.330147 0.366013 0.011765 0.018301
2 0.328676 0.345098 0.011765 0.018301
0 0.799265 0.401307 0.004412 0.018301
0 0.795588 0.405229 0.005882 0.018301
0 0.804412 0.379085 0.004412 0.015686
0 0.801838 0.379085 0.003676 0.013072
2 0.811397 0.362092 0.011029 0.020915
2 0.814338 0.323529 0.009559 0.014379
0 0.841544 0.364052 0.003676 0.016993
2 0.883456 0.352288 0.011029 0.014379
0 0.366912 0.389542 0.004412 0.023529
0 0.374265 0.396078 0.004412 0.020915
0 0.380882 0.411765 0.004412 0.018301
0 0.358824 0.358170 0.002941 0.018301
2 0.405147 0.314379 0.010294 0.011765
2 0.352941 0.322222 0.010294 0.014379
2 0.346324 0.294118 0.008824 0.013072
2 0.290809 0.316340 0.009559 0.015686
0 0.348529 0.307190 0.002941 0.010458
2 0.404779 0.293464 0.006618 0.009150
2 0.344853 0.243791 0.004412 0.006536
2 0.347794 0.239869 0.004412 0.006536
0 0.339706 0.271242 0.002941 0.011765