0 0.800521 0.449074 0.015625 0.046296
2 0.817187 0.760185 0.063542 0.153704
2 0.636979 0.047222 0.019792 0.035185
2 0.634375 0.007407 0.014583 0.014815
2 0.576562 0.094444 0.015625 0.029630
2 0.604688 0.322222 0.026042 0.051852
0 0.570833 0.311111 0.008333 0.037037
2 0.682292 0.940741 0.058333 0.118519
2 0.280208 0.689815 0.062500 0.127778
0 0.567708 0.057407 0.006250 0.022222
0 0.449479 0.195370 0.007292 0.024074
2 0.477604 0.208333 0.021875 0.046296
0 0.424479 0.248148 0.009375 0.025926
0 0.428125 0.285185 0.008333 0.029630
0 0.430208 0.280556 0.006250 0.024074
2 0.383854 0.240741 0.021875 0.048148
2 0.304688 0.212963 0.051042 0.037037
2 0.293750 0.252778 0.056250 0.038889
2 0.279687 0.281481 0.053125 0.040741
2 0.301042 0.500926 0.033333 0.075926
2 0.345313 0.397222 0.028125 0.061111
0 0.343750 0.426852 0.014583 0.038889
0 0.352083 0.414815 0.012500 0.040741
2 0.494271 0.566667 0.038542 0.103704