0 0.232353 0.613072 0.016176 0.049673
0 0.141176 0.550980 0.016176 0.053595
0 0.224632 0.471895 0.012500 0.047059
0 0.733824 0.615033 0.016176 0.045752
0 0.639706 0.663399 0.017647 0.045752
2 0.516176 0.566013 0.058824 0.088889
2 0.418382 0.708497 0.047059 0.128105
2 0.378676 0.503268 0.038235 0.081046
2 0.561397 0.779085 0.052206 0.130719
2 0.492279 0.822222 0.058088 0.135948
2 0.407721 0.379739 0.031618 0.058824
2 0.454779 0.367320 0.027206 0.062745
2 0.502574 0.215033 0.022794 0.037908
2 0.327206 0.865359 0.064706 0.162092
2 0.393382 0.948366 0.057353 0.098039
2 0.081250 0.609150 0.087500 0.073203
0 0.143015 0.430065 0.009559 0.049673
0 0.152206 0.429412 0.011765 0.048366
2 0.207353 0.436601 0.011765 0.041830
2 0.194485 0.433333 0.011029 0.048366
0 0.561397 0.389542 0.011029 0.023529
2 0.680515 0.382353 0.034559 0.050980
2 0.608456 0.177778 0.019853 0.031373
2 0.523529 0.177124 0.017647 0.024837
2 0.500368 0.168627 0.015441 0.023529
2 0.519118 0.087582 0.013235 0.020915
2 0.501103 0.069281 0.011029 0.018301
2 0.503309 0.050980 0.011029 0.015686
2 0.500735 0.029412 0.008824 0.011765
2 0.509926 0.005229 0.011029 0.010458
2 0.341176 0.216993 0.020588 0.039216
0 0.341176 0.158824 0.005882 0.027451
2 0.443750 0.168627 0.018382 0.031373
2 0.467279 0.188235 0.018382 0.031373
0 0.432353 0.193464 0.005882 0.015686
2 0.416544 0.209150 0.018382 0.031373
0 0.377206 0.175817 0.004412 0.011765
2 0.369853 0.142484 0.017647 0.028758
2 0.375368 0.130719 0.016912 0.023529
2 0.385662 0.116340 0.015441 0.018301
2 0.406250 0.057516 0.011029 0.018301
0 0.401103 0.073203 0.005147 0.018301
0 0.398162 0.074510 0.005147 0.018301
0 0.407353 0.096078 0.005882 0.009150
2 0.371691 0.007843 0.009559 0.013072
2 0.347426 0.021569 0.019853 0.014379
2 0.352941 0.028105 0.010294 0.016993
0 0.540441 0.155556 0.005882 0.015686
0 0.558088 0.292157 0.008824 0.022222
0 0.546324 0.160131 0.005882 0.016993
2 0.651838 0.096078 0.016912 0.019608
0 0.565441 0.074510 0.004412 0.023529
2 0.576471 0.084967 0.013235 0.018301
2 0.570588 0.067320 0.010294 0.016993
2 0.550735 0.005882 0.011765 0.011765