0 0.737868 0.862745 0.030147 0.101961
0 0.766912 0.833987 0.025000 0.075817
0 0.760662 0.804575 0.022794 0.071895
0 0.770221 0.795425 0.021324 0.066667
0 0.732721 0.771895 0.022794 0.079739
0 0.791544 0.785621 0.018382 0.081046
0 0.666912 0.577124 0.016176 0.066667
0 0.653309 0.561438 0.011029 0.045752
0 0.685662 0.388235 0.012500 0.062745
0 0.718382 0.318301 0.011765 0.048366
0 0.717279 0.306536 0.006618 0.022222
0 0.933456 0.441830 0.022794 0.062745
0 0.916912 0.436601 0.019118 0.054902
0 0.951471 0.316340 0.014706 0.054902
0 0.938603 0.310458 0.015441 0.048366
0 0.983456 0.275163 0.015441 0.045752
0 0.929412 0.260784 0.014706 0.045752
0 0.919485 0.256863 0.013971 0.045752
0 0.890809 0.152288 0.008088 0.035294
0 0.885294 0.151634 0.007353 0.031373
0 0.877574 0.159477 0.009559 0.026144
0 0.867279 0.167320 0.009559 0.028758
0 0.858088 0.181046 0.011765 0.032680
0 0.855882 0.194118 0.011765 0.040523
0 0.848529 0.198693 0.010294 0.033987
0 0.843015 0.212418 0.013971 0.032680
0 0.843015 0.216340 0.012500 0.030065
0 0.838971 0.245098 0.011765 0.022222
0 0.841544 0.253595 0.016912 0.036601
0 0.841544 0.291503 0.013971 0.047059
0 0.813235 0.072549 0.008824 0.030065
0 0.817279 0.105229 0.012500 0.032680
0 0.808824 0.098039 0.008824 0.033987
0 0.805147 0.093464 0.010294 0.035294
0 0.806985 0.094771 0.008088 0.030065
0 0.685294 0.010458 0.011765 0.020915
0 0.683456 0.008497 0.009559 0.016993
0 0.691912 0.013725 0.011765 0.019608
0 0.695956 0.016340 0.009559 0.019608
0 0.620588 0.119608 0.011765 0.030065
0 0.598529 0.080392 0.005882 0.032680
0 0.565809 0.090850 0.006618 0.024837
0 0.593015 0.046405 0.005147 0.027451
0 0.623162 0.052941 0.008088 0.040523
0 0.627941 0.038562 0.007353 0.027451
0 0.628309 0.033333 0.006618 0.027451
0 0.646691 0.041176 0.005147 0.027451
0 0.654044 0.034641 0.005147 0.024837
0 0.411765 0.011111 0.011765 0.022222
0 0.416544 0.035294 0.006618 0.031373
0 0.348162 0.016340 0.009559 0.027451
0 0.607353 0.206536 0.008824 0.044444
0 0.617279 0.287582 0.012500 0.047059
0 0.613235 0.271242 0.010294 0.050980
0 0.551838 0.143137 0.008088 0.040523
0 0.534926 0.141176 0.008088 0.026144
0 0.523162 0.139216 0.006618 0.037908
0 0.089338 0.984967 0.030147 0.030065
2 0.043382 0.656209 0.086765 0.112418
0 0.119485 0.469935 0.021324 0.050980
0 0.121324 0.462745 0.020588 0.044444
0 0.088603 0.571895 0.013971 0.037908
0 0.093382 0.560784 0.017647 0.031373
2 0.069853 0.469281 0.114706 0.112418
0 0.003676 0.125490 0.005882 0.023529
0 0.002206 0.115686 0.004412 0.032680
2 0.022059 0.069935 0.044118 0.037908
2 0.022059 0.032026 0.044118 0.035294
2 0.034926 0.011765 0.049265 0.023529
2 0.077941 0.009150 0.030882 0.018301
2 0.099265 0.013725 0.023529 0.027451
0 0.095221 0.026797 0.008088 0.024837
0 0.096691 0.025490 0.006618 0.016993
0 0.094853 0.125490 0.010294 0.031373
2 0.202941 0.014379 0.044118 0.026144
2 0.198897 0.026797 0.033088 0.027451
2 0.205882 0.035948 0.036765 0.032680
2 0.194118 0.070588 0.044118 0.033987
2 0.128309 0.090196 0.037500 0.033987
0 0.127941 0.104575 0.008824 0.026144
0 0.116912 0.179739 0.007353 0.037908
0 0.121691 0.177778 0.009559 0.041830
2 0.175735 0.092810 0.027941 0.041830
0 0.184926 0.107843 0.006618 0.030065
2 0.158456 0.122876 0.049265 0.036601
0 0.152574 0.162745 0.008088 0.037908
2 0.176103 0.193464 0.075735 0.057516
2 0.148529 0.228105 0.069118 0.050980
0 0.180882 0.253595 0.011765 0.049673
0 0.193382 0.263399 0.007353 0.027451
0 0.189706 0.250327 0.005882 0.040523
0 0.176103 0.289542 0.013971 0.030065
2 0.101838 0.390196 0.094853 0.077124
0 0.142647 0.902614 0.023529 0.035294
0 0.154779 0.873856 0.021324 0.064052
0 0.191176 0.851634 0.023529 0.053595
0 0.203676 0.814379 0.019118 0.086275
0 0.172794 0.815686 0.019118 0.086275
0 0.192279 0.817647 0.030147 0.050980
0 0.200368 0.724837 0.016912 0.066667
0 0.222794 0.722876 0.023529 0.049673
0 0.226471 0.703268 0.019118 0.049673
0 0.235294 0.629412 0.027941 0.050980
0 0.230515 0.617647 0.015441 0.037908
0 0.386765 0.815686 0.020588 0.088889
0 0.352941 0.780392 0.020588 0.086275
0 0.304779 0.716340 0.012500 0.044444
0 0.293750 0.709804 0.016912 0.078431
0 0.395956 0.435294 0.012500 0.062745
0 0.414338 0.432026 0.013971 0.066667
0 0.507353 0.442484 0.008824 0.056209
0 0.454779 0.274510 0.011029 0.049673
0 0.502941 0.116993 0.007353 0.022222
0 0.505147 0.104575 0.005882 0.020915
0 0.500735 0.111111 0.005882 0.015686
0 0.497059 0.125490 0.008824 0.023529
0 0.494853 0.116340 0.005882 0.020915
0 0.490441 0.111765 0.007353 0.016993
0 0.483824 0.122876 0.007353 0.039216
0 0.481618 0.119608 0.010294 0.019608
0 0.479412 0.107190 0.007353 0.033987
0 0.476838 0.108497 0.006618 0.023529
0 0.461397 0.152941 0.012500 0.041830
0 0.457353 0.115686 0.007353 0.024837
0 0.448897 0.111765 0.006618 0.027451
0 0.434559 0.121569 0.007353 0.023529
0 0.425368 0.125490 0.006618 0.013072
0 0.431985 0.111111 0.006618 0.023529
0 0.407721 0.118954 0.009559 0.033987
0 0.388971 0.126144 0.008824 0.024837
0 0.362868 0.124183 0.008088 0.031373
0 0.355882 0.122876 0.008824 0.041830
0 0.349632 0.127451 0.008088 0.035294
0 0.301471 0.120915 0.007353 0.040523
0 0.300000 0.158824 0.007353 0.043137
0 0.153676 0.518301 0.020588 0.058824
0 0.191176 0.562745 0.017647 0.037908
0 0.190441 0.544444 0.016176 0.030065
0 0.164706 0.453595 0.016176 0.028758
0 0.152941 0.399346 0.014706 0.040523
0 0.160662 0.395425 0.015441 0.048366
0 0.157721 0.388235 0.011029 0.041830
0 0.158824 0.350327 0.014706 0.031373
0 0.161397 0.338562 0.013971 0.031373
0 0.163971 0.328105 0.011765 0.026144
0 0.219485 0.192157 0.012500 0.041830
0 0.217279 0.216340 0.012500 0.027451
0 0.208824 0.257516 0.014706 0.028758
0 0.211765 0.251634 0.010294 0.024837
0 0.252206 0.298039 0.010294 0.026144
0 0.251471 0.292810 0.016176 0.033987
0 0.219485 0.298039 0.009559 0.044444
0 0.230147 0.292810 0.007353 0.033987
0 0.223897 0.292157 0.011029 0.045752
0 0.304412 0.254248 0.010294 0.050980
0 0.313235 0.214379 0.010294 0.041830
0 0.306250 0.218954 0.008088 0.035294
0 0.255515 0.243137 0.008088 0.041830
0 0.263971 0.203268 0.007353 0.040523
0 0.263235 0.214379 0.010294 0.031373
0 0.244118 0.171895 0.007353 0.024837
0 0.243382 0.190850 0.008824 0.041830
0 0.254412 0.188235 0.010294 0.026144
0 0.254412 0.190196 0.011765 0.045752
0 0.370956 0.221569 0.006618 0.014379
0 0.354044 0.211111 0.011029 0.043137