2 0.269485 0.871895 0.105147 0.109804
2 0.123897 0.833987 0.128676 0.104575
2 0.405515 0.743791 0.047794 0.128105
2 0.419118 0.560784 0.035294 0.081046
2 0.334926 0.552288 0.040441 0.090196
2 0.412132 0.426797 0.028676 0.079739
2 0.478676 0.487582 0.030882 0.070588
2 0.426838 0.332680 0.024265 0.061438
2 0.431618 0.249020 0.023529 0.048366
2 0.439706 0.220261 0.023529 0.048366
2 0.479412 0.224837 0.023529 0.049673
2 0.109559 0.971242 0.067647 0.057516
2 0.189338 0.675163 0.093382 0.056209
2 0.195956 0.623529 0.102206 0.054902
2 0.256250 0.513072 0.083088 0.061438
2 0.284559 0.469281 0.086765 0.054902
2 0.284191 0.436601 0.069853 0.049673
2 0.309926 0.414379 0.069853 0.049673
2 0.333456 0.396078 0.069853 0.049673
2 0.312868 0.367320 0.069853 0.049673
2 0.331250 0.352941 0.069853 0.049673
2 0.273162 0.351634 0.069853 0.049673
2 0.313603 0.366013 0.069853 0.049673
2 0.356985 0.299346 0.050735 0.047059
2 0.338235 0.279739 0.069118 0.049673
2 0.344118 0.269281 0.066176 0.041830
2 0.351471 0.245752 0.069118 0.049673
2 0.348162 0.248366 0.053676 0.044444
2 0.236397 0.277124 0.027206 0.041830
0 0.109926 0.642484 0.013971 0.040523
0 0.105515 0.633987 0.013971 0.039216
0 0.577941 0.900000 0.014706 0.058824
0 0.583824 0.887582 0.014706 0.060131
0 0.573529 0.884314 0.014706 0.058824
2 0.566544 0.358170 0.056618 0.054902
2 0.530882 0.314379 0.025000 0.045752
2 0.570956 0.299346 0.047794 0.041830
2 0.562132 0.269281 0.046324 0.041830
0 0.740809 0.906536 0.024265 0.061438
0 0.722794 0.977124 0.022059 0.040523
0 0.396691 0.269935 0.009559 0.030065
0 0.511397 0.235948 0.009559 0.032680
0 0.508088 0.192157 0.010294 0.028758
2 0.445956 0.160784 0.016912 0.028758
2 0.474265 0.116340 0.016176 0.026144
2 0.468015 0.078431 0.011029 0.023529