2 0.047917 0.241204 0.042708 0.026852
0 0.079427 0.247222 0.006771 0.018519
0 0.045312 0.245370 0.006250 0.014815
0 0.065625 0.267593 0.006250 0.018519
0 0.054688 0.312037 0.007292 0.022222
0 0.110417 0.279630 0.008333 0.024074
2 0.115365 0.258333 0.025521 0.027778
0 0.104427 0.232407 0.004687 0.016667
0 0.114062 0.216667 0.005208 0.020370
0 0.119010 0.231481 0.006771 0.018519
0 0.166927 0.234259 0.005729 0.018519
0 0.171354 0.239352 0.006250 0.017593
2 0.167969 0.261574 0.026562 0.026852
0 0.154167 0.290741 0.006250 0.025926
0 0.145052 0.304630 0.005729 0.016667
0 0.159896 0.297685 0.006250 0.023148
0 0.167448 0.308796 0.006771 0.025000
0 0.162240 0.309722 0.003646 0.023148
0 0.195833 0.268056 0.005208 0.017593
0 0.205990 0.255556 0.003646 0.022222
0 0.209635 0.256019 0.004687 0.028704
0 0.213281 0.243981 0.004687 0.023148
0 0.219531 0.253241 0.005729 0.025000
0 0.227604 0.244907 0.005208 0.023148
2 0.239583 0.224074 0.028125 0.025926
2 0.258854 0.240278 0.017708 0.025000
0 0.254688 0.212963 0.004167 0.018519
0 0.262240 0.212037 0.005729 0.020370
0 0.270573 0.209722 0.005729 0.021296
0 0.255208 0.193981 0.004167 0.015741
0 0.280990 0.207870 0.004687 0.019444
0 0.278385 0.197685 0.005729 0.017593
2 0.182292 0.167593 0.008333 0.014815
2 0.235677 0.156019 0.011979 0.017593
2 0.238542 0.137963 0.010417 0.016667
2 0.312240 0.148148 0.010937 0.014815
2 0.311719 0.136574 0.010937 0.012037
2 0.261198 0.056944 0.007812 0.010185
2 0.275521 0.044907 0.005208 0.012037
2 0.274479 0.061574 0.006250 0.010185
0 0.369792 0.150926 0.003125 0.016667
0 0.383073 0.203704 0.004687 0.020370
0 0.378646 0.213426 0.004167 0.021296
0 0.387760 0.292130 0.005729 0.026852
0 0.416667 0.282870 0.004167 0.023148
0 0.451042 0.290278 0.004167 0.023148
0 0.447135 0.294907 0.003646 0.023148
0 0.445052 0.361574 0.004687 0.028704
0 0.440104 0.356481 0.005208 0.024074
0 0.434635 0.356944 0.005729 0.032407
0 0.432552 0.323611 0.004687 0.025000
0 0.392188 0.393981 0.006250 0.032407
0 0.408854 0.385185 0.006250 0.024074
0 0.374479 0.456944 0.007292 0.036111
0 0.354948 0.461111 0.005729 0.033333
2 0.391406 0.482407 0.023438 0.044444
0 0.426302 0.616204 0.010937 0.047222
0 0.446875 0.512500 0.007292 0.041667
0 0.465365 0.550463 0.008854 0.045370
2 0.081771 0.449074 0.041667 0.051852
2 0.457813 0.695370 0.011458 0.048148
0 0.444531 0.714815 0.006771 0.042593
0 0.451823 0.711574 0.006771 0.037963
0 0.406771 0.703704 0.008333 0.042593
0 0.552865 0.750463 0.006771 0.025000
0 0.556250 0.754167 0.006250 0.050926
0 0.571094 0.570370 0.008854 0.048148
0 0.297917 0.980556 0.020833 0.035185
0 0.348438 0.855093 0.012500 0.065741
0 0.294010 0.775000 0.010937 0.061111
0 0.102865 0.343981 0.008854 0.025000
0 0.115885 0.349074 0.006771 0.025926
0 0.070052 0.383333 0.008854 0.024074
0 0.157812 0.349537 0.006250 0.017593
0 0.174740 0.325926 0.006771 0.018519
0 0.172917 0.367130 0.007292 0.023148
2 0.095312 0.404630 0.034375 0.046296
0 0.035156 0.509722 0.010937 0.045370
0 0.069271 0.431019 0.007292 0.025000
0 0.013281 0.507870 0.010937 0.026852
0 0.004948 0.458796 0.007812 0.034259
0 0.011458 0.456019 0.008333 0.037963
2 0.043490 0.493056 0.047396 0.058333
2 0.017188 0.553241 0.034375 0.060185