2 0.519118 0.954248 0.039706 0.091503
2 0.601838 0.866013 0.038971 0.095425
2 0.447794 0.784967 0.036765 0.118954
2 0.365809 0.777124 0.043382 0.118954
2 0.540441 0.703268 0.039706 0.094118
0 0.582353 0.611765 0.010294 0.036601
2 0.510294 0.555556 0.025000 0.062745
2 0.542647 0.524837 0.026471 0.058824
2 0.516176 0.483007 0.022059 0.050980
2 0.336029 0.452288 0.026471 0.060131
2 0.376838 0.418954 0.024265 0.048366
2 0.463235 0.430065 0.027941 0.060131
2 0.518750 0.396732 0.037500 0.058824
2 0.559926 0.459477 0.046324 0.058824
2 0.476471 0.290850 0.019118 0.050980
2 0.481250 0.236601 0.015441 0.044444
2 0.391912 0.169281 0.017647 0.030065
0 0.442279 0.143137 0.006618 0.019608
2 0.474265 0.111111 0.010294 0.028758
2 0.480515 0.005229 0.008088 0.010458
2 0.534559 0.004575 0.010294 0.009150
2 0.543015 0.024183 0.009559 0.019608
0 0.536029 0.045752 0.004412 0.018301
2 0.546691 0.048366 0.012500 0.020915
2 0.541912 0.080392 0.014706 0.024837
2 0.542647 0.138562 0.017647 0.031373
2 0.563971 0.249673 0.022059 0.036601
2 0.579412 0.290196 0.020588 0.039216
2 0.643750 0.501961 0.061029 0.049673
2 0.772426 0.513072 0.063971 0.053595
2 0.631250 0.415686 0.041912 0.041830
2 0.628676 0.352288 0.047059 0.032680
2 0.627574 0.328105 0.047794 0.031373
2 0.626471 0.264706 0.041176 0.032680
2 0.631618 0.246405 0.033824 0.027451
2 0.617647 0.216340 0.032353 0.027451
2 0.615074 0.200000 0.038971 0.020915
2 0.606618 0.164706 0.032353 0.018301
2 0.602941 0.151634 0.029412 0.023529
2 0.602206 0.136601 0.035294 0.027451
2 0.595956 0.115686 0.027206 0.027451
2 0.587500 0.084967 0.027941 0.018301
2 0.584559 0.073203 0.026471 0.018301
2 0.576471 0.052288 0.026471 0.015686
2 0.573529 0.041830 0.023529 0.015686
2 0.573529 0.016993 0.025000 0.018301
2 0.566176 0.008497 0.022059 0.014379
0 0.615441 0.039216 0.002941 0.020915
0 0.598897 0.049020 0.003676 0.016993
0 0.603676 0.047712 0.004412 0.019608
0 0.606618 0.037255 0.004412 0.016993
2 0.666912 0.156863 0.033824 0.028758
2 0.633824 0.052288 0.026471 0.018301
0 0.640074 0.100000 0.005147 0.022222
0 0.698529 0.178431 0.004412 0.011765
2 0.931985 0.516993 0.050735 0.048366
0 0.868382 0.611111 0.005882 0.019608
0 0.874265 0.614379 0.008824 0.039216
0 0.955515 0.609150 0.012500 0.026144
0 0.981618 0.558170 0.007353 0.018301
2 0.877574 0.378431 0.031618 0.045752
2 0.899632 0.373856 0.036029 0.047059
2 0.923897 0.373203 0.034559 0.043137
2 0.951103 0.371895 0.040441 0.053595
2 0.973529 0.367320 0.039706 0.047059
2 0.989706 0.366667 0.020588 0.050980