2 0.840809 0.883007 0.125735 0.139869
0 0.738235 0.786928 0.023529 0.062745
2 0.709191 0.649020 0.119853 0.092810
2 0.671691 0.540523 0.102206 0.079739
2 0.582353 0.597386 0.058824 0.122876
2 0.491912 0.602614 0.047059 0.104575
2 0.657721 0.469281 0.093382 0.073203
0 0.696324 0.290196 0.008824 0.047059
0 0.663603 0.329412 0.008088 0.047059
0 0.673529 0.339869 0.008824 0.049673
0 0.680147 0.330719 0.007353 0.049673
0 0.671324 0.275163 0.008824 0.043137
0 0.660294 0.279085 0.008824 0.043137
0 0.652574 0.272549 0.009559 0.045752
0 0.662132 0.256209 0.011029 0.047059
2 0.597794 0.342484 0.064706 0.060131
2 0.589338 0.295425 0.065441 0.052288
2 0.556618 0.214379 0.047059 0.044444
2 0.547794 0.181699 0.057353 0.039216
2 0.533456 0.154902 0.052206 0.037908
0 0.586029 0.164706 0.005882 0.028758
0 0.579779 0.162092 0.006618 0.031373
0 0.572426 0.160131 0.006618 0.032680
2 0.569118 0.122222 0.026471 0.043137
0 0.337868 0.560784 0.013971 0.060131
0 0.342647 0.553595 0.014706 0.048366
0 0.094853 0.437908 0.014706 0.060131
0 0.088971 0.432026 0.014706 0.056209
2 0.393382 0.308497 0.032353 0.067974
0 0.362868 0.386928 0.012500 0.041830
2 0.294485 0.377124 0.044853 0.095425
2 0.279412 0.160784 0.055882 0.041830
2 0.300368 0.141176 0.053676 0.039216
2 0.515809 0.133987 0.037500 0.030065
0 0.485662 0.220261 0.008088 0.032680
2 0.425368 0.175163 0.024265 0.044444
2 0.441544 0.115686 0.022794 0.032680
0 0.448529 0.152288 0.007353 0.030065
0 0.137132 0.333333 0.009559 0.044444
0 0.242279 0.084314 0.003676 0.024837
0 0.359926 0.079739 0.006618 0.020915
0 0.364706 0.033333 0.005882 0.022222
2 0.371691 0.059477 0.018382 0.032680
0 0.408088 0.076471 0.005882 0.022222
0 0.429412 0.086928 0.005882 0.022222
0 0.479412 0.079739 0.004412 0.023529
2 0.415074 0.017647 0.013971 0.022222
2 0.417647 0.062092 0.017647 0.030065
2 0.423529 0.038562 0.016176 0.027451
0 0.444118 0.068627 0.004412 0.016993
0 0.443015 0.065359 0.005147 0.018301
0 0.448162 0.035294 0.003676 0.023529
0 0.443015 0.043137 0.006618 0.020915
2 0.498162 0.079739 0.034559 0.031373
0 0.520956 0.061438 0.005147 0.026144
0 0.528309 0.047712 0.003676 0.024837
0 0.527206 0.082353 0.004412 0.026144
0 0.536765 0.080392 0.005882 0.024837
0 0.576471 0.077124 0.005882 0.023529