0 0.086765 0.094771 0.008824 0.022222
0 0.137868 0.089542 0.006618 0.030065
0 0.141544 0.088235 0.006618 0.032680
0 0.158088 0.107843 0.007353 0.035294
0 0.151838 0.088235 0.008088 0.032680
0 0.158824 0.133333 0.007353 0.036601
0 0.153676 0.132680 0.007353 0.035294
0 0.150000 0.137255 0.005882 0.033987
0 0.147794 0.152941 0.007353 0.039216
0 0.148162 0.162745 0.006618 0.022222
0 0.022059 0.179085 0.010294 0.031373
0 0.029044 0.180392 0.008088 0.031373
0 0.025735 0.143137 0.011765 0.043137
0 0.017279 0.145752 0.011029 0.045752
0 0.117279 0.118954 0.008088 0.039216
0 0.106618 0.122222 0.010294 0.040523
0 0.071691 0.147712 0.011029 0.044444
0 0.083088 0.139869 0.010294 0.041830
0 0.097426 0.183660 0.009559 0.040523
0 0.089706 0.178431 0.008824 0.045752
0 0.059191 0.142484 0.009559 0.031373
0 0.055882 0.148366 0.010294 0.030065
0 0.147426 0.225490 0.009559 0.030065
0 0.206618 0.358170 0.020588 0.052288
0 0.229412 0.354248 0.017647 0.044444
0 0.215441 0.332680 0.013235 0.037908
0 0.230515 0.292157 0.013971 0.040523
0 0.259559 0.291503 0.010294 0.054902
0 0.111029 0.091503 0.005882 0.031373
0 0.112500 0.088235 0.007353 0.037908
0 0.290441 0.456863 0.017647 0.058824
0 0.281250 0.383660 0.021324 0.043137
0 0.288603 0.346405 0.019853 0.041830
0 0.286765 0.290196 0.016176 0.044444
0 0.247059 0.192810 0.010294 0.032680
0 0.308088 0.170588 0.008824 0.030065
0 0.274632 0.120915 0.008088 0.037908
0 0.069853 0.497386 0.014706 0.084967
0 0.032353 0.083660 0.010294 0.039216
0 0.233088 0.021569 0.005882 0.024837
0 0.229779 0.022876 0.005147 0.024837
2 0.291544 0.021569 0.013971 0.016993
2 0.268382 0.111111 0.022059 0.036601
2 0.250000 0.122222 0.022059 0.043137
2 0.262132 0.145098 0.021324 0.033987
2 0.268382 0.169281 0.026471 0.043137
2 0.284926 0.204575 0.031618 0.048366
2 0.294853 0.239869 0.036765 0.056209
2 0.343750 0.350327 0.049265 0.083660
2 0.345956 0.437255 0.086029 0.103268
2 0.229044 0.683007 0.159559 0.132026
2 0.085662 0.748366 0.171324 0.137255
2 0.055147 0.872549 0.110294 0.184314
0 0.968015 0.547059 0.019853 0.064052
0 0.725735 0.611111 0.017647 0.090196
0 0.728309 0.584314 0.016912 0.073203
0 0.628309 0.518301 0.013971 0.074510
0 0.521324 0.623529 0.019118 0.091503
0 0.517279 0.601961 0.019853 0.084967
0 0.516912 0.552288 0.016176 0.092810
0 0.571691 0.483660 0.018382 0.073203
0 0.574632 0.539869 0.013971 0.083660
0 0.451103 0.439869 0.013971 0.079739
0 0.421324 0.485621 0.013235 0.050980
2 0.389338 0.047059 0.013971 0.020915
2 0.376471 0.037255 0.013235 0.022222
2 0.366912 0.030065 0.013235 0.020915
0 0.393382 0.054248 0.005882 0.027451
0 0.445956 0.052288 0.006618 0.028758
2 0.491912 0.057516 0.016176 0.023529
0 0.634191 0.202614 0.006618 0.041830
2 0.682721 0.169935 0.021324 0.047059
2 0.744853 0.216340 0.057353 0.040523
2 0.797426 0.250327 0.063971 0.050980
2 0.872426 0.271895 0.052206 0.049673
2 0.930882 0.288889 0.054412 0.052288
2 0.977941 0.320915 0.044118 0.064052
0 0.965441 0.203268 0.005882 0.037908
0 0.962868 0.201961 0.009559 0.040523
0 0.993015 0.249020 0.009559 0.040523