2 0.167708 0.728704 0.068750 0.142593
2 0.544271 0.781481 0.046875 0.140741
2 0.668750 0.814815 0.106250 0.085185
0 0.803125 0.848148 0.018750 0.059259
2 0.626042 0.729630 0.075000 0.074074
2 0.757292 0.450926 0.047917 0.087037
0 0.838021 0.571296 0.017708 0.050000
2 0.604688 0.516667 0.080208 0.066667
2 0.602083 0.466667 0.072917 0.055556
0 0.258333 0.602778 0.014583 0.046296
2 0.305729 0.425926 0.057292 0.074074
2 0.389583 0.388889 0.033333 0.070370
2 0.408854 0.273148 0.026042 0.053704
0 0.145313 0.646296 0.015625 0.051852
0 0.139583 0.639815 0.010417 0.042593
0 0.159375 0.636111 0.012500 0.042593
0 0.159375 0.512963 0.016667 0.040741
0 0.159896 0.413889 0.017708 0.038889
0 0.249479 0.354630 0.009375 0.035185
2 0.157812 0.374074 0.065625 0.044444
2 0.170313 0.344444 0.061458 0.037037
2 0.583854 0.255556 0.048958 0.037037
2 0.301042 0.298148 0.035417 0.055556
0 0.315104 0.296296 0.007292 0.033333
0 0.363021 0.286111 0.009375 0.027778
2 0.330208 0.236111 0.031250 0.050000
0 0.184375 0.328704 0.012500 0.038889
2 0.182812 0.311111 0.059375 0.044444
2 0.194271 0.286111 0.061458 0.046296
2 0.212500 0.264815 0.056250 0.040741
0 0.316146 0.185185 0.007292 0.040741
0 0.377604 0.186111 0.007292 0.020370
2 0.372917 0.160185 0.041667 0.027778
0 0.259896 0.660185 0.013542 0.035185
0 0.498958 0.488889 0.010417 0.029630
0 0.540104 0.417593 0.011458 0.031481
2 0.525521 0.177778 0.017708 0.040741
2 0.527083 0.145370 0.018750 0.031481
2 0.558854 0.115741 0.038542 0.035185
2 0.614062 0.061111 0.015625 0.025926
2 0.623437 0.048148 0.028125 0.025926
0 0.600000 0.050926 0.004167 0.020370
0 0.605729 0.048148 0.005208 0.022222
0 0.466146 0.089815 0.005208 0.024074
0 0.507812 0.088889 0.007292 0.022222
2 0.520312 0.112963 0.015625 0.025926
0 0.514062 0.080556 0.005208 0.027778
0 0.511458 0.075926 0.006250 0.029630
0 0.048438 0.387963 0.019792 0.042593
0 0.008854 0.435185 0.017708 0.040741
0 0.126042 0.256481 0.010417 0.031481
0 0.121354 0.256481 0.009375 0.035185
2 0.428646 0.120370 0.017708 0.033333
2 0.413542 0.088889 0.016667 0.033333
2 0.383854 0.088889 0.019792 0.033333
0 0.400000 0.110185 0.006250 0.020370
0 0.391146 0.136111 0.007292 0.020370
2 0.359375 0.146296 0.039583 0.037037
2 0.440104 0.066667 0.015625 0.029630
2 0.422917 0.066667 0.014583 0.029630
2 0.382292 0.062963 0.016667 0.033333
2 0.492708 0.040741 0.022917 0.025926
2 0.443750 0.033333 0.014583 0.025926
0 0.333333 0.059259 0.006250 0.022222
2 0.020833 0.318519 0.041667 0.044444
2 0.026042 0.287963 0.052083 0.042593
2 0.043750 0.269444 0.056250 0.038889
2 0.056771 0.250000 0.053125 0.037037
2 0.078646 0.235185 0.053125 0.040741
2 0.104167 0.202778 0.050000 0.035185
2 0.194271 0.203704 0.034375 0.040741
2 0.176042 0.195370 0.037500 0.046296
2 0.398958 0.013889 0.014583 0.024074
2 0.427604 0.012037 0.013542 0.024074
2 0.446354 0.014815 0.013542 0.018519
2 0.471875 0.008333 0.012500 0.016667
0 0.148958 0.156481 0.008333 0.031481
0 0.160417 0.170370 0.010417 0.029630
0 0.362500 0.076852 0.006250 0.027778
0 0.364583 0.075000 0.004167 0.027778
2 0.357292 0.036111 0.031250 0.024074
0 0.335417 0.035185 0.004167 0.018519
0 0.115104 0.236111 0.007292 0.024074
0 0.119792 0.229630 0.010417 0.037037
0 0.081250 0.181481 0.008333 0.029630
0 0.580208 0.017593 0.006250 0.020370