2 0.736397 0.154902 0.025735 0.024837
2 0.708088 0.183007 0.038235 0.028758
2 0.680882 0.227451 0.029412 0.047059
2 0.659191 0.273856 0.040441 0.045752
0 0.625368 0.171895 0.006618 0.022222
0 0.473162 0.192810 0.006618 0.035294
0 0.480515 0.199346 0.006618 0.032680
2 0.897794 0.079739 0.008824 0.013072
2 0.893382 0.098039 0.010294 0.018301
0 0.909559 0.096732 0.002941 0.015686
0 0.906250 0.094771 0.003676 0.014379
2 0.852574 0.121569 0.013971 0.018301
2 0.887132 0.140523 0.015441 0.019608
2 0.848529 0.160784 0.016176 0.023529
2 0.852206 0.169281 0.017647 0.030065
2 0.855515 0.181046 0.019853 0.035294
2 0.699632 0.362092 0.062500 0.065359
2 0.851471 0.194118 0.019118 0.027451
2 0.852941 0.211111 0.022059 0.035294
2 0.853309 0.230065 0.024265 0.044444
2 0.852941 0.252288 0.025000 0.039216
2 0.844118 0.273203 0.029412 0.052288
2 0.840809 0.309804 0.034559 0.054902
2 0.843382 0.345098 0.038235 0.067974
2 0.834559 0.394771 0.041176 0.067974
2 0.846691 0.454902 0.047794 0.086275
2 0.780515 0.361438 0.036029 0.066667
2 0.765809 0.398039 0.043382 0.084967
2 0.748529 0.464052 0.050000 0.096732
0 0.975735 0.663399 0.033824 0.092810
0 0.954044 0.721569 0.031618 0.083660
0 0.835294 0.632026 0.025000 0.084967
0 0.807721 0.628105 0.024265 0.074510
0 0.784559 0.639216 0.014706 0.054902
0 0.763603 0.628758 0.019853 0.083660
2 0.659559 0.451634 0.051471 0.084967
0 0.706618 0.559477 0.019118 0.060131
0 0.689706 0.553595 0.017647 0.079739
0 0.684559 0.548366 0.013235 0.061438
0 0.431618 0.866667 0.030882 0.125490
0 0.437868 0.473856 0.012500 0.066667
0 0.697059 0.292157 0.007353 0.027451
0 0.698897 0.289542 0.008088 0.037908
0 0.616544 0.292157 0.013971 0.045752
0 0.610294 0.252288 0.007353 0.044444
0 0.605882 0.284314 0.008824 0.045752
0 0.598529 0.292157 0.007353 0.045752
0 0.599265 0.284314 0.005882 0.043137
0 0.601838 0.343137 0.011029 0.053595
0 0.576471 0.359477 0.013235 0.052288
0 0.590809 0.449020 0.013971 0.053595
0 0.505515 0.473856 0.018382 0.061438
0 0.015441 0.362092 0.013235 0.044444
0 0.023897 0.359477 0.008088 0.039216
0 0.236029 0.238562 0.011765 0.043137
2 0.081250 0.464052 0.084559 0.088889
2 0.194853 0.468627 0.085294 0.087582
2 0.261397 0.450327 0.072794 0.077124
0 0.277206 0.224183 0.008824 0.037908
0 0.266176 0.235294 0.010294 0.044444
0 0.295221 0.218301 0.009559 0.044444
0 0.295956 0.235948 0.008088 0.024837
0 0.404044 0.223529 0.008088 0.023529
0 0.391544 0.226797 0.009559 0.024837
0 0.366544 0.254902 0.005147 0.039216
0 0.508456 0.326797 0.006618 0.047059
0 0.501103 0.316340 0.008088 0.047059
0 0.493015 0.312418 0.009559 0.049673
0 0.388235 0.277124 0.010294 0.047059
0 0.406250 0.283660 0.008088 0.041830
0 0.348162 0.421569 0.016912 0.064052
0 0.350000 0.421569 0.010294 0.043137
0 0.354412 0.265359 0.008824 0.039216
0 0.354044 0.260131 0.008088 0.039216
0 0.275368 0.371895 0.011029 0.061438
0 0.273897 0.371242 0.013971 0.052288