0 0.499265 0.957516 0.014706 0.053595
0 0.529044 0.905229 0.027206 0.053595
0 0.521324 0.837908 0.010294 0.028758
0 0.530515 0.824183 0.012500 0.045752
0 0.576471 0.920915 0.017647 0.061438
2 0.656250 0.932680 0.093382 0.134641
0 0.640074 0.948366 0.021324 0.040523
2 0.719118 0.843791 0.094118 0.147712
0 0.721324 0.570588 0.013235 0.048366
0 0.809926 0.931373 0.021324 0.050980
0 0.863235 0.907843 0.030882 0.045752
0 0.948897 0.603268 0.016912 0.040523
0 0.804044 0.443137 0.015441 0.033987
0 0.941176 0.491503 0.013235 0.054902
0 0.877206 0.359477 0.013235 0.031373
2 0.407721 0.578431 0.037500 0.121569
2 0.477941 0.481699 0.069118 0.105882
2 0.553676 0.405229 0.076471 0.104575
2 0.700368 0.228105 0.059559 0.082353
2 0.674632 0.158824 0.055147 0.074510
2 0.745588 0.088889 0.051471 0.070588
2 0.802941 0.030719 0.050000 0.061438
0 0.637132 0.138562 0.009559 0.039216
0 0.676103 0.051634 0.008088 0.037908
0 0.616912 0.084314 0.011765 0.037908
0 0.625368 0.078431 0.008088 0.036601
0 0.545221 0.145098 0.012500 0.044444
0 0.576838 0.056863 0.006618 0.037908
2 0.519853 0.129412 0.058824 0.075817
0 0.398897 0.491503 0.018382 0.044444
2 0.450000 0.111765 0.061765 0.061438
2 0.406985 0.127451 0.052206 0.082353
0 0.438971 0.225490 0.010294 0.043137
0 0.431250 0.256863 0.008088 0.032680
0 0.405515 0.216993 0.013971 0.039216
0 0.324265 0.325490 0.013235 0.039216
0 0.295588 0.373856 0.016176 0.049673
0 0.243382 0.220915 0.010294 0.041830
0 0.256985 0.205229 0.011029 0.041830
0 0.295221 0.194771 0.012500 0.036601
0 0.265809 0.200000 0.009559 0.039216
0 0.258088 0.277124 0.010294 0.028758
0 0.235662 0.168627 0.012500 0.036601
0 0.224265 0.163399 0.014706 0.039216
0 0.218015 0.172549 0.013971 0.036601
0 0.115441 0.232026 0.013235 0.030065
0 0.246691 0.415686 0.013971 0.041830
0 0.225000 0.436601 0.013235 0.044444
0 0.255147 0.405229 0.014706 0.041830
0 0.247426 0.378431 0.012500 0.045752
0 0.258456 0.378431 0.012500 0.040523
0 0.201838 0.407843 0.018382 0.044444
0 0.077574 0.475817 0.016912 0.041830
0 0.062868 0.533987 0.022794 0.048366