2 0.505208 0.534259 0.045833 0.087037
2 0.452083 0.504630 0.039583 0.075926
2 0.449479 0.296296 0.019792 0.040741
2 0.400000 0.243519 0.022917 0.042593
2 0.319271 0.331481 0.051042 0.048148
2 0.311979 0.312037 0.026042 0.050000
2 0.468750 0.183333 0.014583 0.022222
2 0.555729 0.419444 0.034375 0.061111
2 0.671875 0.554630 0.058333 0.087037
2 0.634375 0.476852 0.041667 0.087037
0 0.355208 0.315741 0.012500 0.031481
0 0.369792 0.262037 0.008333 0.024074
0 0.282292 0.314815 0.012500 0.029630
0 0.326562 0.227778 0.007292 0.022222
2 0.326042 0.233333 0.014583 0.022222
2 0.340625 0.200000 0.016667 0.025926
0 0.551042 0.503704 0.016667 0.040741
0 0.550521 0.501852 0.017708 0.040741
0 0.503125 0.344444 0.006250 0.018519
0 0.503646 0.338889 0.009375 0.029630
0 0.501042 0.314815 0.008333 0.022222
0 0.467187 0.234259 0.005208 0.020370
0 0.471354 0.213889 0.005208 0.016667
0 0.462500 0.164815 0.004167 0.011111
0 0.459896 0.151852 0.003125 0.011111
0 0.380208 0.152778 0.004167 0.012963
0 0.379167 0.167593 0.004167 0.012963
0 0.383854 0.169444 0.005208 0.012963
0 0.452604 0.136111 0.003125 0.009259
2 0.440625 0.128704 0.008333 0.012963
2 0.414062 0.123148 0.007292 0.009259
2 0.421354 0.117593 0.007292 0.005556
0 0.618750 0.713889 0.020833 0.053704
0 0.613542 0.708333 0.022917 0.061111