2 0.309559 0.854248 0.061765 0.139869
0 0.211029 0.671895 0.016176 0.052288
2 0.351838 0.649020 0.043382 0.095425
0 0.415809 0.577124 0.013971 0.040523
2 0.366912 0.530719 0.035294 0.073203
2 0.377206 0.474510 0.027941 0.052288
2 0.444485 0.499346 0.031618 0.062745
0 0.256618 0.432026 0.008824 0.045752
2 0.274265 0.311765 0.042647 0.030065
2 0.280515 0.302614 0.043382 0.030065
2 0.726103 0.952288 0.075735 0.095425
2 0.666544 0.757516 0.052206 0.092810
0 0.834559 0.624183 0.011765 0.045752
0 0.872794 0.630065 0.013235 0.052288
0 0.948529 0.706536 0.016176 0.061438
0 0.940074 0.706536 0.018382 0.050980
0 0.955515 0.722222 0.015441 0.037908
0 0.965441 0.719608 0.011765 0.040523
0 0.973162 0.707843 0.012500 0.027451
0 0.976838 0.695425 0.009559 0.057516
2 0.886397 0.606536 0.087500 0.067974
0 0.946324 0.580392 0.016176 0.049673
2 0.940074 0.536601 0.062500 0.053595
0 0.955147 0.545098 0.013235 0.047059
0 0.961029 0.541176 0.011765 0.049673
0 0.861029 0.532680 0.011765 0.043137
2 0.767647 0.588235 0.067647 0.052288
2 0.584926 0.483007 0.028676 0.056209
0 0.630515 0.518954 0.009559 0.041830
0 0.637500 0.511765 0.008824 0.045752
0 0.626838 0.512418 0.009559 0.044444
0 0.645956 0.508497 0.008088 0.047059
0 0.673529 0.513725 0.011765 0.041830
0 0.674265 0.505229 0.014706 0.037908
0 0.700000 0.486275 0.011765 0.033987
0 0.787132 0.545752 0.011029 0.040523
0 0.820221 0.516993 0.011029 0.045752
0 0.551838 0.457516 0.008088 0.044444
2 0.578309 0.441830 0.034559 0.049673
0 0.687500 0.450980 0.008824 0.039216
0 0.397426 0.430065 0.009559 0.039216
2 0.461029 0.401307 0.023529 0.044444
0 0.504044 0.441176 0.009559 0.037908
2 0.532721 0.420261 0.038971 0.045752
2 0.550000 0.331373 0.019118 0.032680
2 0.463235 0.294771 0.017647 0.030065
2 0.538971 0.290196 0.017647 0.026144
2 0.525735 0.229412 0.013235 0.019608
0 0.437500 0.250980 0.005882 0.018301
2 0.347794 0.275817 0.019118 0.028758
2 0.361029 0.245098 0.017647 0.024837
2 0.186029 0.303922 0.044118 0.027451
0 0.177206 0.269935 0.005882 0.024837
0 0.201103 0.271242 0.006618 0.027451
0 0.207721 0.277124 0.008088 0.028758
0 0.218015 0.264706 0.005147 0.024837
2 0.238603 0.237908 0.021324 0.026144
0 0.281985 0.220915 0.005147 0.020915
0 0.286029 0.222222 0.005882 0.020915
2 0.304779 0.223529 0.016912 0.023529
2 0.331985 0.237908 0.033088 0.023529
0 0.281985 0.199346 0.005147 0.019608
2 0.325368 0.191503 0.011029 0.019608
2 0.332353 0.175817 0.013235 0.016993
2 0.379779 0.213072 0.013971 0.020915
2 0.385662 0.192157 0.012500 0.023529
2 0.606618 0.269281 0.023529 0.026144
2 0.553309 0.182353 0.013971 0.019608
2 0.516544 0.190850 0.011029 0.018301
2 0.462868 0.189542 0.011029 0.018301
2 0.458824 0.166013 0.008824 0.015686
2 0.485662 0.177778 0.011029 0.018301
2 0.515074 0.103922 0.008088 0.011765
2 0.043750 0.638562 0.065441 0.095425
2 0.095956 0.389542 0.041912 0.049673
0 0.101471 0.355556 0.011765 0.028758