2 0.542279 0.835948 0.036029 0.040523
0 0.546691 0.966667 0.005147 0.011765
2 0.535294 0.777778 0.039706 0.047059
2 0.537132 0.714379 0.037500 0.037908
2 0.463235 0.730719 0.013235 0.067974
2 0.498162 0.633333 0.018382 0.066667
0 0.563603 0.721569 0.005147 0.010458
0 0.561029 0.730719 0.005882 0.010458
2 0.369853 0.860784 0.033824 0.040523
2 0.440074 0.620915 0.015441 0.067974
2 0.398162 0.605229 0.015441 0.067974
0 0.413603 0.622222 0.006618 0.015686
0 0.323162 0.575163 0.005147 0.010458
0 0.312868 0.555556 0.006618 0.007843
0 0.332353 0.548366 0.005882 0.009150
0 0.338971 0.547059 0.005882 0.009150
2 0.368750 0.411765 0.037500 0.028758
0 0.400000 0.406536 0.005882 0.010458
0 0.404779 0.364706 0.005147 0.013072
2 0.366544 0.325490 0.036029 0.033987
0 0.377574 0.348366 0.006618 0.011765
2 0.365809 0.266667 0.037500 0.041830
0 0.393750 0.273203 0.005147 0.013072
0 0.442279 0.281699 0.006618 0.014379
2 0.466912 0.413072 0.019118 0.065359
2 0.488235 0.279085 0.017647 0.066667
0 0.480147 0.335294 0.007353 0.011765
0 0.465074 0.307843 0.005147 0.009150
0 0.465074 0.301307 0.005147 0.011765
0 0.508824 0.256863 0.007353 0.011765
0 0.544118 0.273856 0.007353 0.011765
0 0.539338 0.249020 0.005147 0.016993
0 0.477206 0.280392 0.004412 0.016993
0 0.477206 0.271895 0.005882 0.013072
2 0.487500 0.199346 0.013235 0.064052
0 0.539706 0.183007 0.005882 0.013072
0 0.472794 0.212418 0.004412 0.014379
0 0.476103 0.213725 0.003676 0.011765
2 0.451838 0.180392 0.015441 0.062745
0 0.406618 0.232680 0.005882 0.015686
0 0.408088 0.137255 0.005882 0.015686
0 0.388235 0.114379 0.004412 0.009150
2 0.367279 0.128105 0.034559 0.036601
0 0.394485 0.083660 0.005147 0.013072
0 0.406985 0.045098 0.005147 0.011765