0 0.392279 0.433333 0.013971 0.048366
0 0.339338 0.295425 0.012500 0.041830
0 0.347059 0.185621 0.007353 0.036601
2 0.365074 0.177778 0.024265 0.041830
2 0.137132 0.273203 0.061029 0.057516
2 0.155147 0.284314 0.047059 0.053595
2 0.168750 0.188235 0.040441 0.044444
0 0.182353 0.201961 0.007353 0.032680
0 0.188603 0.193464 0.006618 0.031373
0 0.188603 0.201307 0.006618 0.031373
0 0.253309 0.130719 0.006618 0.026144
0 0.254779 0.124183 0.006618 0.026144
2 0.388603 0.154902 0.021324 0.037908
2 0.387132 0.115033 0.019853 0.033987
2 0.373529 0.066013 0.017647 0.027451
0 0.418750 0.096732 0.008088 0.023529
2 0.375000 0.052941 0.017647 0.030065
0 0.396691 0.040523 0.005147 0.018301
0 0.442647 0.093464 0.007353 0.027451
0 0.441544 0.005882 0.003676 0.011765
0 0.453309 0.066013 0.005147 0.027451
0 0.459191 0.067320 0.005147 0.027451
0 0.462868 0.050327 0.003676 0.022222
0 0.466912 0.013072 0.004412 0.015686
2 0.472426 0.069935 0.016912 0.022222
0 0.474265 0.077778 0.005882 0.024837
0 0.480147 0.106536 0.004412 0.022222
0 0.488235 0.108497 0.005882 0.023529
0 0.480147 0.130065 0.004412 0.030065
0 0.486029 0.131373 0.007353 0.027451
0 0.467647 0.197386 0.007353 0.026144
2 0.510294 0.056863 0.029412 0.027451
2 0.526471 0.090196 0.019118 0.033987
2 0.528309 0.123529 0.036029 0.024837
0 0.534926 0.186275 0.006618 0.030065
0 0.537132 0.252941 0.008088 0.040523
0 0.527941 0.258170 0.005882 0.037908
0 0.555882 0.250327 0.005882 0.035294
0 0.521691 0.356209 0.009559 0.050980
0 0.570956 0.333333 0.009559 0.044444
2 0.561029 0.396732 0.066176 0.079739
2 0.552206 0.477778 0.050000 0.087582
2 0.642647 0.418301 0.079412 0.065359
2 0.665809 0.194118 0.027206 0.037908
0 0.703676 0.372549 0.011765 0.039216
0 0.704412 0.377778 0.008824 0.026144
0 0.710294 0.449020 0.010294 0.053595
0 0.741912 0.512418 0.013235 0.062745
0 0.765809 0.500654 0.011029 0.057516
2 0.622794 0.671242 0.063235 0.124183
2 0.722426 0.696732 0.077206 0.138562
0 0.756618 0.618954 0.005882 0.037908
0 0.758824 0.634641 0.014706 0.066667
0 0.613971 0.854248 0.026471 0.074510
0 0.837868 0.740523 0.015441 0.069281
0 0.833088 0.622222 0.025000 0.067974
0 0.848897 0.639216 0.024265 0.065359