2 0.432812 0.162037 0.009375 0.012963
2 0.407813 0.181481 0.009375 0.018519
2 0.456771 0.175000 0.007292 0.012963
2 0.458854 0.179630 0.007292 0.011111
2 0.459896 0.190741 0.007292 0.014815
2 0.530208 0.408333 0.020833 0.031481
2 0.540104 0.443519 0.026042 0.042593
2 0.553125 0.476852 0.025000 0.042593
2 0.565104 0.519444 0.028125 0.050000
2 0.583333 0.577778 0.031250 0.051852
2 0.620313 0.686111 0.040625 0.075926
2 0.654167 0.798148 0.052083 0.092593
2 0.696875 0.909259 0.060417 0.114815
2 0.572917 0.844444 0.047917 0.107407
2 0.472396 0.603704 0.028125 0.062963
2 0.389583 0.610185 0.029167 0.064815
2 0.140104 0.934259 0.063542 0.112963
0 0.157812 0.631481 0.013542 0.029630