2 0.481510 0.449074 0.046354 0.040741
0 0.252083 0.810185 0.013542 0.044444
0 0.318750 0.802778 0.012500 0.031481
0 0.316667 0.816667 0.011458 0.027778
0 0.264844 0.666667 0.011979 0.027778
0 0.286198 0.536574 0.009896 0.026852
0 0.217188 0.517593 0.010417 0.031481
0 0.452083 0.463889 0.008333 0.035185
0 0.470313 0.470833 0.010417 0.028704
0 0.379427 0.421759 0.007812 0.026852
0 0.389844 0.402778 0.008854 0.027778
0 0.372917 0.396296 0.008333 0.022222
0 0.397135 0.380093 0.007812 0.023148
0 0.413542 0.350926 0.008333 0.020370
0 0.390365 0.349074 0.008854 0.025926
0 0.403646 0.336111 0.007292 0.018519
0 0.494531 0.324537 0.005729 0.023148
0 0.459115 0.314815 0.005729 0.018519
0 0.409115 0.294444 0.006771 0.020370
2 0.163021 0.949537 0.076042 0.095370
2 0.188021 0.782407 0.062500 0.109259
0 0.219531 0.731019 0.013021 0.054630
0 0.201302 0.704630 0.010937 0.053704
0 0.177604 0.711111 0.010417 0.048148
0 0.179167 0.703704 0.012500 0.050000
0 0.153385 0.721759 0.010937 0.050926
0 0.153646 0.698148 0.012500 0.053704
0 0.224219 0.426389 0.008854 0.034259
0 0.270313 0.405093 0.007292 0.034259
0 0.236458 0.428704 0.009375 0.029630
0 0.250260 0.417593 0.006771 0.024074
0 0.265625 0.522685 0.011458 0.032407
0 0.304948 0.481481 0.008854 0.024074
0 0.308073 0.476389 0.007812 0.026852
0 0.257292 0.373611 0.009375 0.030556
0 0.233854 0.387963 0.007292 0.031481
0 0.239063 0.378704 0.007292 0.031481
2 0.353646 0.377778 0.023958 0.038889
0 0.377083 0.300463 0.005208 0.025000
2 0.423698 0.309722 0.017188 0.032407
0 0.357812 0.344907 0.005208 0.026852
2 0.386198 0.271296 0.024479 0.024074
0 0.247656 0.356019 0.008854 0.019444
0 0.230990 0.286111 0.005729 0.012963
0 0.216667 0.291204 0.008333 0.023148
0 0.238281 0.259259 0.005729 0.020370
0 0.728906 0.502778 0.010937 0.037037
0 0.617708 0.325463 0.006250 0.028704
0 0.486458 0.289815 0.004167 0.014815
0 0.486719 0.285185 0.005729 0.016667
0 0.510417 0.277778 0.006250 0.018519
2 0.434635 0.251389 0.013021 0.023148
2 0.471875 0.244444 0.013542 0.020370
2 0.407813 0.237037 0.018750 0.020370
0 0.497396 0.252778 0.005208 0.020370
0 0.480990 0.266667 0.004687 0.016667
2 0.436719 0.227778 0.011979 0.020370
0 0.404948 0.256019 0.004687 0.021296
0 0.422656 0.237037 0.004687 0.014815
2 0.393229 0.231944 0.012500 0.021296
0 0.436719 0.198148 0.004687 0.012963
2 0.728906 0.881019 0.113021 0.084259
2 0.721615 0.814352 0.113021 0.075000
2 0.700000 0.762500 0.121875 0.076852
2 0.697135 0.719444 0.088021 0.068519
2 0.678385 0.671759 0.070312 0.058333
2 0.682552 0.651389 0.081771 0.056481
2 0.677604 0.618056 0.076042 0.047222
2 0.651302 0.526852 0.068229 0.044444
2 0.643229 0.501852 0.059375 0.033333
2 0.640885 0.456944 0.057813 0.036111
2 0.636719 0.438426 0.060937 0.037963
0 0.644531 0.396296 0.005729 0.018519
2 0.965885 0.856944 0.068229 0.091667
2 0.930469 0.803704 0.096354 0.081481
2 0.880990 0.699074 0.089063 0.061111
2 0.858333 0.655093 0.087500 0.056481
2 0.832552 0.621759 0.080729 0.049074
2 0.832552 0.586111 0.065104 0.053704
2 0.804427 0.563426 0.069271 0.047222
2 0.770833 0.496296 0.061458 0.038889
2 0.763542 0.477315 0.056250 0.032407
2 0.767708 0.463889 0.058333 0.035185
2 0.755469 0.448148 0.057813 0.037037
2 0.729948 0.410185 0.036979 0.031481
2 0.706510 0.387037 0.032813 0.038889
2 0.682031 0.359722 0.033854 0.049074
2 0.612240 0.385185 0.048438 0.035185
2 0.603385 0.375463 0.044271 0.026852
0 0.467187 0.182407 0.003125 0.014815
0 0.472135 0.183333 0.004687 0.014815
0 0.398438 0.178241 0.003125 0.015741
0 0.407552 0.183796 0.003646 0.012037
2 0.416927 0.168056 0.009896 0.015741