2 0.549265 0.751634 0.126471 0.243137
2 0.462132 0.653595 0.115441 0.188235
2 0.725368 0.406536 0.071324 0.125490
2 0.661765 0.322876 0.069118 0.104575
0 0.846691 0.826144 0.025735 0.070588
0 0.945588 0.390850 0.025000 0.060131
0 0.954044 0.026797 0.011029 0.032680
0 0.803309 0.012418 0.008088 0.024837
2 0.884559 0.059477 0.038235 0.064052
2 0.826471 0.200000 0.051471 0.081046
2 0.834926 0.057516 0.040441 0.057516
2 0.808824 0.100000 0.044118 0.064052
2 0.714338 0.081699 0.044853 0.061438
0 0.737132 0.118954 0.012500 0.047059
0 0.719853 0.130719 0.011765 0.044444
0 0.703676 0.130719 0.010294 0.041830
2 0.673897 0.126144 0.059559 0.077124
2 0.633824 0.181046 0.058824 0.082353
0 0.581250 0.118301 0.009559 0.050980
0 0.590809 0.124837 0.009559 0.048366
0 0.489706 0.118954 0.008824 0.049673
0 0.477574 0.127451 0.008088 0.053595
0 0.480515 0.119608 0.006618 0.050980
0 0.474632 0.118301 0.006618 0.050980
2 0.521324 0.201961 0.080882 0.071895
0 0.510294 0.271895 0.014706 0.062745
0 0.488971 0.312418 0.010294 0.052288
2 0.499265 0.356209 0.083824 0.105882
0 0.378676 0.195425 0.010294 0.056209
0 0.575000 0.356209 0.017647 0.048366
0 0.358456 0.449020 0.015441 0.071895
0 0.321324 0.435294 0.017647 0.078431
0 0.310662 0.469281 0.015441 0.070588
0 0.250000 0.388235 0.019118 0.078431
0 0.243382 0.405882 0.017647 0.077124
0 0.230147 0.391503 0.020588 0.077124
0 0.225368 0.409804 0.018382 0.066667
0 0.189706 0.360784 0.013235 0.052288
0 0.185294 0.369281 0.013235 0.071895
0 0.177941 0.374510 0.011765 0.037908
0 0.295588 0.023529 0.013235 0.039216
0 0.227574 0.024183 0.012500 0.048366
0 0.201471 0.025490 0.013235 0.040523
0 0.080147 0.268627 0.010294 0.048366
0 0.118382 0.394118 0.022059 0.066667
0 0.056985 0.388889 0.021324 0.071895
0 0.016912 0.404575 0.022059 0.077124
0 0.033456 0.406536 0.025735 0.067974
0 0.047426 0.400000 0.025735 0.073203
0 0.034926 0.377124 0.021324 0.074510