2 0.947059 0.930719 0.105882 0.083660
2 0.832721 0.940523 0.090441 0.090196
2 0.974632 0.796732 0.050735 0.071895
0 0.994118 0.564706 0.011765 0.039216
0 0.968382 0.580392 0.011765 0.039216
2 0.959559 0.617647 0.079412 0.058824
0 0.922059 0.578431 0.010294 0.043137
0 0.952574 0.571895 0.011029 0.037908
0 0.944485 0.566667 0.009559 0.032680
2 0.880147 0.554902 0.064706 0.077124
2 0.829779 0.545752 0.046324 0.084967
0 0.839338 0.643791 0.009559 0.040523
0 0.833456 0.662745 0.009559 0.039216
0 0.823162 0.664706 0.009559 0.045752
0 0.808824 0.673856 0.011765 0.040523
0 0.792279 0.655556 0.011029 0.035294
0 0.767647 0.684967 0.016176 0.039216
0 0.737500 0.664052 0.013235 0.041830
0 0.736397 0.594771 0.011029 0.033987
0 0.706618 0.677124 0.010294 0.036601
0 0.545956 0.485621 0.008088 0.024837
0 0.526838 0.466667 0.006618 0.036601
0 0.640809 0.486275 0.009559 0.033987
0 0.648897 0.483660 0.008088 0.031373
0 0.593382 0.450980 0.005882 0.039216
0 0.586029 0.442484 0.005882 0.037908
0 0.684926 0.726797 0.016912 0.041830
0 0.634559 0.686928 0.008824 0.037908
0 0.626471 0.681699 0.008824 0.040523
0 0.623897 0.701961 0.012500 0.039216
0 0.613603 0.706536 0.008088 0.043137
0 0.602941 0.729412 0.013235 0.052288
0 0.576471 0.676471 0.010294 0.043137
0 0.566544 0.692810 0.011029 0.044444
0 0.543015 0.687582 0.008088 0.044444
0 0.526838 0.696732 0.009559 0.049673
0 0.500368 0.618954 0.009559 0.045752
0 0.448162 0.690850 0.009559 0.045752
0 0.348897 0.727451 0.015441 0.045752
0 0.468750 0.566667 0.008088 0.040523
0 0.476103 0.554902 0.009559 0.037908
0 0.476471 0.545752 0.005882 0.024837
0 0.470221 0.658170 0.011029 0.035294
0 0.413235 0.696078 0.011765 0.035294
0 0.395221 0.659477 0.013971 0.035294
0 0.368015 0.627451 0.009559 0.026144
0 0.387132 0.637908 0.011029 0.047059
0 0.400368 0.544444 0.006618 0.037908
0 0.440074 0.488235 0.008088 0.037908
2 0.430147 0.427451 0.041176 0.054902
2 0.409191 0.398039 0.040441 0.056209
0 0.386029 0.403922 0.007353 0.033987
2 0.420956 0.241176 0.049265 0.035294
2 0.357721 0.163399 0.025735 0.033987
2 0.382721 0.078431 0.033088 0.023529
0 0.356985 0.101961 0.005147 0.023529
0 0.342647 0.092810 0.004412 0.023529
0 0.351838 0.115686 0.003676 0.014379
0 0.340074 0.032680 0.003676 0.018301
0 0.316544 0.538562 0.011029 0.031373
2 0.259191 0.529412 0.030147 0.075817
0 0.006618 0.740523 0.013235 0.030065
0 0.099265 0.805882 0.020588 0.043137
0 0.051838 0.733987 0.013971 0.045752
0 0.122426 0.669281 0.016912 0.044444
0 0.109559 0.683660 0.014706 0.047059
0 0.076838 0.737908 0.011029 0.045752
0 0.056618 0.728758 0.011765 0.032680
0 0.056618 0.713072 0.017647 0.056209
0 0.064706 0.711765 0.011765 0.045752
0 0.063235 0.696078 0.010294 0.045752
0 0.080147 0.705882 0.011765 0.052288
0 0.088971 0.700654 0.014706 0.047059
0 0.073529 0.728758 0.016176 0.043137
0 0.106250 0.629412 0.012500 0.043137
0 0.113603 0.611765 0.012500 0.041830
2 0.154779 0.284314 0.025735 0.050980
0 0.224265 0.326144 0.008824 0.027451
0 0.212132 0.234641 0.006618 0.024837
2 0.193015 0.232680 0.024265 0.044444
2 0.176471 0.198039 0.022059 0.037908
0 0.192647 0.198693 0.005882 0.028758
2 0.188235 0.146405 0.020588 0.036601
0 0.229779 0.107190 0.005147 0.020915
0 0.234191 0.104575 0.006618 0.023529