2 0.183456 0.783007 0.141912 0.256209
2 0.522426 0.567974 0.111029 0.129412
2 0.390441 0.505229 0.117647 0.121569
2 0.279779 0.345752 0.106618 0.095425
2 0.384559 0.290196 0.086765 0.073203
2 0.652206 0.147712 0.069118 0.049673
2 0.781985 0.192810 0.050735 0.061438
2 0.780515 0.147712 0.053676 0.052288
2 0.891176 0.460131 0.155882 0.115033
2 0.951838 0.387582 0.096324 0.084967
2 0.704412 0.390196 0.077941 0.100654
0 0.054412 0.373203 0.023529 0.074510
0 0.601838 0.954248 0.021324 0.091503
0 0.298529 0.287582 0.013235 0.054902
2 0.768015 0.073856 0.052206 0.045752
2 0.809559 0.047059 0.032353 0.036601
2 0.837868 0.044444 0.031618 0.041830
2 0.966544 0.327451 0.066912 0.056209