0 0.590625 0.881481 0.012500 0.037037
0 0.558333 0.863889 0.014583 0.035185
0 0.354167 0.800000 0.016667 0.048148
0 0.397917 0.678704 0.008333 0.020370
0 0.420312 0.640741 0.011458 0.025926
0 0.511979 0.687963 0.009375 0.020370
0 0.511458 0.681481 0.010417 0.025926
2 0.484896 0.631481 0.028125 0.048148
0 0.513021 0.615741 0.009375 0.024074
2 0.417187 0.564815 0.021875 0.048148
2 0.531250 0.553704 0.022917 0.033333
2 0.525000 0.521296 0.022917 0.031481
2 0.512500 0.494444 0.020833 0.037037
2 0.505729 0.474074 0.017708 0.025926
2 0.532292 0.465741 0.033333 0.024074
2 0.490625 0.520370 0.018750 0.037037
0 0.498437 0.494444 0.005208 0.018519
0 0.477604 0.533333 0.007292 0.018519
0 0.472396 0.517593 0.005208 0.016667
0 0.458854 0.519444 0.007292 0.016667
0 0.459375 0.512037 0.008333 0.016667
0 0.419792 0.527778 0.006250 0.014815
0 0.411979 0.514815 0.005208 0.029630
2 0.431771 0.499074 0.019792 0.031481
0 0.456771 0.483333 0.005208 0.014815
0 0.459375 0.462963 0.006250 0.011111
2 0.433333 0.470370 0.014583 0.029630
0 0.410417 0.462963 0.004167 0.018519
0 0.411979 0.469444 0.011458 0.020370
2 0.447917 0.408333 0.014583 0.024074
2 0.470833 0.370370 0.012500 0.018519
0 0.461458 0.383333 0.004167 0.011111
0 0.425521 0.403704 0.005208 0.011111
0 0.423438 0.378704 0.003125 0.009259
0 0.427083 0.379630 0.004167 0.011111
0 0.426042 0.382407 0.004167 0.009259
0 0.413021 0.382407 0.005208 0.009259
0 0.414062 0.353704 0.003125 0.007407
0 0.420312 0.346296 0.003125 0.007407
2 0.424479 0.340741 0.009375 0.014815
0 0.448437 0.337037 0.003125 0.014815
2 0.438021 0.325926 0.007292 0.011111
2 0.421354 0.315741 0.007292 0.012963