0 0.117188 0.087963 0.007292 0.027778
2 0.345313 0.052778 0.013542 0.031481
2 0.307292 0.103704 0.027083 0.033333
2 0.343229 0.112037 0.017708 0.042593
2 0.371354 0.086111 0.017708 0.038889
2 0.314583 0.187037 0.035417 0.037037
2 0.395313 0.262037 0.032292 0.042593
0 0.296354 0.241667 0.007292 0.020370
0 0.295312 0.239815 0.005208 0.016667
0 0.246875 0.545370 0.012500 0.042593
2 0.298958 0.747222 0.041667 0.131481
2 0.550000 0.964815 0.047917 0.070370
2 0.467708 0.834259 0.041667 0.150000
2 0.515104 0.665741 0.040625 0.112963
2 0.448437 0.634259 0.034375 0.109259
2 0.441667 0.431481 0.029167 0.074074
2 0.496354 0.493519 0.032292 0.075926
2 0.483333 0.378704 0.027083 0.061111
2 0.470313 0.259259 0.023958 0.048148
2 0.484375 0.100000 0.016667 0.037037
0 0.508854 0.255556 0.007292 0.022222
0 0.525521 0.215741 0.007292 0.024074
2 0.583333 0.024074 0.025000 0.022222
2 0.610938 0.069444 0.026042 0.027778
2 0.667188 0.058333 0.032292 0.027778
2 0.656250 0.097222 0.025000 0.031481
2 0.717708 0.046296 0.020833 0.029630
2 0.693229 0.016667 0.030208 0.025926
0 0.026042 0.588889 0.014583 0.022222
0 0.035417 0.571296 0.018750 0.031481