2 0.536029 0.219608 0.027941 0.096732
2 0.457721 0.266667 0.021324 0.078431
2 0.427941 0.418301 0.023529 0.086275
2 0.501471 0.315686 0.020588 0.090196
2 0.542279 0.345098 0.024265 0.086275
2 0.505147 0.482353 0.023529 0.094118
2 0.539706 0.486275 0.022059 0.083660
2 0.595221 0.343137 0.056618 0.045752
0 0.584559 0.253595 0.004412 0.018301
0 0.583456 0.284314 0.005147 0.016993
0 0.720221 0.030719 0.008088 0.019608
0 0.168382 0.314379 0.011765 0.011765
2 0.262500 0.482353 0.050000 0.044444
2 0.199265 0.483660 0.054412 0.044444
2 0.107721 0.486928 0.058088 0.043137
0 0.341176 0.577778 0.010294 0.015686
0 0.254412 0.720915 0.008824 0.016993
0 0.259926 0.705882 0.011029 0.013072
0 0.264706 0.692157 0.008824 0.011765
0 0.247426 0.701961 0.009559 0.015686
2 0.364706 0.748366 0.020588 0.079739
2 0.377941 0.937255 0.055882 0.060131
0 0.343750 0.536601 0.006618 0.016993
0 0.349265 0.537255 0.007353 0.015686
0 0.420956 0.581699 0.009559 0.018301
2 0.544853 0.622222 0.023529 0.091503
2 0.516544 0.894771 0.024265 0.103268
2 0.554779 0.892810 0.024265 0.107190
0 0.643382 0.422876 0.008824 0.014379
2 0.624265 0.890850 0.022059 0.098039
0 0.572794 0.554248 0.008824 0.013072
0 0.656250 0.583007 0.006618 0.013072
0 0.745956 0.612418 0.012500 0.009150
0 0.802941 0.398039 0.010294 0.016993
2 0.756250 0.347059 0.049265 0.040523
0 0.712500 0.257516 0.007353 0.020915
0 0.762132 0.043137 0.011029 0.023529
0 0.783824 0.125490 0.007353 0.015686
0 0.635294 0.311111 0.008824 0.015686
0 0.615809 0.305229 0.006618 0.016993
2 0.843015 0.667974 0.046324 0.086275
2 0.856985 0.592810 0.050735 0.040523
2 0.882721 0.681046 0.041912 0.083660
2 0.912868 0.661438 0.040441 0.094118
2 0.950735 0.656863 0.036765 0.087582
2 0.981985 0.655556 0.036029 0.090196
2 0.942279 0.282353 0.046324 0.065359
2 0.986765 0.226144 0.026471 0.060131
0 0.311765 0.834641 0.008824 0.016993