2 0.427941 0.815686 0.023529 0.070588
2 0.379779 0.533333 0.021324 0.039216
2 0.415441 0.426144 0.016176 0.033987
2 0.589706 0.481046 0.020588 0.028758
2 0.472794 0.416340 0.011765 0.024837
2 0.590074 0.415033 0.013971 0.019608
2 0.432353 0.354248 0.011765 0.026144
2 0.440074 0.276471 0.022794 0.022222
2 0.571691 0.252941 0.008088 0.014379
2 0.521691 0.196732 0.006618 0.009150
2 0.486029 0.160784 0.005882 0.010458
2 0.475368 0.152941 0.005147 0.007843
2 0.471324 0.137908 0.004412 0.009150
2 0.504044 0.127451 0.003676 0.006536
2 0.497059 0.092157 0.002941 0.006536
2 0.480515 0.086275 0.003676 0.005229
2 0.490441 0.079085 0.002941 0.003922
2 0.444118 0.118301 0.004412 0.006536