2 0.054688 0.868981 0.091667 0.134259
2 0.130208 0.736111 0.069792 0.103704
2 0.067969 0.729167 0.074479 0.099074
0 0.025000 0.714352 0.017708 0.054630
2 0.192448 0.639815 0.046354 0.068519
2 0.230729 0.581019 0.036458 0.050926
2 0.193490 0.578241 0.038021 0.047222
0 0.178385 0.558333 0.009896 0.040741
2 0.164844 0.556481 0.036979 0.044444
0 0.195052 0.533333 0.008854 0.035185
2 0.193229 0.528241 0.032292 0.036111
2 0.035156 0.653241 0.055729 0.058333
2 0.072135 0.615741 0.045312 0.050000
2 0.107292 0.578704 0.043750 0.050000
2 0.152344 0.539815 0.031771 0.038889
2 0.173177 0.517130 0.028646 0.034259
2 0.201823 0.494444 0.022396 0.029630
0 0.198437 0.505093 0.006250 0.015741
2 0.222656 0.471296 0.021354 0.029630
2 0.271094 0.444907 0.020313 0.023148
0 0.238542 0.476852 0.006250 0.025926
0 0.251302 0.467130 0.005729 0.023148
2 0.234896 0.466204 0.014583 0.025000
2 0.240625 0.456481 0.019792 0.025926
2 0.248177 0.448148 0.017188 0.024074
2 0.257031 0.442130 0.011979 0.019444
2 0.264323 0.434259 0.013021 0.018519
0 0.181771 0.480556 0.008333 0.027778
0 0.189844 0.462963 0.007812 0.027778
2 0.497135 0.860648 0.067187 0.123148
2 0.607292 0.936574 0.085417 0.121296
2 0.573698 0.823611 0.066146 0.102778
2 0.537240 0.741204 0.052604 0.082407
2 0.519010 0.680093 0.046354 0.069444
2 0.507812 0.631944 0.040625 0.052778
2 0.491406 0.597222 0.035937 0.050000
2 0.481250 0.574074 0.034375 0.044444
2 0.476042 0.552315 0.032292 0.036111
2 0.464583 0.676852 0.038542 0.068519
2 0.438542 0.567593 0.028125 0.044444
0 0.792188 0.958796 0.019792 0.082407
2 0.467448 0.531481 0.026562 0.037037
2 0.463542 0.514815 0.022917 0.031481
2 0.458854 0.499537 0.022917 0.030556
2 0.451302 0.485648 0.024479 0.030556
0 0.432031 0.507870 0.006771 0.034259
0 0.432292 0.493981 0.007292 0.026852
0 0.422135 0.493981 0.007812 0.032407
0 0.506250 0.534722 0.008333 0.037963
0 0.476823 0.504167 0.006771 0.032407
0 0.486979 0.502778 0.005208 0.033333
2 0.377604 0.444444 0.016667 0.025926
2 0.402604 0.443981 0.013542 0.021296
0 0.208073 0.451852 0.004687 0.022222
2 0.377865 0.430556 0.015104 0.016667
2 0.393229 0.426389 0.012500 0.017593
2 0.401302 0.413426 0.013021 0.015741
2 0.358333 0.406019 0.014583 0.015741
2 0.363021 0.421296 0.011458 0.014815
2 0.383594 0.398148 0.013021 0.012963
2 0.428906 0.407870 0.018229 0.013889
2 0.435677 0.432870 0.015104 0.015741
2 0.438542 0.445833 0.014583 0.019444
2 0.440104 0.452315 0.014583 0.019444
2 0.445573 0.458333 0.018229 0.020370
2 0.448177 0.464815 0.018229 0.020370
2 0.450260 0.474074 0.017188 0.018519
0 0.372396 0.406481 0.004167 0.012963
0 0.382812 0.404167 0.003125 0.012037
0 0.392448 0.395370 0.003646 0.009259
0 0.397917 0.394907 0.003125 0.012037
0 0.425781 0.453704 0.005729 0.022222
0 0.420833 0.423611 0.004167 0.017593
0 0.415104 0.414352 0.004167 0.015741
2 0.410938 0.394907 0.008333 0.013889
0 0.338542 0.416667 0.004167 0.016667
0 0.341146 0.397222 0.003125 0.014815
0 0.282813 0.419907 0.002083 0.019444
0 0.285417 0.418519 0.003125 0.018519
0 0.291667 0.413889 0.003125 0.016667
0 0.295052 0.417130 0.002604 0.015741
2 0.303385 0.405556 0.019271 0.012963
0 0.467969 0.477778 0.003646 0.024074
0 0.478385 0.447685 0.004687 0.021296
0 0.471875 0.447685 0.004167 0.023148
0 0.121875 0.451389 0.006250 0.026852
0 0.138542 0.438889 0.004167 0.022222
0 0.147917 0.435185 0.005208 0.025926
0 0.152344 0.435648 0.003646 0.023148
0 0.173177 0.490741 0.005729 0.022222
2 0.222917 0.404630 0.021875 0.014815
2 0.266927 0.406019 0.023438 0.015741
2 0.263802 0.396759 0.021354 0.019444
0 0.440625 0.419907 0.004167 0.019444
0 0.446354 0.420370 0.004167 0.020370
0 0.446094 0.410185 0.003646 0.016667
0 0.463542 0.475926 0.005208 0.022222