2 0.070052 0.740741 0.045312 0.090741
0 0.109375 0.888889 0.020833 0.050000
2 0.145573 0.556481 0.059896 0.061111
0 0.028385 0.425926 0.011979 0.033333
2 0.129427 0.408333 0.047396 0.040741
2 0.165885 0.403704 0.047396 0.038889
2 0.165885 0.423611 0.047396 0.043519
2 0.217188 0.396759 0.036458 0.034259
2 0.195833 0.373148 0.044792 0.037037
2 0.254688 0.344444 0.034375 0.029630
2 0.280729 0.346296 0.037500 0.029630
0 0.257812 0.320370 0.007292 0.022222
2 0.300000 0.325000 0.034375 0.029630
2 0.310677 0.346296 0.031771 0.031481
2 0.326042 0.322222 0.035417 0.037037
2 0.336719 0.304167 0.026562 0.025000
2 0.334115 0.403241 0.045312 0.036111
0 0.250781 0.445833 0.011979 0.026852
2 0.410677 0.295370 0.030729 0.031481
2 0.398177 0.291667 0.024479 0.027778
2 0.429167 0.274537 0.029167 0.026852
2 0.464062 0.268519 0.025000 0.024074
2 0.461979 0.258333 0.026042 0.022222
2 0.464323 0.244907 0.021354 0.023148
2 0.488021 0.256481 0.023958 0.024074
2 0.486198 0.243056 0.023438 0.023148
2 0.491667 0.232870 0.023958 0.021296
2 0.517188 0.242130 0.025000 0.023148
2 0.514323 0.231944 0.023438 0.021296
2 0.532292 0.221296 0.018750 0.020370
2 0.514844 0.219907 0.021354 0.019444
2 0.535417 0.212500 0.021875 0.019444
2 0.557292 0.209259 0.019792 0.020370
2 0.545573 0.257870 0.025521 0.023148
2 0.588802 0.243981 0.023438 0.021296
2 0.704688 0.129167 0.013542 0.013889
2 0.744531 0.110648 0.011979 0.012037
2 0.801823 0.087963 0.009896 0.011111
2 0.799219 0.102315 0.010937 0.012037
2 0.782292 0.093056 0.011458 0.012037
2 0.817187 0.078704 0.007292 0.009259
2 0.822396 0.082870 0.007292 0.010185