2 0.846875 0.464815 0.045833 0.029630
2 0.844792 0.444444 0.050000 0.033333
0 0.489063 0.967593 0.013542 0.064815
0 0.505729 0.922222 0.015625 0.055556
0 0.554167 0.822222 0.010417 0.055556
2 0.726042 0.481481 0.027083 0.048148
2 0.746875 0.360185 0.020833 0.035185
2 0.830208 0.309259 0.041667 0.029630
2 0.818750 0.284259 0.037500 0.024074
2 0.819271 0.275000 0.038542 0.024074
2 0.800521 0.241667 0.019792 0.020370
2 0.777604 0.250926 0.013542 0.024074
2 0.820833 0.185185 0.025000 0.014815
2 0.816667 0.172222 0.025000 0.014815
2 0.801042 0.123148 0.010417 0.012963
2 0.820833 0.152778 0.020833 0.016667
0 0.664062 0.282407 0.005208 0.016667
0 0.667188 0.298148 0.005208 0.018519
0 0.716146 0.215741 0.003125 0.016667
0 0.718229 0.208333 0.003125 0.016667
0 0.734896 0.158333 0.003125 0.012963
0 0.780729 0.177778 0.003125 0.011111
0 0.763542 0.203704 0.006250 0.018519
2 0.697396 0.296296 0.038542 0.025926
2 0.700000 0.285185 0.035417 0.025926
2 0.726562 0.276852 0.015625 0.027778
2 0.722917 0.230556 0.025000 0.016667
2 0.725000 0.226852 0.027083 0.020370
2 0.726562 0.222222 0.028125 0.018519
2 0.771875 0.124074 0.010417 0.011111
2 0.761979 0.131481 0.017708 0.011111
2 0.734375 0.206481 0.027083 0.020370