0 0.836397 0.796078 0.015441 0.039216
2 0.765074 0.684967 0.093382 0.075817
2 0.615074 0.507843 0.096324 0.087582
2 0.577206 0.146405 0.023529 0.049673
2 0.599632 0.073856 0.021324 0.035294
2 0.313235 0.530719 0.035294 0.078431
2 0.261397 0.313725 0.031618 0.070588
2 0.501471 0.467320 0.032353 0.079739
2 0.316544 0.026797 0.016912 0.040523
0 0.471324 0.269281 0.008824 0.028758
0 0.384926 0.070588 0.006618 0.015686
0 0.384926 0.067974 0.006618 0.020915
0 0.061397 0.251634 0.011029 0.027451
0 0.055882 0.254902 0.010294 0.026144
0 0.466544 0.018301 0.005147 0.028758
0 0.472426 0.017647 0.005147 0.030065
0 0.479779 0.024837 0.005147 0.028758
0 0.480515 0.069281 0.005147 0.028758
0 0.486397 0.067974 0.005147 0.026144
0 0.494485 0.159477 0.005147 0.028758
0 0.489338 0.156209 0.005147 0.030065
0 0.499632 0.157516 0.005147 0.032680