2 0.350521 0.369907 0.044792 0.030556
2 0.880208 0.709722 0.096875 0.067593
2 0.676562 0.639352 0.052083 0.075000
2 0.636198 0.543056 0.040104 0.056481
0 0.453125 0.559722 0.012500 0.037963
2 0.464323 0.498148 0.025521 0.048148
2 0.502604 0.559259 0.030208 0.055556
2 0.441667 0.319907 0.016667 0.036111
0 0.451302 0.389815 0.006771 0.027778
0 0.544271 0.562037 0.012500 0.038889
0 0.453125 0.419907 0.008333 0.025000
2 0.528125 0.424074 0.022917 0.044444
2 0.657292 0.435648 0.033333 0.041667
2 0.642448 0.412963 0.024479 0.031481
2 0.507812 0.240278 0.010417 0.017593
2 0.510417 0.256481 0.009375 0.014815
0 0.469271 0.247222 0.003125 0.014815