2 0.423958 0.764815 0.027083 0.070370
2 0.392708 0.700000 0.033333 0.070370
2 0.458333 0.660185 0.022917 0.053704
2 0.351042 0.628704 0.022917 0.053704
2 0.406250 0.492593 0.016667 0.037037
2 0.399479 0.428704 0.015625 0.027778
2 0.408333 0.387037 0.012500 0.025926
2 0.434375 0.329630 0.010417 0.018519
2 0.424479 0.305556 0.011458 0.014815
2 0.394271 0.351852 0.013542 0.025926
2 0.376563 0.362037 0.011458 0.020370
2 0.518229 0.472222 0.015625 0.033333
2 0.302604 0.825000 0.036458 0.090741
2 0.248958 0.847222 0.050000 0.090741
2 0.203646 0.852778 0.046875 0.098148
2 0.104688 0.911111 0.076042 0.066667
2 0.256771 0.744444 0.026042 0.059259
2 0.265104 0.666667 0.032292 0.059259
2 0.816667 0.907407 0.060417 0.107407
2 0.874479 0.913889 0.061458 0.116667
2 0.893229 0.842593 0.073958 0.062963
2 0.736979 0.765741 0.061458 0.061111
2 0.729167 0.602778 0.047917 0.035185
2 0.750521 0.571296 0.046875 0.035185
2 0.728125 0.525000 0.037500 0.031481
2 0.881771 0.587963 0.034375 0.042593
2 0.851042 0.564815 0.039583 0.033333
2 0.818229 0.506481 0.040625 0.027778
2 0.764583 0.444444 0.033333 0.022222
2 0.711979 0.377778 0.015625 0.029630
2 0.730729 0.375926 0.015625 0.029630
2 0.499479 0.857407 0.030208 0.081481
2 0.178646 0.553704 0.038542 0.033333
2 0.257812 0.457407 0.032292 0.025926
2 0.325521 0.430556 0.015625 0.027778
2 0.348958 0.365741 0.025000 0.016667
2 0.356771 0.345370 0.026042 0.016667
2 0.367188 0.320370 0.011458 0.018519
2 0.372396 0.310185 0.019792 0.012963
2 0.374479 0.300926 0.019792 0.012963
2 0.399479 0.295370 0.009375 0.016667
2 0.441146 0.224074 0.009375 0.011111
2 0.455208 0.214815 0.008333 0.011111
2 0.476042 0.214815 0.006250 0.011111
2 0.440625 0.203704 0.008333 0.011111
2 0.441146 0.191667 0.007292 0.005556
2 0.470313 0.171296 0.005208 0.009259
2 0.503646 0.357407 0.011458 0.022222
2 0.559896 0.323148 0.019792 0.020370
2 0.533854 0.312037 0.019792 0.020370
2 0.538542 0.295370 0.016667 0.016667
2 0.502604 0.308333 0.009375 0.016667
2 0.496354 0.265741 0.007292 0.012963
2 0.431250 0.204630 0.006250 0.009259
2 0.429688 0.211111 0.007292 0.007407
2 0.424479 0.228704 0.007292 0.012963
2 0.497396 0.965741 0.032292 0.068519
0 0.361458 0.415741 0.008333 0.020370
0 0.841146 0.793519 0.011458 0.038889
0 0.839583 0.727778 0.006250 0.025926
0 0.833333 0.726852 0.008333 0.035185
0 0.899479 0.533333 0.007292 0.025926
0 0.929688 0.501852 0.007292 0.025926
0 0.959896 0.601852 0.007292 0.022222
0 0.538021 0.790741 0.007292 0.033333
0 0.532292 0.775926 0.008333 0.025926
0 0.531250 0.774074 0.008333 0.025926
0 0.572917 0.770370 0.008333 0.037037
0 0.465625 0.311111 0.004167 0.018519
0 0.423438 0.363889 0.003125 0.012963
0 0.448437 0.299074 0.003125 0.012963
0 0.446875 0.300000 0.002083 0.014815
0 0.436979 0.287037 0.003125 0.011111
2 0.460938 0.162037 0.003125 0.005556
0 0.382812 0.482407 0.005208 0.012963
2 0.381771 0.282407 0.021875 0.016667
0 0.247396 0.638889 0.007292 0.029630
0 0.621354 0.853704 0.009375 0.029630
0 0.551042 0.837963 0.012500 0.020370
0 0.855208 0.807407 0.008333 0.033333
0 0.862500 0.807407 0.008333 0.033333
0 0.905729 0.487963 0.003125 0.020370
0 0.900521 0.486111 0.007292 0.020370
0 0.732812 0.437963 0.005208 0.024074
0 0.884896 0.524074 0.007292 0.018519
0 0.928646 0.544444 0.007292 0.018519
0 0.836979 0.449074 0.005208 0.012963
0 0.794271 0.433333 0.007292 0.018519