2 0.123529 0.910458 0.032353 0.043137
2 0.213603 0.933987 0.021324 0.043137
2 0.379779 0.860784 0.036029 0.024837
2 0.384191 0.839216 0.024265 0.026144
2 0.412500 0.800000 0.041176 0.028758
2 0.522426 0.866013 0.018382 0.043137
2 0.452941 0.761438 0.014706 0.030065
2 0.419485 0.761438 0.037500 0.024837
0 0.783456 0.971242 0.008088 0.028758
0 0.781985 0.957516 0.005147 0.019608
0 0.747794 0.941830 0.002941 0.024837
0 0.637132 0.896078 0.005147 0.027451
0 0.609926 0.893464 0.005147 0.016993
0 0.666912 0.872549 0.007353 0.030065
2 0.610662 0.843137 0.037500 0.028758
2 0.600368 0.813072 0.040441 0.028758
0 0.551103 0.745752 0.005147 0.024837
2 0.591912 0.724837 0.030882 0.027451
2 0.531985 0.666013 0.012500 0.022222
2 0.543015 0.596732 0.011029 0.016993
2 0.516544 0.610458 0.011029 0.020915
2 0.559926 0.584967 0.011029 0.016993
2 0.567279 0.568627 0.009559 0.015686
0 0.555147 0.569935 0.002941 0.013072
0 0.462500 0.699346 0.002941 0.015686
0 0.448529 0.694118 0.004412 0.018301
2 0.490441 0.639869 0.013235 0.019608
2 0.473162 0.627451 0.019853 0.020915
2 0.454412 0.652288 0.027941 0.023529
2 0.476471 0.598039 0.023529 0.014379
2 0.490441 0.579739 0.008824 0.019608
2 0.494118 0.564052 0.008824 0.014379
0 0.501838 0.558170 0.003676 0.013072
0 0.506618 0.558170 0.002941 0.013072
2 0.521691 0.545098 0.008088 0.015686
2 0.544118 0.518301 0.007353 0.014379
2 0.485294 0.550327 0.020588 0.015686
2 0.492647 0.545098 0.019118 0.013072
2 0.488971 0.536601 0.017647 0.009150
2 0.488235 0.530719 0.019118 0.010458
2 0.491912 0.524183 0.017647 0.013072
2 0.499265 0.521569 0.013235 0.010458
2 0.502941 0.516340 0.017647 0.013072
2 0.503676 0.511111 0.011765 0.007843
2 0.498162 0.501307 0.015441 0.011765
2 0.513971 0.486928 0.007353 0.014379
2 0.534191 0.496732 0.006618 0.013072
2 0.531985 0.467320 0.006618 0.011765
2 0.556618 0.462092 0.005882 0.011765
2 0.567647 0.469935 0.007353 0.011765
2 0.566176 0.490196 0.016176 0.013072
2 0.563971 0.496078 0.016176 0.011765
2 0.564706 0.505229 0.013235 0.011765
2 0.582353 0.479739 0.014706 0.010458
2 0.586397 0.473856 0.015441 0.009150
2 0.590441 0.606536 0.020588 0.015686
2 0.817647 0.497386 0.016176 0.011765