2 0.100521 0.811111 0.171875 0.170370
2 0.354687 0.556481 0.040625 0.087037
2 0.356771 0.463889 0.034375 0.064815
2 0.465625 0.541667 0.054167 0.072222
2 0.580208 0.722222 0.106250 0.118519
2 0.410417 0.394444 0.031250 0.044444
2 0.399479 0.341667 0.026042 0.042593
2 0.355208 0.412963 0.031250 0.059259
2 0.362500 0.369444 0.031250 0.053704
2 0.349479 0.340741 0.028125 0.048148
2 0.359896 0.319444 0.021875 0.038889
2 0.356250 0.294444 0.020833 0.037037
2 0.358854 0.275926 0.021875 0.022222
2 0.356250 0.192593 0.012500 0.022222
2 0.366667 0.154630 0.008333 0.012963
2 0.364063 0.144444 0.007292 0.018519
2 0.458854 0.342593 0.023958 0.037037
2 0.529167 0.362037 0.039583 0.035185
2 0.779687 0.601852 0.105208 0.081481
0 0.120833 0.506481 0.014583 0.038889
0 0.141146 0.501852 0.015625 0.040741
0 0.157812 0.435185 0.011458 0.044444
0 0.280729 0.572222 0.013542 0.051852
0 0.245833 0.515741 0.014583 0.042593
0 0.312500 0.341667 0.008333 0.027778
0 0.299479 0.319444 0.007292 0.020370
0 0.313021 0.322222 0.007292 0.025926
0 0.320312 0.302778 0.007292 0.020370
0 0.302083 0.301852 0.006250 0.025926
0 0.443229 0.470370 0.009375 0.037037
0 0.451042 0.437963 0.010417 0.035185
0 0.458333 0.401852 0.010417 0.025926
0 0.446875 0.374074 0.010417 0.025926
0 0.478125 0.372222 0.012500 0.029630
0 0.471354 0.364815 0.007292 0.029630
0 0.465625 0.363889 0.006250 0.024074
0 0.504167 0.376852 0.008333 0.038889
0 0.595833 0.611111 0.016667 0.051852
0 0.639583 0.834259 0.020833 0.072222
0 0.553125 0.781481 0.020833 0.081481
0 0.657292 0.545370 0.018750 0.061111
0 0.731250 0.562963 0.012500 0.040741
0 0.416146 0.286111 0.007292 0.020370
0 0.400000 0.269444 0.006250 0.024074
0 0.340625 0.271296 0.006250 0.020370
0 0.665104 0.464815 0.009375 0.051852
0 0.704688 0.552778 0.015625 0.061111
0 0.425000 0.320370 0.006250 0.018519
0 0.425000 0.316667 0.008333 0.025926
2 0.435937 0.277778 0.015625 0.029630
2 0.379167 0.200000 0.010417 0.018519
0 0.256250 0.698148 0.020833 0.059259
0 0.265625 0.700926 0.020833 0.064815
2 0.468229 0.917593 0.103125 0.164815
0 0.535937 0.837963 0.028125 0.068519
0 0.891667 0.858333 0.029167 0.105556
0 0.909375 0.859259 0.027083 0.081481