2 0.381618 0.408497 0.051471 0.053595
2 0.432353 0.400000 0.050000 0.054902
2 0.473162 0.390196 0.047794 0.053595
2 0.541544 0.361438 0.041912 0.048366
2 0.212132 0.705229 0.069853 0.069281
2 0.128309 0.605882 0.061029 0.056209
2 0.060294 0.572549 0.063235 0.062745
2 0.223529 0.183660 0.047059 0.037908
2 0.684559 0.231373 0.025000 0.054902
2 0.922794 0.279085 0.030882 0.050980
2 0.696324 0.179085 0.026471 0.041830
2 0.698897 0.128758 0.019853 0.045752
2 0.708088 0.085621 0.019118 0.037908
2 0.716912 0.043137 0.016176 0.033987
2 0.983088 0.154902 0.020588 0.040523
2 0.039706 0.106536 0.036765 0.050980
2 0.059191 0.112418 0.033088 0.041830
2 0.078676 0.121569 0.042647 0.052288
2 0.095956 0.130719 0.033088 0.049673
2 0.021691 0.217647 0.041912 0.048366
2 0.043015 0.237255 0.037500 0.050980
2 0.071324 0.239869 0.041176 0.069281
2 0.609191 0.317647 0.028676 0.044444
0 0.726471 0.622222 0.008824 0.031373
0 0.714706 0.762745 0.005882 0.032680
0 0.757721 0.644444 0.008088 0.033987
0 0.819118 0.330719 0.007353 0.028758
0 0.981250 0.338562 0.006618 0.018301
0 0.986765 0.350327 0.008824 0.033987
0 0.598897 0.443791 0.009559 0.032680
0 0.528309 0.403268 0.009559 0.027451
0 0.539706 0.385621 0.007353 0.036601
0 0.657353 0.311765 0.004412 0.027451
0 0.676838 0.318301 0.006618 0.024837
0 0.952574 0.277124 0.008088 0.028758
0 0.146324 0.951634 0.014706 0.041830
2 0.293015 0.479085 0.030147 0.045752
0 0.225000 0.329412 0.011765 0.026144
2 0.992647 0.246405 0.014706 0.045752
0 0.962500 0.238562 0.007353 0.024837
0 0.165441 0.923529 0.013235 0.032680
0 0.170221 0.907190 0.012500 0.041830
0 0.123162 0.820915 0.015441 0.031373
0 0.652206 0.235948 0.011765 0.019608
0 0.664338 0.200654 0.009559 0.014379
0 0.678676 0.169935 0.007353 0.023529
0 0.748162 0.183007 0.005147 0.020915
0 0.744485 0.184967 0.006618 0.019608
0 0.688971 0.431373 0.004412 0.026144
0 0.708456 0.432026 0.006618 0.030065
0 0.694485 0.429412 0.009559 0.032680
0 0.687132 0.416340 0.008088 0.030065
0 0.770956 0.420915 0.012500 0.031373
0 0.975368 0.462745 0.009559 0.033987
0 0.792279 0.285621 0.006618 0.027451
0 0.782721 0.297386 0.008088 0.030065
0 0.784926 0.287582 0.008088 0.028758
0 0.689706 0.346405 0.005882 0.023529
0 0.690074 0.339216 0.006618 0.014379
0 0.593015 0.276471 0.006618 0.024837
0 0.576103 0.229412 0.008088 0.022222
0 0.656618 0.145098 0.005882 0.020915
0 0.647059 0.143791 0.007353 0.018301
0 0.670956 0.036601 0.006618 0.023529
0 0.659191 0.011765 0.006618 0.023529
0 0.734191 0.075163 0.006618 0.024837
0 0.726471 0.070588 0.005882 0.023529
0 0.741912 0.051634 0.005882 0.019608
2 0.177941 0.164706 0.044118 0.041830
2 0.725735 0.011111 0.023529 0.022222