0 0.415625 0.507407 0.014583 0.040741
2 0.201563 0.953704 0.086458 0.092593
2 0.182812 0.756481 0.092708 0.153704
2 0.496875 0.876852 0.058333 0.190741
2 0.285938 0.518519 0.071875 0.096296
2 0.342708 0.601852 0.050000 0.100000
2 0.383854 0.462037 0.042708 0.094444
2 0.509375 0.516667 0.035417 0.085185
2 0.452083 0.400000 0.035417 0.070370
2 0.319792 0.335185 0.035417 0.059259
2 0.482292 0.302778 0.031250 0.057407
2 0.425000 0.329630 0.033333 0.062963
2 0.638542 0.382407 0.066667 0.064815
2 0.697396 0.669444 0.076042 0.079630
2 0.691146 0.570370 0.078125 0.100000
2 0.688542 0.522222 0.066667 0.085185
2 0.500000 0.237963 0.037500 0.035185
2 0.359375 0.205556 0.039583 0.033333
0 0.285938 0.307407 0.009375 0.048148
0 0.296875 0.296296 0.014583 0.044444
2 0.404167 0.256481 0.039583 0.050000
2 0.451042 0.247222 0.027083 0.057407
2 0.466146 0.196296 0.028125 0.059259
2 0.518750 0.142593 0.020833 0.040741
2 0.569792 0.105556 0.020833 0.037037
2 0.382812 0.091667 0.023958 0.031481
2 0.445833 0.061111 0.029167 0.029630
2 0.495312 0.031481 0.028125 0.029630
2 0.388021 0.071296 0.023958 0.024074
2 0.397396 0.057407 0.021875 0.029630
2 0.384896 0.010185 0.017708 0.020370
2 0.546875 0.043519 0.033333 0.027778
0 0.523438 0.039815 0.007292 0.024074
0 0.530729 0.038889 0.005208 0.029630
0 0.538021 0.026852 0.003125 0.020370
0 0.540625 0.025926 0.004167 0.018519