2 0.491176 0.403922 0.016176 0.067974
2 0.486765 0.579739 0.017647 0.066667
2 0.531985 0.664052 0.016912 0.067974
2 0.477574 0.925490 0.016912 0.065359
2 0.409191 0.977124 0.041912 0.045752
2 0.400735 0.920261 0.035294 0.044444
0 0.440441 0.955556 0.005882 0.010458
0 0.435294 0.953595 0.005882 0.016993
0 0.441544 0.736601 0.003676 0.019608
0 0.452206 0.812418 0.005882 0.011765
0 0.516176 0.681046 0.005882 0.010458
0 0.513603 0.628758 0.005147 0.013072
0 0.430515 0.733987 0.005147 0.011765
0 0.372426 0.835294 0.005147 0.010458
0 0.380515 0.821569 0.005147 0.009150
0 0.439706 0.616993 0.005882 0.010458
0 0.437868 0.607843 0.005147 0.010458
0 0.404779 0.616340 0.005147 0.009150
0 0.406250 0.609804 0.006618 0.009150
0 0.397059 0.620915 0.004412 0.010458
0 0.390074 0.611765 0.005147 0.010458
0 0.422426 0.722876 0.005147 0.010458
0 0.424632 0.716993 0.005147 0.009150
0 0.579779 0.558824 0.006618 0.011765
0 0.588971 0.560131 0.005882 0.009150
0 0.569485 0.536601 0.005147 0.011765
0 0.518382 0.551634 0.007353 0.015686
0 0.515809 0.466013 0.005147 0.014379
0 0.540441 0.541176 0.005882 0.013072
0 0.537868 0.535948 0.005147 0.010458
0 0.584926 0.568627 0.003676 0.007843
0 0.588603 0.566013 0.005147 0.007843
2 0.623897 0.497386 0.031618 0.058824
0 0.506618 0.547059 0.005882 0.006536
0 0.504412 0.539869 0.005882 0.007843
0 0.378676 0.462745 0.004412 0.010458
0 0.373529 0.456863 0.005882 0.009150
2 0.211029 0.713725 0.025000 0.052288
2 0.282353 0.664706 0.038235 0.035294
2 0.270956 0.559477 0.041912 0.028758
2 0.200000 0.571895 0.032353 0.032680
2 0.172426 0.704575 0.036029 0.057516
2 0.142279 0.713072 0.033088 0.056209
2 0.068015 0.732680 0.019853 0.066667
0 0.033824 0.685621 0.010294 0.009150
0 0.006985 0.686928 0.013971 0.011765
0 0.052206 0.667974 0.011765 0.010458
0 0.052574 0.660131 0.012500 0.013072
0 0.044118 0.635948 0.010294 0.011765
2 0.008456 0.594771 0.016912 0.031373
2 0.106250 0.578431 0.036029 0.043137
2 0.107353 0.541830 0.030882 0.030065
2 0.691544 0.484314 0.028676 0.061438
2 0.720221 0.474510 0.030147 0.062745
2 0.750368 0.470588 0.031618 0.057516
2 0.800735 0.477778 0.016176 0.050980
0 0.757353 0.432680 0.005882 0.010458
0 0.748897 0.434641 0.008088 0.011765
0 0.802941 0.529412 0.008824 0.010458
0 0.806250 0.518954 0.011029 0.007843
2 0.923897 0.465359 0.022794 0.060131
2 0.553676 0.304575 0.035294 0.041830
0 0.575000 0.351634 0.005882 0.013072
0 0.579044 0.350327 0.003676 0.015686
2 0.429044 0.269935 0.028676 0.064052
2 0.548162 0.244444 0.034559 0.033987
2 0.517647 0.177124 0.019118 0.064052
0 0.360294 0.190196 0.005882 0.014379
0 0.430515 0.167974 0.005147 0.014379
2 0.551471 0.173203 0.036765 0.032680
2 0.386029 0.121569 0.045588 0.031373
0 0.498897 0.113725 0.005147 0.015686
0 0.491176 0.115686 0.005882 0.014379
2 0.480515 0.037908 0.016912 0.057516
2 0.508824 0.029412 0.016176 0.058824
0 0.564338 0.079085 0.005147 0.016993
0 0.567279 0.069281 0.005147 0.013072
0 0.573529 0.062745 0.002941 0.015686
0 0.576471 0.049673 0.004412 0.013072
0 0.576471 0.083007 0.004412 0.011765
2 0.739338 0.130719 0.038971 0.033987
2 0.784559 0.162092 0.016176 0.060131
2 0.807721 0.154902 0.018382 0.058824
2 0.847426 0.145098 0.019853 0.060131
2 0.737132 0.024837 0.036029 0.031373
2 0.856250 0.013725 0.018382 0.027451
2 0.815074 0.011111 0.015441 0.022222
2 0.793750 0.009804 0.016912 0.019608
0 0.822059 0.047059 0.007353 0.015686