2 0.358824 0.506536 0.051471 0.074510
2 0.397426 0.563399 0.055147 0.083660
2 0.574632 0.525490 0.044853 0.067974
2 0.517647 0.396078 0.025000 0.036601
2 0.484926 0.306536 0.013971 0.027451
2 0.518750 0.319608 0.013971 0.027451
2 0.527206 0.353595 0.017647 0.032680
2 0.844118 0.477124 0.063235 0.062745
2 0.718750 0.365359 0.019853 0.022222
2 0.205147 0.372549 0.061765 0.036601
2 0.222426 0.359477 0.059559 0.033987
0 0.948529 0.508497 0.010294 0.052288
0 0.727941 0.767974 0.014706 0.064052
0 0.805882 0.952941 0.017647 0.062745
0 0.823162 0.967320 0.015441 0.049673
0 0.168382 0.575163 0.016176 0.062745
0 0.100000 0.568627 0.014706 0.070588
0 0.123897 0.573203 0.013971 0.066667
0 0.184559 0.533987 0.011765 0.045752
0 0.168750 0.526144 0.009559 0.045752
2 0.489706 0.277124 0.010294 0.023529
0 0.572059 0.352288 0.007353 0.037908
0 0.662868 0.428105 0.015441 0.019608
0 0.679779 0.418301 0.005147 0.039216
0 0.683088 0.432026 0.010294 0.053595
0 0.693015 0.413725 0.008088 0.045752
0 0.770956 0.460131 0.008088 0.028758
0 0.788235 0.383007 0.008824 0.041830
0 0.166912 0.341830 0.007353 0.043137
0 0.157353 0.337255 0.007353 0.041830
2 0.285294 0.317647 0.017647 0.031373
2 0.306250 0.315033 0.024265 0.033987
2 0.373897 0.279085 0.021324 0.019608
2 0.359559 0.247712 0.016176 0.024837
0 0.457721 0.283007 0.005147 0.016993
0 0.466544 0.253595 0.002206 0.013072
0 0.744853 0.433333 0.007353 0.037908
0 0.635662 0.321569 0.011029 0.023529
0 0.644853 0.344444 0.007353 0.037908
0 0.673529 0.366013 0.002941 0.028758
0 0.675735 0.337908 0.004412 0.027451
0 0.656985 0.339216 0.006618 0.037908
0 0.664338 0.336601 0.005147 0.040523
0 0.823897 0.510458 0.008088 0.037908
0 0.854779 0.551634 0.013971 0.052288
0 0.886397 0.560784 0.013971 0.062745
0 0.870956 0.521569 0.009559 0.047059
0 0.854779 0.492157 0.008088 0.056209
0 0.869485 0.490850 0.015441 0.061438
0 0.726838 0.510458 0.006618 0.037908
0 0.744853 0.539869 0.013235 0.067974