2 0.575368 0.527451 0.066912 0.155556
2 0.166176 0.575163 0.129412 0.109804
0 0.761029 0.862092 0.023529 0.082353
0 0.366176 0.328758 0.023529 0.064052
0 0.267647 0.460131 0.022059 0.065359
0 0.320221 0.450327 0.022794 0.064052
0 0.313235 0.437255 0.020588 0.061438
0 0.306985 0.423529 0.024265 0.073203
0 0.283088 0.423529 0.023529 0.070588
2 0.256618 0.388235 0.114706 0.096732
0 0.231985 0.334641 0.018382 0.052288
2 0.433824 0.156209 0.038235 0.090196
2 0.447794 0.028758 0.042647 0.057516
2 0.601103 0.068627 0.036029 0.082353