2 0.329044 0.726797 0.059559 0.180392
2 0.484926 0.720915 0.056618 0.160784
2 0.490441 0.939216 0.072059 0.121569
2 0.499265 0.495425 0.045588 0.104575
2 0.570588 0.460131 0.041176 0.088889
0 0.540441 0.483007 0.016176 0.050980
0 0.842647 0.422222 0.011765 0.041830
0 0.857353 0.438562 0.016176 0.056209
2 0.943382 0.110458 0.051471 0.040523
0 0.923897 0.087582 0.009559 0.033987
0 0.890074 0.105229 0.005147 0.035294
0 0.847794 0.083007 0.005882 0.030065
2 0.799632 0.114379 0.058088 0.040523
2 0.810662 0.093464 0.049265 0.040523
2 0.697426 0.095425 0.038971 0.036601
2 0.601471 0.088235 0.036765 0.032680
0 0.718015 0.071895 0.003676 0.026144
0 0.724632 0.069281 0.005147 0.020915
2 0.730515 0.090850 0.034559 0.035294
2 0.706250 0.083007 0.033088 0.032680
2 0.690809 0.068627 0.040441 0.032680
2 0.673162 0.059477 0.038971 0.032680
2 0.654044 0.043137 0.036029 0.028758
2 0.642279 0.036601 0.033088 0.023529
2 0.612500 0.022222 0.016176 0.026144
2 0.642279 0.009150 0.033088 0.018301
2 0.517647 0.071242 0.019118 0.030065
2 0.502941 0.010458 0.016176 0.020915
2 0.463235 0.046405 0.019118 0.030065
2 0.436397 0.035294 0.016912 0.031373
0 0.405882 0.037255 0.004412 0.030065
0 0.410294 0.034641 0.004412 0.027451
0 0.408824 0.088235 0.007353 0.027451
0 0.412868 0.090850 0.006618 0.022222
2 0.095956 0.492157 0.080147 0.113725
2 0.035294 0.402614 0.070588 0.081046
2 0.011765 0.501307 0.023529 0.124183
2 0.038603 0.589542 0.077206 0.120261
0 0.016912 0.083660 0.008824 0.033987
0 0.062500 0.041830 0.008824 0.028758
2 0.088235 0.075817 0.051471 0.031373
2 0.145221 0.143791 0.056618 0.039216
0 0.148162 0.281046 0.012500 0.033987
2 0.157353 0.105229 0.042647 0.035294
2 0.149632 0.075817 0.046324 0.028758
0 0.153676 0.052288 0.005882 0.033987
0 0.112868 0.021569 0.008088 0.027451
0 0.235294 0.042484 0.005882 0.030065
0 0.275000 0.076471 0.007353 0.030065
0 0.270588 0.073856 0.007353 0.030065
0 0.270956 0.013072 0.005147 0.026144
0 0.267279 0.043791 0.006618 0.022222
0 0.270221 0.045752 0.005147 0.026144
0 0.287132 0.021569 0.005147 0.027451
0 0.302941 0.021569 0.004412 0.027451
0 0.293015 0.022222 0.005147 0.026144