2 0.836719 0.915741 0.072396 0.148148
2 0.798958 0.774537 0.065625 0.102778
2 0.772656 0.631481 0.045312 0.088889
2 0.737500 0.555556 0.045833 0.074074
0 0.503385 0.495370 0.006771 0.037037
0 0.516927 0.472222 0.011979 0.025926
0 0.585417 0.290741 0.006250 0.020370
2 0.517188 0.185648 0.012500 0.019444
2 0.548698 0.100463 0.006771 0.012037
2 0.540104 0.070370 0.005208 0.007407
0 0.489583 0.555093 0.011458 0.045370
0 0.489323 0.550926 0.007812 0.050000
0 0.495833 0.630093 0.013542 0.025000
0 0.502344 0.585185 0.013021 0.022222
0 0.550521 0.596296 0.010417 0.027778
0 0.554688 0.586111 0.007292 0.025926