2 0.425000 0.090741 0.008333 0.014815
2 0.396354 0.098148 0.009375 0.014815
2 0.509375 0.161111 0.008333 0.025926
2 0.646875 0.650000 0.037500 0.070370
2 0.627083 0.390741 0.022917 0.037037
2 0.611979 0.358333 0.026042 0.027778
2 0.381771 0.250926 0.015625 0.024074
2 0.377604 0.387037 0.021875 0.037037
2 0.518229 0.162963 0.009375 0.014815
2 0.536458 0.193519 0.010417 0.012963
2 0.541146 0.211111 0.009375 0.022222
2 0.555208 0.234259 0.016667 0.016667
2 0.562500 0.246296 0.016667 0.022222
2 0.572396 0.262037 0.015625 0.024074
0 0.796354 0.621296 0.005208 0.027778
0 0.806771 0.624074 0.009375 0.040741
0 0.782813 0.341667 0.003125 0.027778
0 0.789062 0.338889 0.005208 0.025926
0 0.393229 0.677778 0.007292 0.025926
2 0.589063 0.303704 0.017708 0.040741
2 0.494792 0.135185 0.012500 0.014815
2 0.441146 0.141667 0.011458 0.016667
2 0.460938 0.116667 0.011458 0.014815
2 0.486458 0.120370 0.010417 0.014815
2 0.480208 0.112037 0.012500 0.012963
2 0.471354 0.103704 0.013542 0.011111
2 0.467187 0.094444 0.011458 0.011111
2 0.462500 0.087963 0.012500 0.012963
0 0.423958 0.431481 0.006250 0.025926
0 0.358854 0.140741 0.005208 0.011111