0 0.984191 0.888235 0.030147 0.082353
2 0.220956 0.540523 0.112500 0.095425
2 0.056618 0.493464 0.110294 0.092810
2 0.188235 0.398039 0.086765 0.064052
2 0.286397 0.415033 0.091912 0.077124
0 0.244485 0.340523 0.009559 0.045752
0 0.289338 0.335294 0.013971 0.043137
0 0.402206 0.531373 0.014706 0.064052
0 0.415809 0.533987 0.013971 0.064052
0 0.438603 0.539216 0.015441 0.066667
0 0.418015 0.441830 0.018382 0.047059
2 0.434926 0.343791 0.071324 0.057516
2 0.440074 0.316340 0.077206 0.054902
2 0.435662 0.298039 0.065441 0.039216
2 0.458456 0.283660 0.071324 0.049673
2 0.505147 0.246405 0.061765 0.043137
2 0.511765 0.233333 0.050000 0.035294
2 0.523529 0.215033 0.052941 0.037908
2 0.531985 0.195425 0.049265 0.040523
2 0.605882 0.105882 0.016176 0.026144
2 0.612868 0.080392 0.013971 0.022222
2 0.609926 0.069281 0.028676 0.023529
2 0.619853 0.063399 0.019118 0.019608
2 0.682721 0.102614 0.021324 0.027451
2 0.686765 0.067974 0.014706 0.023529
2 0.708456 0.075163 0.033088 0.027451
2 0.709559 0.083660 0.029412 0.018301
2 0.621691 0.164706 0.021324 0.036601
2 0.609559 0.200654 0.025000 0.040523
2 0.600000 0.227451 0.026471 0.039216
2 0.595588 0.259477 0.027941 0.058824
2 0.578309 0.295425 0.034559 0.067974
2 0.570588 0.349673 0.038235 0.069281
0 0.592647 0.559477 0.020588 0.067974
0 0.543015 0.280392 0.006618 0.040523
0 0.549632 0.284314 0.011029 0.045752
0 0.556985 0.235294 0.008088 0.041830
0 0.564706 0.232680 0.007353 0.039216
0 0.558824 0.267974 0.005882 0.031373
0 0.561765 0.264052 0.007353 0.026144
0 0.637132 0.263399 0.011029 0.043137
0 0.660662 0.211765 0.008088 0.033987
0 0.639706 0.179739 0.007353 0.027451
0 0.687500 0.494771 0.017647 0.061438
0 0.702941 0.485621 0.013235 0.048366
0 0.702941 0.466013 0.010294 0.048366
2 0.808456 0.447712 0.103676 0.090196
2 0.800735 0.396078 0.088235 0.070588
0 0.815809 0.326797 0.012500 0.044444
0 0.819853 0.338562 0.013235 0.041830
2 0.679044 0.200654 0.024265 0.048366
2 0.577206 0.107843 0.029412 0.022222