0 0.773897 0.447712 0.021324 0.064052
0 0.578309 0.437255 0.015441 0.053595
0 0.550735 0.434641 0.016176 0.040523
0 0.493382 0.492810 0.020588 0.057516
0 0.291176 0.684967 0.020588 0.073203
0 0.310662 0.585621 0.015441 0.062745
0 0.309191 0.564052 0.016912 0.066667
0 0.330515 0.578431 0.013971 0.037908
2 0.220221 0.286275 0.109559 0.086275
2 0.543750 0.279085 0.103676 0.077124
2 0.802206 0.390196 0.122059 0.092810
2 0.809191 0.306536 0.116912 0.098039
0 0.696691 0.128105 0.015441 0.028758
0 0.721324 0.131373 0.011765 0.064052
2 0.181250 0.183007 0.100735 0.086275
2 0.310294 0.076471 0.057353 0.098039
0 0.096324 0.138562 0.022059 0.057516
0 0.131250 0.088889 0.016912 0.062745
0 0.149265 0.061438 0.017647 0.054902
0 0.130147 0.030719 0.016176 0.058824
0 0.270588 0.050980 0.016176 0.049673
0 0.416912 0.024183 0.013235 0.045752
0 0.419485 0.022876 0.015441 0.045752
0 0.580147 0.124183 0.008824 0.054902
0 0.587132 0.115033 0.009559 0.049673
0 0.584559 0.105229 0.008824 0.050980
0 0.723897 0.128758 0.011029 0.053595