2 0.252941 0.550327 0.138235 0.120261
2 0.175735 0.647712 0.155882 0.147712
2 0.086765 0.756863 0.170588 0.185621
2 0.670588 0.615686 0.160294 0.141176
2 0.708824 0.487582 0.136765 0.117647
2 0.723529 0.436601 0.113235 0.091503
2 0.048529 0.552288 0.095588 0.181699
2 0.168382 0.426797 0.114706 0.132026
2 0.494485 0.277778 0.088971 0.090196
2 0.515074 0.249020 0.075735 0.074510
2 0.537132 0.228758 0.078676 0.067974
2 0.555147 0.205229 0.075000 0.065359
2 0.572794 0.183660 0.072059 0.061438
2 0.588971 0.164706 0.064706 0.062745
2 0.601103 0.141176 0.075735 0.062745
2 0.739338 0.396078 0.121324 0.091503
2 0.746324 0.343137 0.116176 0.077124
2 0.755147 0.307190 0.110294 0.078431
2 0.755882 0.268627 0.095588 0.064052
2 0.770221 0.248366 0.086029 0.062745
2 0.767647 0.213072 0.091176 0.060131
2 0.788235 0.188235 0.082353 0.065359
2 0.794485 0.170588 0.084559 0.056209
2 0.794485 0.145098 0.077206 0.044444
2 0.796324 0.128105 0.067647 0.044444
2 0.801838 0.118301 0.065441 0.045752
2 0.808456 0.110458 0.066912 0.050980
2 0.810662 0.081046 0.063971 0.039216
2 0.815809 0.071242 0.058088 0.037908
2 0.816544 0.062745 0.058088 0.036601
2 0.822426 0.057516 0.055147 0.039216
2 0.824632 0.047712 0.052206 0.032680
2 0.634191 0.094771 0.062500 0.061438
2 0.665441 0.076471 0.058824 0.056209
2 0.679412 0.038562 0.045588 0.040523
2 0.265809 0.306536 0.074265 0.061438
2 0.358456 0.196078 0.044853 0.057516
2 0.422059 0.207843 0.047059 0.057516