2 0.347059 0.956863 0.079412 0.086275
2 0.583456 0.486928 0.034559 0.095425
0 0.563971 0.216340 0.008824 0.032680
0 0.506985 0.125490 0.008088 0.020915
0 0.553676 0.067974 0.005882 0.031373
2 0.382721 0.028105 0.031618 0.056209
0 0.558088 0.766013 0.013235 0.036601
0 0.641176 0.767974 0.008824 0.030065
0 0.643015 0.801307 0.006618 0.026144
0 0.654412 0.803922 0.011765 0.028758
0 0.126838 0.502614 0.012500 0.037908
0 0.158088 0.498039 0.016176 0.044444
0 0.088603 0.510458 0.016912 0.027451
2 0.205882 0.517647 0.072059 0.073203
2 0.228309 0.317647 0.059559 0.054902
2 0.228676 0.269935 0.057353 0.043137
0 0.222794 0.728105 0.017647 0.039216