2 0.276103 0.783660 0.046324 0.087582
2 0.160662 0.554248 0.030147 0.044444
2 0.120221 0.564052 0.037500 0.037908
2 0.164338 0.535948 0.041912 0.033987
2 0.575000 0.416993 0.011765 0.018301
2 0.573529 0.383007 0.008824 0.013072
2 0.589338 0.373856 0.009559 0.015686
2 0.493382 0.350327 0.022059 0.013072
2 0.440441 0.339869 0.011765 0.015686
2 0.426471 0.328758 0.011765 0.011765
2 0.413971 0.306536 0.007353 0.009150
2 0.387500 0.307843 0.005882 0.009150
2 0.394485 0.293464 0.005147 0.009150
2 0.461765 0.320261 0.013235 0.010458
2 0.453676 0.324837 0.014706 0.011765
2 0.277206 0.456209 0.042647 0.020915
2 0.409926 0.274510 0.003676 0.007843
2 0.342279 0.294118 0.005147 0.007843
2 0.344118 0.288235 0.007353 0.006536