2 0.392708 0.454630 0.033333 0.038889
0 0.374479 0.507407 0.009375 0.022222
0 0.370833 0.514815 0.008333 0.018519
2 0.444792 0.458333 0.016667 0.031481
2 0.489063 0.399074 0.023958 0.038889
2 0.514062 0.368519 0.017708 0.029630
2 0.535937 0.345370 0.021875 0.027778
2 0.548438 0.327778 0.017708 0.025926
2 0.533333 0.217593 0.014583 0.016667
2 0.577604 0.210185 0.011458 0.016667
0 0.853646 0.612963 0.011458 0.044444
0 0.855729 0.669444 0.009375 0.038889
0 0.861979 0.501852 0.007292 0.022222
0 0.862500 0.497222 0.010417 0.027778
0 0.949479 0.866667 0.009375 0.029630
0 0.948438 0.853704 0.011458 0.037037