2 0.244118 0.628105 0.073529 0.118954
2 0.207353 0.492157 0.094118 0.082353
2 0.300368 0.482353 0.041912 0.107190
2 0.315074 0.286928 0.028676 0.056209
2 0.294853 0.237255 0.069118 0.045752
2 0.629412 0.822222 0.080882 0.172549
2 0.708456 0.684314 0.122794 0.100654
2 0.688235 0.615686 0.098529 0.078431
2 0.558456 0.502614 0.050735 0.095425
2 0.529779 0.394118 0.038971 0.074510
2 0.518750 0.336601 0.034559 0.058824
2 0.379412 0.166013 0.026471 0.047059
2 0.414706 0.154248 0.020588 0.041830
2 0.471324 0.147059 0.023529 0.035294
2 0.491912 0.239216 0.032353 0.049673
2 0.483824 0.203922 0.025000 0.039216
2 0.604412 0.313072 0.051471 0.053595
2 0.596691 0.362092 0.074265 0.065359
2 0.335294 0.168627 0.019118 0.039216
2 0.403676 0.928758 0.067647 0.142484
2 0.617647 0.424837 0.069118 0.049673
2 0.331618 0.093464 0.014706 0.030065
0 0.521691 0.901307 0.012500 0.048366
0 0.525000 0.891503 0.010294 0.078431
0 0.164706 0.501961 0.011765 0.047059
0 0.641176 0.325490 0.010294 0.047059
0 0.652941 0.320915 0.008824 0.045752
0 0.444485 0.229412 0.006618 0.030065
0 0.458088 0.250980 0.007353 0.023529
0 0.196324 0.250980 0.008824 0.041830
0 0.445956 0.113725 0.003676 0.023529