2 0.545956 0.823529 0.036029 0.109804
2 0.588235 0.683660 0.029412 0.078431
2 0.431250 0.596078 0.027206 0.073203
2 0.581250 0.526797 0.027206 0.065359
2 0.550368 0.505882 0.024265 0.057516
2 0.437132 0.492810 0.024265 0.057516
2 0.575735 0.421569 0.023529 0.053595
2 0.564338 0.361438 0.021324 0.045752
2 0.533088 0.342484 0.019118 0.044444
2 0.537868 0.290850 0.019853 0.037908
2 0.529412 0.247712 0.019118 0.037908
2 0.495588 0.145752 0.016176 0.032680
2 0.502574 0.103268 0.013971 0.028758
2 0.528309 0.187582 0.016912 0.032680
2 0.524265 0.158170 0.014706 0.026144
2 0.523162 0.109150 0.013971 0.024837
2 0.545956 0.102614 0.013971 0.024837
2 0.542647 0.085621 0.013235 0.024837
2 0.553676 0.029412 0.027941 0.024837
2 0.251103 0.879739 0.087500 0.065359
2 0.265074 0.816340 0.087500 0.061438
2 0.310662 0.623529 0.075735 0.052288
2 0.315074 0.586275 0.069853 0.048366
2 0.323529 0.556209 0.069118 0.050980
2 0.112132 0.693464 0.069853 0.056209
2 0.130147 0.648366 0.066176 0.052288
2 0.148529 0.604575 0.067647 0.056209
2 0.165809 0.485621 0.038971 0.069281
2 0.097059 0.484967 0.035294 0.070588
2 0.280147 0.269935 0.039706 0.032680
2 0.472426 0.009804 0.025735 0.016993
2 0.433824 0.016993 0.025000 0.018301
2 0.387500 0.035294 0.025000 0.020915
2 0.377206 0.029412 0.023529 0.019608
2 0.348162 0.037908 0.027206 0.018301
2 0.343015 0.029412 0.027206 0.019608
2 0.307721 0.040523 0.028676 0.018301
2 0.306250 0.030065 0.025735 0.020915
2 0.271324 0.041830 0.026471 0.018301
2 0.252574 0.027451 0.025735 0.018301
2 0.230515 0.043137 0.030147 0.020915
2 0.191544 0.029412 0.030147 0.019608
2 0.126838 0.030065 0.028676 0.018301
0 0.448162 0.396078 0.008088 0.033987
0 0.420588 0.254248 0.005882 0.027451
0 0.413235 0.252288 0.005882 0.020915
0 0.315074 0.288235 0.006618 0.022222
0 0.276471 0.290850 0.007353 0.030065
0 0.281618 0.276471 0.005882 0.030065
0 0.297059 0.274510 0.007353 0.028758
2 0.044485 0.035948 0.031618 0.022222
2 0.010294 0.036601 0.020588 0.020915