2 0.481618 0.428105 0.025000 0.037908
2 0.548529 0.435948 0.026471 0.040523
2 0.406250 0.267320 0.013971 0.022222
0 0.362500 0.539216 0.011765 0.032680
0 0.360662 0.410458 0.006618 0.026144
2 0.209559 0.288235 0.023529 0.016993
2 0.214706 0.277778 0.023529 0.016993
2 0.181250 0.222876 0.012500 0.014379
2 0.144853 0.221569 0.014706 0.014379
2 0.159926 0.235948 0.012500 0.016993
2 0.114338 0.228105 0.025735 0.014379
2 0.326838 0.230719 0.009559 0.014379
2 0.333824 0.225490 0.010294 0.014379
2 0.333824 0.222222 0.010294 0.015686
2 0.348162 0.211765 0.008088 0.013072
2 0.966176 0.840523 0.067647 0.101961
2 0.851838 0.689542 0.069853 0.071895
2 0.791176 0.627451 0.051471 0.060131
2 0.838235 0.618954 0.055882 0.058824
2 0.750735 0.565359 0.050000 0.058824
2 0.785662 0.564052 0.044853 0.050980
2 0.707721 0.515686 0.038971 0.045752
2 0.744485 0.511765 0.047794 0.050980
2 0.763603 0.490196 0.038971 0.041830
2 0.648162 0.497386 0.033088 0.037908
2 0.777574 0.464052 0.037500 0.041830
2 0.708824 0.473856 0.035294 0.040523
2 0.716544 0.438562 0.031618 0.035294
2 0.682721 0.438562 0.031618 0.032680
2 0.633088 0.417647 0.029412 0.035294
2 0.658824 0.405229 0.026471 0.028758
2 0.671324 0.392810 0.026471 0.030065
2 0.692647 0.415033 0.030882 0.032680
2 0.719485 0.399346 0.027206 0.032680
2 0.697794 0.378431 0.027941 0.032680
2 0.677574 0.360131 0.024265 0.024837
2 0.689338 0.339216 0.021324 0.024837
2 0.624265 0.396732 0.026471 0.030065
2 0.639706 0.386275 0.026471 0.030065
2 0.649632 0.369281 0.024265 0.030065
2 0.637132 0.354248 0.018382 0.023529
2 0.620221 0.337908 0.019853 0.022222
2 0.318015 0.208497 0.012500 0.014379
2 0.333824 0.205882 0.008824 0.014379
2 0.606985 0.326144 0.018382 0.022222
2 0.578676 0.335294 0.017647 0.024837
2 0.578309 0.322876 0.024265 0.023529
2 0.594118 0.311765 0.017647 0.019608
2 0.568015 0.311111 0.018382 0.018301
2 0.561397 0.303922 0.016912 0.019608
2 0.612500 0.269935 0.014706 0.014379
2 0.525735 0.269935 0.010294 0.016993
2 0.534191 0.278431 0.012500 0.015686
2 0.540074 0.286275 0.012500 0.015686
2 0.544118 0.297386 0.013235 0.019608
2 0.559559 0.275163 0.013235 0.016993
2 0.541176 0.254902 0.013235 0.018301