0 0.050368 0.746405 0.019853 0.070588
0 0.063603 0.735294 0.021324 0.064052
0 0.121324 0.737908 0.026471 0.061438
0 0.148529 0.717647 0.020588 0.065359
0 0.139338 0.724837 0.019853 0.064052
0 0.125368 0.727451 0.019853 0.074510
0 0.341544 0.515033 0.013971 0.060131
0 0.333824 0.724837 0.019118 0.071895
0 0.323162 0.716993 0.013971 0.064052
0 0.327574 0.669935 0.018382 0.050980
2 0.329412 0.689542 0.026471 0.043137
0 0.339338 0.262745 0.008088 0.033987
0 0.334191 0.255556 0.006618 0.032680
0 0.329412 0.253595 0.007353 0.039216
2 0.387132 0.341830 0.028676 0.061438
2 0.484559 0.346405 0.033824 0.062745
2 0.423529 0.251634 0.029412 0.056209
2 0.514338 0.301961 0.030147 0.047059
2 0.600368 0.473203 0.049265 0.067974
2 0.623162 0.682353 0.072794 0.130719
2 0.745956 0.728758 0.103676 0.147712
2 0.672059 0.438562 0.050000 0.058824
2 0.630515 0.335948 0.044853 0.049673
2 0.563971 0.282353 0.036765 0.049673
2 0.519485 0.208497 0.027206 0.032680
0 0.637132 0.460131 0.011029 0.049673
0 0.644118 0.462092 0.008824 0.024837
0 0.493382 0.097386 0.004412 0.022222
0 0.497794 0.095425 0.005882 0.026144
2 0.363235 0.090196 0.017647 0.023529
2 0.411765 0.048366 0.014706 0.020915
2 0.559559 0.245752 0.032353 0.033987
2 0.377941 0.037255 0.019118 0.016993
2 0.384191 0.049673 0.022794 0.020915
0 0.347794 0.124183 0.007353 0.018301
0 0.375000 0.071895 0.004412 0.015686
2 0.325735 0.008497 0.013235 0.016993
0 0.322794 0.149673 0.007353 0.019608
2 0.881618 0.730719 0.098529 0.128105