2 0.471354 0.603704 0.023958 0.040741
2 0.465104 0.472222 0.021875 0.025926
2 0.563021 0.882407 0.036458 0.094444
2 0.162500 0.965741 0.050000 0.064815
0 0.295833 0.958333 0.014583 0.053704
0 0.388021 0.693519 0.009375 0.024074
2 0.451042 0.413889 0.012500 0.020370
2 0.454688 0.400000 0.017708 0.018519
2 0.457292 0.387963 0.012500 0.016667
2 0.462500 0.307407 0.006250 0.011111
2 0.480729 0.394444 0.011458 0.014815
0 0.497396 0.401852 0.007292 0.011111
0 0.502604 0.434259 0.011458 0.016667
0 0.506250 0.666667 0.008333 0.022222
0 0.524479 0.946296 0.011458 0.062963
0 0.540104 0.942593 0.011458 0.062963
0 0.508854 0.800000 0.013542 0.051852