2 0.667708 0.858333 0.058333 0.127778
2 0.534375 0.831481 0.045833 0.122222
2 0.569792 0.690741 0.037500 0.085185
2 0.548958 0.529630 0.031250 0.062963
2 0.498958 0.509259 0.027083 0.055556
2 0.473438 0.321296 0.017708 0.035185
0 0.263542 0.624074 0.012500 0.037037
0 0.117188 0.916667 0.015625 0.051852
0 0.076042 0.989815 0.014583 0.020370
0 0.323437 0.389815 0.007292 0.027778
0 0.330729 0.404630 0.007292 0.035185
2 0.370312 0.174074 0.011458 0.022222
2 0.370312 0.161111 0.009375 0.018519
0 0.359896 0.158333 0.005208 0.016667
0 0.344271 0.179630 0.003125 0.018519
0 0.010417 0.198148 0.006250 0.022222
2 0.405208 0.138889 0.008333 0.018519
2 0.392188 0.114815 0.007292 0.014815
2 0.405208 0.115741 0.008333 0.016667
2 0.418229 0.107407 0.015625 0.011111
2 0.434375 0.112963 0.014583 0.014815
2 0.449479 0.162963 0.009375 0.018519
2 0.447396 0.137037 0.009375 0.014815
2 0.465625 0.154630 0.010417 0.016667
2 0.463021 0.141667 0.009375 0.012963
2 0.459375 0.129630 0.008333 0.014815
2 0.445833 0.127778 0.008333 0.011111
2 0.444271 0.119444 0.007292 0.012963
0 0.381771 0.119444 0.003125 0.012963
2 0.451562 0.102778 0.009375 0.012963
0 0.164583 0.169444 0.006250 0.020370