2 0.341912 0.470588 0.113235 0.078431
2 0.356985 0.422222 0.097794 0.075817
2 0.194853 0.452288 0.100000 0.073203
2 0.240074 0.408497 0.100735 0.074510
2 0.292647 0.290196 0.082353 0.062745
2 0.379412 0.369281 0.091176 0.079739
2 0.622059 0.621569 0.120588 0.105882
2 0.592647 0.437255 0.102941 0.079739
2 0.586397 0.395425 0.087500 0.053595
2 0.584559 0.358824 0.088235 0.050980
2 0.581618 0.330719 0.079412 0.047059
2 0.579412 0.301307 0.072059 0.045752
2 0.579044 0.270588 0.066912 0.039216
2 0.571691 0.244444 0.062500 0.047059
2 0.381618 0.331373 0.080882 0.058824
2 0.390809 0.296078 0.078676 0.058824
2 0.390441 0.271895 0.079412 0.052288
2 0.397426 0.243137 0.068382 0.044444
2 0.398897 0.218954 0.071324 0.040523
2 0.404412 0.198693 0.057353 0.039216
2 0.409559 0.177778 0.058824 0.044444
2 0.416176 0.151634 0.057353 0.039216
2 0.445221 0.055556 0.046324 0.035294
2 0.566544 0.136601 0.050735 0.043137
2 0.565441 0.116993 0.048529 0.030065
2 0.563235 0.096732 0.045588 0.028758
2 0.554779 0.062745 0.046324 0.031373
2 0.554044 0.049673 0.047794 0.026144
2 0.551471 0.037908 0.042647 0.020915
2 0.550000 0.028758 0.042647 0.023529