0 0.287760 0.862500 0.018229 0.119444
0 0.307031 0.809259 0.024479 0.105556
0 0.383594 0.686574 0.013021 0.060185
0 0.353125 0.761574 0.014583 0.084259
2 0.642969 0.614352 0.020313 0.047222
2 0.475521 0.927778 0.104167 0.144444
2 0.431250 0.667130 0.083333 0.056481
0 0.444531 0.636111 0.010937 0.027778
2 0.491927 0.823148 0.074479 0.112963
0 0.483854 0.703241 0.016667 0.058333
0 0.480469 0.650000 0.016146 0.046296
0 0.760156 0.952778 0.032813 0.094444
0 0.681510 0.919907 0.032813 0.113889
2 0.596354 0.835185 0.064583 0.112963
0 0.551302 0.611111 0.007812 0.037037
0 0.536979 0.633796 0.009375 0.054630
2 0.564323 0.667130 0.086979 0.049074
2 0.573177 0.688426 0.095312 0.062037
0 0.580208 0.726852 0.014583 0.051852
0 0.581510 0.718519 0.024479 0.072222
2 0.693750 0.681944 0.090625 0.056481
2 0.759115 0.710185 0.092188 0.050000
0 0.630729 0.738889 0.028125 0.072222
0 0.681771 0.723148 0.018750 0.077778
0 0.644792 0.761111 0.013542 0.072222
0 0.722135 0.737963 0.027604 0.087037
0 0.720833 0.756019 0.019792 0.080556
0 0.690885 0.762037 0.020313 0.085185
0 0.697135 0.807870 0.020313 0.086111
0 0.646615 0.789352 0.028646 0.093519