0 0.578906 0.550000 0.007812 0.042593
2 0.593229 0.752778 0.059375 0.079630
2 0.488021 0.554630 0.037500 0.051852
2 0.095312 0.249537 0.043750 0.025000
2 0.243750 0.236574 0.036458 0.021296
2 0.337760 0.235648 0.033854 0.015741
2 0.754427 0.245370 0.033854 0.016667
2 0.792188 0.249537 0.028125 0.015741
2 0.942187 0.267130 0.027083 0.019444
2 0.234115 0.329630 0.013021 0.024074
2 0.263281 0.342130 0.017188 0.030556
2 0.383854 0.341667 0.018750 0.020370
2 0.369271 0.336111 0.018750 0.020370
2 0.355208 0.327315 0.018750 0.019444
2 0.287240 0.336574 0.016146 0.026852