2 0.451838 0.469935 0.006618 0.006536
2 0.459559 0.477124 0.005882 0.010458
2 0.464338 0.484967 0.005147 0.007843
2 0.464706 0.469935 0.004412 0.006536
2 0.483088 0.495425 0.004412 0.007843
2 0.520588 0.561438 0.008824 0.014379
2 0.516176 0.557516 0.008824 0.011765
2 0.512500 0.549020 0.008824 0.013072
2 0.510294 0.543137 0.008824 0.011765
2 0.507353 0.539216 0.007353 0.011765
2 0.503309 0.533987 0.006618 0.011765
2 0.452574 0.494118 0.005147 0.010458
2 0.458456 0.510458 0.006618 0.011765
0 0.463235 0.511111 0.001471 0.010458
2 0.493015 0.603268 0.011029 0.016993
2 0.731618 0.949020 0.044118 0.054902
2 0.702941 0.900000 0.035294 0.048366
2 0.676838 0.850980 0.033088 0.039216
2 0.657721 0.935948 0.034559 0.047059
2 0.806618 0.911765 0.035294 0.045752
2 0.571324 0.970588 0.029412 0.058824
2 0.778309 0.868627 0.028676 0.043137
2 0.613603 0.734641 0.021324 0.028758
2 0.587868 0.724837 0.018382 0.024837
2 0.565441 0.720915 0.020588 0.024837
2 0.600368 0.712418 0.018382 0.023529
2 0.590074 0.692157 0.015441 0.027451
2 0.572426 0.658824 0.012500 0.018301
2 0.566544 0.650327 0.013971 0.016993
2 0.561029 0.635948 0.013235 0.022222
2 0.553309 0.626797 0.011029 0.016993
2 0.544485 0.603268 0.011029 0.016993
2 0.538235 0.598039 0.013235 0.014379
2 0.548897 0.616993 0.012500 0.020915
2 0.612868 0.645752 0.015441 0.020915
2 0.675368 0.730719 0.019853 0.026144
2 0.668382 0.710458 0.020588 0.022222
0 0.466176 0.947712 0.008824 0.031373
0 0.510662 0.777124 0.006618 0.022222
0 0.469485 0.863399 0.006618 0.019608
2 0.434559 0.982353 0.023529 0.035294
2 0.427941 0.861438 0.017647 0.044444
0 0.440441 0.815033 0.007353 0.030065
2 0.430147 0.782353 0.017647 0.037908
2 0.427574 0.752941 0.012500 0.026144
2 0.424632 0.701961 0.016912 0.031373
2 0.424632 0.681699 0.013971 0.024837
0 0.437132 0.643137 0.003676 0.018301
0 0.434191 0.643791 0.003676 0.014379
0 0.430147 0.643137 0.002941 0.018301
2 0.379412 0.535948 0.013235 0.013072
2 0.376471 0.562745 0.011765 0.011765
2 0.223529 0.749020 0.016176 0.028758
2 0.207721 0.641176 0.019853 0.019608
2 0.062868 0.643791 0.015441 0.016993
2 0.039706 0.648366 0.017647 0.020915
2 0.105882 0.588235 0.026471 0.010458
2 0.108456 0.584314 0.021324 0.007843
2 0.114338 0.581699 0.021324 0.010458
2 0.123897 0.577124 0.025735 0.014379
2 0.126103 0.569935 0.024265 0.007843
2 0.142647 0.565359 0.023529 0.011765
2 0.148897 0.559477 0.021324 0.015686
2 0.158824 0.553595 0.020588 0.014379
2 0.154412 0.548366 0.020588 0.011765
2 0.135662 0.549673 0.013971 0.011765
2 0.118382 0.548366 0.013235 0.011765
2 0.099632 0.532026 0.013971 0.015686