0 0.547396 0.568519 0.011458 0.051852
0 0.607812 0.653704 0.013542 0.066667
0 0.544792 0.369444 0.004167 0.027778
0 0.689063 0.573148 0.011458 0.035185
0 0.629167 0.636111 0.006250 0.035185
0 0.476562 0.448148 0.007292 0.022222
0 0.459896 0.446296 0.005208 0.029630
0 0.471875 0.323148 0.004167 0.020370
0 0.484375 0.321296 0.004167 0.020370
0 0.584375 0.428704 0.008333 0.031481
2 0.605729 0.296296 0.038542 0.025926
0 0.523438 0.275926 0.005208 0.022222
0 0.494792 0.288889 0.004167 0.018519
0 0.519792 0.323148 0.006250 0.016667