2 0.458824 0.075163 0.013235 0.024837
0 0.486765 0.020261 0.002941 0.014379
2 0.530147 0.068627 0.013235 0.016993
2 0.534926 0.089542 0.013971 0.022222
2 0.537500 0.100000 0.013235 0.022222
0 0.466544 0.101307 0.005147 0.022222
0 0.448162 0.100000 0.005147 0.016993
2 0.424265 0.110458 0.032353 0.024837
2 0.417647 0.140523 0.033824 0.027451
0 0.443015 0.147059 0.006618 0.019608
0 0.422426 0.165359 0.006618 0.024837
0 0.418750 0.190850 0.005147 0.031373
0 0.424265 0.184314 0.005882 0.018301
0 0.412868 0.191503 0.005147 0.027451
0 0.397794 0.284314 0.008824 0.035294
0 0.464338 0.200654 0.006618 0.016993
0 0.464338 0.219608 0.005147 0.028758
0 0.475368 0.203922 0.006618 0.023529
2 0.435662 0.245098 0.025735 0.043137
2 0.507353 0.166667 0.017647 0.032680
0 0.523162 0.181699 0.006618 0.023529
0 0.360294 0.386275 0.007353 0.040523
0 0.367647 0.391503 0.007353 0.043137
0 0.371691 0.474510 0.018382 0.039216
0 0.391176 0.463399 0.011765 0.050980
0 0.559559 0.392810 0.010294 0.048366
0 0.452941 0.460784 0.011765 0.035294
2 0.373897 0.532680 0.043382 0.077124
2 0.370956 0.624837 0.053676 0.099346
2 0.526471 0.677778 0.045588 0.108497
2 0.300735 0.923529 0.070588 0.152941
0 0.338603 0.966013 0.019853 0.062745
2 0.061029 0.138562 0.039706 0.028758
2 0.018750 0.347712 0.037500 0.052288
2 0.033824 0.745752 0.067647 0.092810