2 0.472426 0.671242 0.044853 0.108497
2 0.468015 0.515686 0.031618 0.066667
2 0.472059 0.419608 0.026471 0.060131
2 0.472059 0.364706 0.019118 0.047059
2 0.469118 0.334641 0.020588 0.039216
2 0.440441 0.295425 0.016176 0.026144
2 0.525735 0.287582 0.016176 0.023529
2 0.485294 0.193464 0.007353 0.013072
2 0.483088 0.175163 0.004412 0.007843
2 0.469118 0.172549 0.007353 0.007843
2 0.498162 0.232680 0.011029 0.018301
2 0.482721 0.161438 0.005147 0.009150
2 0.444118 0.197386 0.007353 0.013072
2 0.448162 0.182353 0.011029 0.009150
2 0.449265 0.168627 0.005882 0.010458
2 0.459191 0.169281 0.006618 0.009150
2 0.467279 0.311111 0.016912 0.023529
2 0.454779 0.209150 0.008088 0.013072
2 0.609926 0.275163 0.019853 0.022222
2 0.694853 0.420915 0.032353 0.044444
2 0.634926 0.337255 0.022794 0.031373
0 0.555515 0.386275 0.011029 0.030065
0 0.558088 0.388889 0.005882 0.019608
0 0.613235 0.445098 0.007353 0.032680
0 0.751838 0.467320 0.009559 0.040523
0 0.808456 0.539216 0.006618 0.040523
0 0.813235 0.522876 0.005882 0.044444
0 0.805882 0.505882 0.007353 0.041830
0 0.804412 0.494771 0.007353 0.035294
0 0.784559 0.508497 0.007353 0.033987
0 0.793382 0.492810 0.007353 0.033987
0 0.763235 0.460131 0.007353 0.033987
0 0.768382 0.477778 0.013235 0.027451
0 0.528309 0.254902 0.005147 0.013072
0 0.529044 0.256863 0.005147 0.014379
0 0.495956 0.193464 0.002206 0.010458
0 0.503676 0.195425 0.002941 0.006536
2 0.301103 0.422222 0.038971 0.044444
2 0.319118 0.366667 0.027941 0.043137
2 0.338603 0.342484 0.022794 0.031373
2 0.346691 0.328105 0.022794 0.031373
2 0.339338 0.309150 0.036029 0.024837
2 0.363971 0.292157 0.019118 0.024837
2 0.364706 0.271895 0.023529 0.026144
0 0.259926 0.455556 0.008088 0.045752
0 0.238603 0.448366 0.006618 0.041830
0 0.240809 0.446405 0.006618 0.040523
0 0.249632 0.440523 0.011029 0.036601
0 0.220221 0.488889 0.011029 0.044444
0 0.154044 0.418301 0.009559 0.033987
0 0.243015 0.342484 0.006618 0.028758
0 0.253676 0.333987 0.005882 0.022222
0 0.250735 0.349673 0.005882 0.022222
0 0.248529 0.320915 0.007353 0.022222
0 0.225368 0.541176 0.013971 0.039216
0 0.219485 0.588235 0.013971 0.039216
0 0.133824 0.636601 0.014706 0.054902
0 0.005515 0.413072 0.011029 0.028758
0 0.308824 0.388235 0.007353 0.033987
0 0.318750 0.385621 0.006618 0.033987
0 0.323529 0.424183 0.005882 0.024837
0 0.897426 0.752288 0.018382 0.082353
0 0.951838 0.752288 0.013971 0.074510
0 0.935662 0.751634 0.016912 0.070588
0 0.888235 0.475163 0.007353 0.045752
0 0.882721 0.467320 0.008088 0.045752
0 0.958088 0.485621 0.007353 0.037908
0 0.996324 0.497386 0.007353 0.040523
0 0.875735 0.509150 0.007353 0.030065
0 0.968750 0.673856 0.019853 0.058824