0 0.009926 0.714379 0.015441 0.050980
0 0.003676 0.724183 0.007353 0.049673
0 0.426471 0.849020 0.014706 0.077124
0 0.447426 0.930065 0.013971 0.077124
2 0.594118 0.845752 0.082353 0.143791
2 0.696324 0.930065 0.082353 0.139869
0 0.656985 0.824183 0.015441 0.064052
0 0.615441 0.788235 0.016176 0.065359
0 0.866912 0.910458 0.019118 0.061438
2 0.024632 0.472549 0.049265 0.048366
2 0.153309 0.488889 0.075735 0.049673
2 0.172794 0.462092 0.069118 0.043137
0 0.027941 0.393464 0.007353 0.036601
0 0.075735 0.405882 0.007353 0.037908
0 0.073529 0.392810 0.008824 0.032680
0 0.061765 0.367974 0.007353 0.035294
2 0.152941 0.322222 0.035294 0.037908
2 0.295956 0.400000 0.031618 0.047059
2 0.329412 0.337255 0.026471 0.039216
2 0.444853 0.364706 0.020588 0.039216
2 0.490074 0.399346 0.033088 0.045752
2 0.609191 0.539216 0.036029 0.056209
2 0.586029 0.429412 0.027941 0.043137
0 0.710662 0.511765 0.008088 0.037908
2 0.686765 0.386928 0.032353 0.041830
0 0.993750 0.601307 0.012500 0.044444
0 0.976838 0.523529 0.009559 0.045752
0 0.994118 0.543137 0.010294 0.032680
0 0.748162 0.547712 0.011029 0.047059
0 0.157353 0.295425 0.005882 0.026144
0 0.239706 0.278431 0.004412 0.028758
0 0.244853 0.277778 0.005882 0.027451
2 0.258456 0.294771 0.024265 0.030065
2 0.288603 0.320915 0.044853 0.027451
2 0.364706 0.274510 0.017647 0.023529
0 0.366544 0.251634 0.003676 0.011765
0 0.371324 0.278431 0.005882 0.018301
2 0.561765 0.301961 0.016176 0.028758
0 0.543382 0.294771 0.004412 0.014379
0 0.536029 0.256863 0.004412 0.016993
2 0.548162 0.237255 0.012500 0.019608
2 0.595588 0.224183 0.016176 0.024837
2 0.607353 0.237255 0.017647 0.019608
0 0.219118 0.237255 0.005882 0.024837
0 0.239338 0.241830 0.003676 0.023529
0 0.246691 0.239869 0.003676 0.022222
2 0.310662 0.171242 0.022794 0.013072
2 0.367279 0.160784 0.024265 0.013072
2 0.371691 0.158170 0.027206 0.013072
2 0.400735 0.124837 0.013235 0.009150
2 0.402941 0.120915 0.011765 0.006536
0 0.472794 0.162092 0.002941 0.007843
0 0.470956 0.147712 0.002206 0.010458
0 0.479044 0.141176 0.002206 0.007843
0 0.524265 0.150980 0.001471 0.009150
2 0.513603 0.156863 0.008088 0.010458
2 0.438971 0.126144 0.007353 0.011765
2 0.468382 0.125490 0.007353 0.010458
2 0.503309 0.123529 0.006618 0.009150
2 0.489706 0.120261 0.005882 0.007843
2 0.472426 0.107843 0.005147 0.006536
2 0.482353 0.103268 0.005882 0.005229
2 0.491544 0.109804 0.005147 0.007843
2 0.501838 0.098039 0.005147 0.010458
2 0.517279 0.103268 0.003676 0.007843
0 0.579779 0.193464 0.002206 0.015686