2 0.259375 0.501389 0.032292 0.060185
2 0.735938 0.915741 0.087500 0.120370
2 0.635156 0.745370 0.070312 0.094444
2 0.709115 0.753704 0.082812 0.107407
2 0.778646 0.768056 0.073958 0.095370
2 0.714063 0.671759 0.065625 0.078704
2 0.635417 0.653704 0.068750 0.092593
2 0.586458 0.659722 0.059375 0.078704
2 0.647135 0.601389 0.054688 0.063889
2 0.537500 0.579630 0.047917 0.062963
2 0.587500 0.518056 0.045833 0.052778
2 0.544531 0.517593 0.038021 0.051852
2 0.503125 0.518056 0.040625 0.052778
2 0.472917 0.460648 0.040625 0.054630
2 0.545573 0.462963 0.034896 0.042593
2 0.512760 0.468981 0.033854 0.045370
2 0.451302 0.426852 0.029687 0.038889
2 0.493490 0.438426 0.031771 0.041667
2 0.469531 0.405093 0.028646 0.037963
2 0.429427 0.390741 0.028646 0.037037
2 0.453385 0.376389 0.025521 0.037963
2 0.388021 0.369444 0.023958 0.037037
2 0.460156 0.343519 0.023438 0.027778
2 0.441146 0.354167 0.021875 0.028704
2 0.446094 0.319907 0.020313 0.030556
2 0.395052 0.329630 0.020313 0.025926
2 0.383594 0.308333 0.019271 0.025926
2 0.376042 0.290278 0.016667 0.023148
2 0.366667 0.277315 0.017708 0.023148
2 0.362500 0.262500 0.014583 0.017593
2 0.352865 0.249537 0.015104 0.021296
2 0.345833 0.232407 0.014583 0.020370
2 0.337240 0.215278 0.013021 0.017593
2 0.329948 0.200000 0.011979 0.016667
2 0.322656 0.184259 0.010937 0.016667
2 0.315104 0.168056 0.009375 0.015741
2 0.372917 0.247222 0.014583 0.020370
2 0.361979 0.226852 0.013542 0.018519
2 0.351302 0.206481 0.013021 0.018519
2 0.341667 0.191667 0.011458 0.014815
2 0.334896 0.179167 0.010417 0.013889
2 0.330469 0.169907 0.010937 0.015741
2 0.326562 0.138889 0.008333 0.011111
2 0.347135 0.144907 0.007812 0.012037
2 0.343229 0.171296 0.010417 0.012963
2 0.355990 0.186574 0.009896 0.013889
0 0.365104 0.165278 0.003125 0.012037
0 0.351823 0.168519 0.002604 0.011111
0 0.358073 0.168981 0.003646 0.012037
0 0.361458 0.173611 0.003125 0.012037
0 0.365885 0.181019 0.002604 0.012037
0 0.405208 0.225000 0.004167 0.020370
2 0.365625 0.200926 0.011458 0.014815
2 0.371875 0.213426 0.012500 0.017593
2 0.381771 0.229167 0.014583 0.017593
0 0.302604 0.190278 0.005208 0.017593
2 0.317969 0.210648 0.013021 0.015741
2 0.322135 0.219444 0.013021 0.012963
2 0.324740 0.227315 0.015104 0.013889
2 0.327083 0.238889 0.012500 0.014815
2 0.330469 0.250463 0.014063 0.017593
2 0.339583 0.262963 0.017708 0.024074
2 0.330469 0.298611 0.018229 0.026852
2 0.319271 0.278704 0.015625 0.022222
2 0.315625 0.262500 0.015625 0.019444
2 0.311458 0.252315 0.013542 0.015741
2 0.304688 0.230556 0.013542 0.016667
2 0.302604 0.221296 0.012500 0.014815
2 0.299479 0.213889 0.011458 0.014815
2 0.297917 0.204167 0.010417 0.013889
2 0.295312 0.199074 0.009375 0.014815
0 0.495573 0.296296 0.004687 0.022222
0 0.466667 0.268981 0.003125 0.017593
0 0.563281 0.359259 0.004687 0.020370
0 0.558073 0.370370 0.004687 0.024074
0 0.377865 0.186574 0.002604 0.013889
0 0.388802 0.194907 0.002604 0.015741
0 0.385417 0.197222 0.003125 0.016667
0 0.383594 0.179167 0.003646 0.017593
0 0.375000 0.168519 0.004167 0.014815
2 0.386458 0.166667 0.011458 0.012963
0 0.414323 0.142593 0.002604 0.012963
0 0.425781 0.144444 0.002604 0.012963
0 0.432292 0.147222 0.003125 0.012963
0 0.420833 0.150000 0.002083 0.014815
2 0.400000 0.127315 0.013542 0.012037
2 0.322917 0.094444 0.004167 0.007407
2 0.341406 0.117593 0.004687 0.011111
0 0.575260 0.388889 0.005729 0.025926
0 0.573177 0.388426 0.003646 0.025000
0 0.585938 0.415278 0.006250 0.026852
0 0.922656 0.731944 0.014063 0.049074
0 0.845313 0.677315 0.015625 0.041667
0 0.864844 0.662037 0.018229 0.040741
0 0.788281 0.602778 0.011979 0.046296
0 0.740885 0.571759 0.011979 0.034259
0 0.719792 0.534259 0.013542 0.033333
0 0.701042 0.533333 0.008333 0.022222
0 0.689063 0.499537 0.008333 0.032407