2 0.608088 0.722876 0.069118 0.135948
2 0.501838 0.547712 0.055147 0.112418
2 0.346324 0.699346 0.057353 0.141176
2 0.342647 0.573203 0.101471 0.100654
0 0.220588 0.587582 0.026471 0.082353
2 0.402574 0.467974 0.050735 0.083660
0 0.445956 0.449673 0.013971 0.054902
0 0.433456 0.447712 0.011029 0.050980
2 0.632353 0.377778 0.036765 0.060131
2 0.621691 0.338562 0.036029 0.060131
2 0.335662 0.386928 0.050735 0.081046
2 0.398897 0.409804 0.037500 0.069281
2 0.409926 0.363399 0.047794 0.067974
2 0.432353 0.301307 0.055882 0.053595
2 0.486397 0.273203 0.025735 0.049673
2 0.426103 0.279739 0.033088 0.044444
2 0.430147 0.250327 0.039706 0.037908
0 0.375368 0.332680 0.009559 0.019608
0 0.374265 0.326144 0.010294 0.027451
0 0.388971 0.305229 0.008824 0.045752
2 0.431618 0.237908 0.041176 0.033987
2 0.440441 0.225490 0.039706 0.037908
2 0.429779 0.200654 0.018382 0.030065
2 0.432721 0.185621 0.018382 0.031373
2 0.421324 0.149020 0.020588 0.028758
2 0.447059 0.148366 0.017647 0.027451
2 0.598162 0.302614 0.043382 0.048366
2 0.596324 0.267974 0.039706 0.052288
2 0.589706 0.245752 0.023529 0.036601
0 0.561029 0.269281 0.008824 0.031373
0 0.623162 0.278431 0.009559 0.031373
2 0.605882 0.204575 0.027941 0.032680
2 0.555147 0.159477 0.014706 0.023529
2 0.576471 0.142484 0.019118 0.020915
0 0.534926 0.103268 0.003676 0.013072
0 0.536397 0.083660 0.002206 0.018301
0 0.540441 0.083007 0.002941 0.016993
2 0.523897 0.083660 0.011029 0.015686
2 0.515074 0.066013 0.008088 0.014379
0 0.486029 0.089542 0.004412 0.011765
2 0.416176 0.124837 0.026471 0.027451
2 0.449265 0.122876 0.026471 0.018301
2 0.452574 0.118301 0.027206 0.024837
2 0.443382 0.112418 0.022059 0.023529
2 0.454412 0.104575 0.023529 0.020915
2 0.512132 0.057516 0.006618 0.010458
2 0.510662 0.052941 0.008088 0.011765
2 0.506985 0.050327 0.008088 0.011765
2 0.503676 0.048366 0.013235 0.013072
0 0.547426 0.075163 0.003676 0.014379