2 0.210938 0.726852 0.067708 0.101852
2 0.167708 0.687037 0.060417 0.092593
2 0.428646 0.500926 0.026042 0.046296
2 0.464062 0.449074 0.026042 0.038889
2 0.329688 0.476852 0.032292 0.050000
2 0.358854 0.425000 0.026042 0.042593
2 0.320833 0.431481 0.025000 0.051852
2 0.379688 0.380556 0.023958 0.038889
2 0.394792 0.350000 0.018750 0.033333
2 0.414062 0.302778 0.013542 0.031481
2 0.513021 0.382407 0.017708 0.031481
2 0.362500 0.323148 0.016667 0.027778
2 0.386458 0.324074 0.016667 0.025926
2 0.394271 0.305556 0.015625 0.033333
2 0.281771 0.436111 0.030208 0.053704
0 0.200000 0.600000 0.018750 0.029630
0 0.010417 0.618519 0.020833 0.055556
2 0.518750 0.412037 0.022917 0.035185
0 0.514583 0.436111 0.010417 0.024074
0 0.526563 0.436111 0.011458 0.024074
2 0.037500 0.933333 0.072917 0.129630