0 0.856771 0.960648 0.041667 0.078704
2 0.691406 0.909722 0.153646 0.180556
2 0.195573 0.699537 0.107813 0.076852
0 0.559896 0.893056 0.033333 0.154630
0 0.482552 0.856944 0.034896 0.108333
2 0.440625 0.733333 0.069792 0.105556
2 0.453125 0.574074 0.020833 0.031481
2 0.444010 0.616204 0.034896 0.052778
2 0.502083 0.616667 0.032292 0.048148
0 0.487760 0.564815 0.004687 0.031481
2 0.494531 0.552315 0.013021 0.019444
2 0.500000 0.547685 0.009375 0.017593
2 0.504167 0.538889 0.009375 0.012963
2 0.508333 0.536574 0.007292 0.012037
0 0.515104 0.533796 0.003125 0.013889
2 0.503646 0.587037 0.023958 0.025926
2 0.515365 0.556019 0.015104 0.023148
2 0.523958 0.539815 0.010417 0.016667
0 0.540625 0.533796 0.003125 0.010185
0 0.537500 0.538426 0.003125 0.010185
0 0.536198 0.545370 0.004687 0.014815
0 0.549219 0.583796 0.006771 0.025000
0 0.543229 0.652778 0.013542 0.055556
0 0.543490 0.553704 0.004687 0.022222
2 0.648698 0.781019 0.086979 0.112037
2 0.633594 0.714815 0.063021 0.075926
2 0.608073 0.677778 0.052604 0.066667
2 0.596094 0.642593 0.042188 0.051852
2 0.588542 0.619444 0.037500 0.044444
2 0.579948 0.609722 0.027604 0.039815
2 0.575000 0.599074 0.023958 0.037037
2 0.571875 0.592593 0.020833 0.037037
2 0.565365 0.584259 0.018229 0.027778
2 0.564323 0.579167 0.016146 0.032407
2 0.564323 0.570370 0.017188 0.033333
2 0.551823 0.552778 0.011979 0.014815
2 0.552604 0.547222 0.012500 0.014815
2 0.549479 0.543056 0.010417 0.012037
2 0.548438 0.538426 0.009375 0.015741
0 0.635156 0.598148 0.008854 0.040741