0 0.849632 0.892810 0.063971 0.057516
0 0.857353 0.927451 0.027941 0.035294
0 0.623529 0.099346 0.013235 0.060131
2 0.540074 0.050327 0.036029 0.064052
2 0.561397 0.155556 0.109559 0.081046
2 0.563971 0.201961 0.107353 0.077124
2 0.571324 0.260131 0.104412 0.086275
2 0.587500 0.326144 0.102941 0.105882
2 0.575000 0.468627 0.135294 0.103268
2 0.625000 0.575163 0.151471 0.117647
0 0.461765 0.934641 0.027941 0.070588
0 0.396691 0.952941 0.031618 0.075817
0 0.393015 0.981046 0.018382 0.037908
0 0.377941 0.207843 0.014706 0.070588
2 0.124632 0.230065 0.071324 0.104575
2 0.228309 0.176471 0.049265 0.091503