2 0.510294 0.669281 0.045588 0.141176
2 0.522059 0.392810 0.032353 0.095425
2 0.288971 0.416993 0.076471 0.078431
2 0.383088 0.260784 0.029412 0.074510
2 0.394853 0.322876 0.070588 0.088889
0 0.412868 0.328105 0.008088 0.054902
2 0.470221 0.237255 0.028676 0.069281
2 0.507721 0.181699 0.022794 0.052288
2 0.510294 0.071895 0.019118 0.039216
2 0.465809 0.055556 0.022794 0.053595
2 0.068015 0.482353 0.078676 0.122876
2 0.020588 0.467974 0.041176 0.107190
2 0.135662 0.856209 0.116912 0.112418
0 0.586765 0.582353 0.010294 0.061438
0 0.586765 0.403922 0.010294 0.052288
0 0.595956 0.407190 0.008088 0.045752
2 0.962500 0.324837 0.075000 0.074510
2 0.982353 0.243137 0.035294 0.054902
2 0.975000 0.182353 0.050000 0.053595
2 0.213971 0.213072 0.064706 0.052288
2 0.237868 0.174510 0.066912 0.045752
2 0.244853 0.151634 0.047059 0.041830
2 0.253676 0.130719 0.058824 0.049673
2 0.271324 0.088889 0.055882 0.047059
2 0.281250 0.049020 0.050735 0.035294
2 0.280882 0.032680 0.052941 0.036601
2 0.289338 0.016993 0.044853 0.028758
2 0.156250 0.021569 0.041912 0.043137
2 0.142279 0.486928 0.090441 0.113725
0 0.325368 0.164052 0.009559 0.027451
0 0.731985 0.137908 0.008088 0.043137
0 0.559559 0.035948 0.004412 0.030065
0 0.553309 0.036601 0.006618 0.033987
0 0.545221 0.033987 0.006618 0.036601
0 0.529044 0.109150 0.005147 0.022222