2 0.154044 0.938562 0.021324 0.073203
2 0.077574 0.866667 0.041912 0.033987
2 0.093750 0.826797 0.040441 0.032680
2 0.126471 0.798693 0.044118 0.031373
2 0.330515 0.924837 0.019853 0.071895
2 0.332721 0.698693 0.016912 0.064052
2 0.334559 0.618301 0.014706 0.047059
0 0.317647 0.661438 0.005882 0.013072
2 0.373529 0.650327 0.014706 0.066667
2 0.372426 0.566667 0.016912 0.066667
0 0.334191 0.565359 0.008088 0.011765
0 0.386765 0.818301 0.008824 0.020915
2 0.189338 0.548366 0.036029 0.027451
2 0.220956 0.452941 0.019853 0.064052
2 0.301103 0.405882 0.018382 0.061438
0 0.266544 0.436601 0.006618 0.018301
2 0.045588 0.544444 0.036765 0.032680
2 0.044118 0.456209 0.030882 0.026144
2 0.080147 0.382353 0.020588 0.066667
0 0.060294 0.403922 0.007353 0.007843
0 0.037868 0.416993 0.008088 0.007843
0 0.036029 0.410458 0.008824 0.007843
0 0.038603 0.400654 0.009559 0.009150
0 0.040809 0.391503 0.009559 0.009150
0 0.048897 0.395425 0.008088 0.009150
2 0.445956 0.909804 0.018382 0.070588
2 0.512132 0.812418 0.016912 0.071895
2 0.538235 0.794771 0.017647 0.067974
2 0.451838 0.769281 0.016912 0.066667
2 0.480882 0.731373 0.016176 0.064052
0 0.432353 0.821569 0.008824 0.014379
2 0.618750 0.662745 0.018382 0.067974
2 0.450000 0.656209 0.016176 0.067974
2 0.481618 0.568627 0.017647 0.067974
0 0.556985 0.627451 0.006618 0.015686
2 0.627206 0.490196 0.035294 0.057516
2 0.536397 0.494118 0.015441 0.060131
2 0.476838 0.420261 0.018382 0.066667
2 0.447059 0.407843 0.017647 0.073203
2 0.374265 0.407843 0.019118 0.065359
2 0.478309 0.296078 0.018382 0.069281
2 0.373162 0.271242 0.013971 0.058824
2 0.480515 0.200654 0.015441 0.061438
2 0.447426 0.151634 0.013971 0.065359
2 0.332721 0.066013 0.021324 0.061438
2 0.373162 0.035294 0.015441 0.062745
2 0.470588 0.047712 0.017647 0.064052
2 0.537868 0.044444 0.015441 0.060131
2 0.509559 0.022222 0.014706 0.044444
0 0.326471 0.190850 0.004412 0.015686
0 0.388235 0.063399 0.005882 0.016993
0 0.382353 0.060784 0.004412 0.014379
0 0.608824 0.016340 0.005882 0.030065
0 0.615074 0.032026 0.005147 0.019608
2 0.770956 0.932680 0.036029 0.030065
2 0.658456 0.870588 0.031618 0.060131
2 0.713235 0.796732 0.038235 0.032680
2 0.775368 0.809150 0.040441 0.033987
2 0.936765 0.756863 0.039706 0.031373
2 0.939338 0.716340 0.038971 0.033987
2 0.823529 0.647059 0.041176 0.031373
2 0.821324 0.606536 0.042647 0.028758
2 0.945956 0.562745 0.038971 0.030065
2 0.830147 0.533333 0.032353 0.039216
2 0.879412 0.471242 0.019118 0.066667
2 0.939338 0.487582 0.038971 0.036601
2 0.940074 0.449020 0.037500 0.032680
2 0.965441 0.135948 0.023529 0.070588
2 0.941176 0.145098 0.033824 0.062745