2 0.078646 0.605556 0.069792 0.048148
0 0.292708 0.645370 0.012500 0.042593
0 0.303125 0.534259 0.012500 0.035185
2 0.360417 0.634259 0.043750 0.101852
2 0.434375 0.669444 0.043750 0.087037
0 0.229687 0.466667 0.009375 0.022222
0 0.230208 0.458333 0.008333 0.024074
0 0.328125 0.385185 0.006250 0.022222
0 0.368750 0.380556 0.006250 0.024074
0 0.347396 0.364815 0.007292 0.018519
0 0.363542 0.337037 0.006250 0.014815
2 0.373437 0.241667 0.021875 0.016667
0 0.377083 0.318519 0.006250 0.018519
0 0.378125 0.300926 0.004167 0.016667
0 0.381771 0.270370 0.003125 0.018519
0 0.372917 0.261111 0.006250 0.014815
0 0.390625 0.269444 0.004167 0.016667
2 0.434896 0.248148 0.021875 0.018519
2 0.451042 0.437963 0.025000 0.042593
2 0.522396 0.457407 0.028125 0.044444
2 0.502083 0.377778 0.022917 0.037037
0 0.465104 0.240741 0.003125 0.011111
0 0.493229 0.259259 0.005208 0.018519
0 0.503125 0.265741 0.004167 0.012963
0 0.470313 0.275926 0.005208 0.014815
0 0.453646 0.265741 0.003125 0.012963
0 0.550000 0.700000 0.014583 0.037037
0 0.591146 0.698148 0.011458 0.044444
2 0.606771 0.238889 0.009375 0.014815
2 0.622917 0.238889 0.016667 0.018519
2 0.635417 0.237963 0.014583 0.016667
2 0.632812 0.259259 0.015625 0.018519
2 0.617188 0.226852 0.017708 0.012963
0 0.688021 0.668519 0.015625 0.040741
0 0.846354 0.805556 0.015625 0.085185
0 0.932292 0.815741 0.020833 0.072222
0 0.869792 0.806481 0.016667 0.061111