2 0.984896 0.437963 0.018750 0.027778
2 0.974219 0.427315 0.034896 0.032407
2 0.954427 0.421759 0.033854 0.030556
2 0.432552 0.612963 0.034896 0.061111
2 0.455208 0.304630 0.028125 0.018519
2 0.447917 0.376852 0.017708 0.025926
2 0.411198 0.375926 0.017188 0.024074
2 0.439063 0.430556 0.021875 0.037037
2 0.379948 0.373148 0.018229 0.027778
2 0.314583 0.367593 0.017708 0.027778
2 0.306250 0.420833 0.017708 0.039815
2 0.422656 0.304630 0.013021 0.018519
2 0.319271 0.260648 0.009375 0.013889
2 0.307031 0.251389 0.009896 0.015741
2 0.297917 0.238889 0.010417 0.014815
2 0.292448 0.227315 0.008854 0.010185
2 0.278385 0.222222 0.007812 0.011111
2 0.271615 0.211111 0.008854 0.009259
2 0.280208 0.200463 0.008333 0.008333
2 0.281250 0.210185 0.008333 0.009259
2 0.290885 0.201852 0.007812 0.007407
2 0.290885 0.210185 0.008854 0.009259
2 0.292187 0.218056 0.008333 0.010185
2 0.302865 0.210648 0.008854 0.010185
2 0.312240 0.208333 0.008854 0.009259
2 0.350521 0.238426 0.009375 0.012037
2 0.348698 0.231019 0.007812 0.010185