2 0.104412 0.333987 0.051471 0.064052
2 0.529412 0.903268 0.070588 0.177778
2 0.430147 0.792810 0.054412 0.152941
2 0.443750 0.167974 0.021324 0.037908
2 0.447426 0.133987 0.018382 0.027451
2 0.483456 0.118954 0.018382 0.028758
2 0.476471 0.148366 0.023529 0.032680
2 0.476471 0.094771 0.016176 0.024837
2 0.951471 0.206536 0.039706 0.054902
2 0.978676 0.171242 0.042647 0.041830
2 0.981985 0.262745 0.036029 0.070588
2 0.872059 0.169281 0.041176 0.040523
2 0.892647 0.162745 0.041176 0.040523
2 0.963971 0.077778 0.050000 0.043137
2 0.501471 0.356863 0.027941 0.060131
2 0.482353 0.029412 0.022059 0.058824
2 0.461397 0.052288 0.012500 0.018301
2 0.447426 0.033987 0.012500 0.015686
2 0.445588 0.008497 0.013235 0.014379