2 0.767279 0.816340 0.049265 0.040523
2 0.549632 0.575163 0.028676 0.060131
2 0.667647 0.565359 0.060294 0.045752
2 0.687132 0.250327 0.016912 0.027451
2 0.672794 0.253595 0.019118 0.026144
2 0.653676 0.251634 0.023529 0.022222
2 0.622426 0.239869 0.015441 0.027451
2 0.614706 0.267320 0.016176 0.030065
2 0.639706 0.304575 0.025000 0.028758
0 0.541176 0.316340 0.005882 0.026144
0 0.531985 0.309804 0.006618 0.013072
0 0.531985 0.301961 0.005147 0.018301
0 0.528309 0.270588 0.005147 0.013072
0 0.528309 0.259477 0.003676 0.011765
0 0.527941 0.255556 0.002941 0.016993
2 0.534926 0.126797 0.018382 0.020915
0 0.540809 0.180392 0.003676 0.015686
0 0.523897 0.150980 0.003676 0.014379
0 0.527574 0.227451 0.005147 0.013072
0 0.527941 0.223529 0.004412 0.015686
2 0.508088 0.284314 0.016176 0.027451
2 0.505515 0.224837 0.011029 0.020915
0 0.519853 0.191503 0.004412 0.011765
0 0.521691 0.178431 0.003676 0.011765
0 0.508088 0.151634 0.004412 0.010458
2 0.473529 0.149673 0.011765 0.019608
0 0.465074 0.137255 0.003676 0.010458
2 0.504412 0.111111 0.010294 0.013072
0 0.498897 0.115033 0.003676 0.015686
0 0.490074 0.103922 0.003676 0.009150
2 0.492647 0.100654 0.010294 0.013072
2 0.491544 0.079085 0.016912 0.014379
2 0.482721 0.069935 0.013971 0.011765
0 0.483088 0.093464 0.002941 0.009150
0 0.466176 0.075817 0.002941 0.007843
2 0.469485 0.058170 0.015441 0.011765
2 0.455515 0.056209 0.008088 0.010458
2 0.450000 0.051634 0.005882 0.009150
2 0.446324 0.046405 0.007353 0.011765
2 0.428676 0.030065 0.005882 0.010458
2 0.423162 0.023529 0.005147 0.007843
2 0.416176 0.035294 0.005882 0.010458
2 0.428309 0.056209 0.008088 0.010458
2 0.444853 0.064706 0.007353 0.014379
2 0.447794 0.080392 0.008824 0.014379
0 0.426471 0.058824 0.002941 0.007843
2 0.418015 0.062745 0.008088 0.013072
2 0.451103 0.143791 0.011029 0.018301
2 0.454044 0.179085 0.012500 0.023529
0 0.467279 0.235294 0.005147 0.020915
2 0.453309 0.256863 0.013971 0.027451
2 0.440809 0.273856 0.013971 0.030065
2 0.451103 0.303922 0.018382 0.035294
0 0.396691 0.975817 0.016912 0.048366
2 0.208824 0.842484 0.048529 0.111111
2 0.273529 0.590196 0.054412 0.069281
0 0.362500 0.335948 0.005882 0.023529
0 0.355515 0.332680 0.005147 0.022222
2 0.372426 0.306536 0.037500 0.024837
2 0.396691 0.162745 0.027206 0.019608
0 0.378676 0.151634 0.004412 0.018301