2 0.651302 0.894444 0.060937 0.144444
0 0.580729 0.687037 0.012500 0.037037
2 0.516667 0.489352 0.025000 0.049074
2 0.553906 0.392130 0.018229 0.032407
2 0.544792 0.293981 0.012500 0.019444
2 0.545833 0.273611 0.011458 0.015741
2 0.543490 0.242130 0.008854 0.015741
2 0.553125 0.225926 0.009375 0.012963
0 0.802083 0.490278 0.011458 0.021296
0 0.837500 0.510648 0.012500 0.039815
0 0.815885 0.476389 0.009896 0.037963
2 0.756771 0.530556 0.048958 0.035185
2 0.763802 0.546759 0.042188 0.032407
2 0.714844 0.418519 0.029687 0.025926
2 0.722656 0.294907 0.025521 0.021296
2 0.745052 0.291667 0.027604 0.014815
2 0.741406 0.288426 0.027604 0.017593