0 0.143382 0.622222 0.016176 0.049673
0 0.337132 0.742484 0.015441 0.073203
2 0.581618 0.807843 0.054412 0.128105
2 0.345956 0.856209 0.091912 0.162092
2 0.436029 0.562092 0.042647 0.078431
2 0.518750 0.523529 0.031618 0.050980
2 0.531985 0.434641 0.024265 0.043137
2 0.434559 0.436601 0.026471 0.044444
2 0.544118 0.311111 0.017647 0.023529
2 0.543015 0.283660 0.015441 0.020915
2 0.550735 0.252941 0.013235 0.022222
2 0.500368 0.268627 0.012500 0.022222
2 0.526838 0.249020 0.011029 0.022222
2 0.556618 0.232026 0.008824 0.016993
0 0.309559 0.465359 0.011765 0.033987
0 0.394485 0.443791 0.006618 0.027451
0 0.258088 0.346405 0.008824 0.031373
2 0.300368 0.341176 0.033088 0.026144
0 0.315074 0.401961 0.013971 0.037908
0 0.584559 0.410458 0.008824 0.026144
0 0.569853 0.343137 0.007353 0.019608
0 0.580147 0.296078 0.007353 0.016993
0 0.569853 0.276471 0.004412 0.014379
2 0.786397 0.610458 0.043382 0.062745
2 0.958456 0.798693 0.083088 0.112418
0 0.669853 0.367974 0.007353 0.030065
2 0.712132 0.348366 0.041912 0.032680
0 0.775368 0.366667 0.006618 0.030065
0 0.711765 0.313725 0.005882 0.026144
0 0.581985 0.258170 0.003676 0.014379
2 0.580515 0.252288 0.016912 0.020915
2 0.583088 0.232026 0.011765 0.019608
2 0.577206 0.213725 0.008824 0.016993
2 0.556618 0.207843 0.007353 0.013072
2 0.545221 0.194118 0.006618 0.011765
2 0.544485 0.180392 0.006618 0.007843
2 0.561029 0.183007 0.007353 0.010458
2 0.394853 0.274510 0.033824 0.028758
2 0.487132 0.199346 0.030147 0.019608