0 0.094792 0.369444 0.006250 0.027778
0 0.111979 0.367593 0.005208 0.027778
0 0.120313 0.362963 0.007292 0.025926
0 0.194271 0.330556 0.009375 0.031481
2 0.120313 0.518519 0.063542 0.048148
0 0.348958 0.418519 0.010417 0.029630
0 0.389583 0.410185 0.010417 0.031481
0 0.422917 0.378704 0.008333 0.024074
2 0.646354 0.291667 0.030208 0.031481
2 0.800000 0.196296 0.022917 0.022222
2 0.817187 0.189815 0.015625 0.016667
2 0.840104 0.177778 0.017708 0.018519
2 0.883333 0.208333 0.020833 0.016667
2 0.866146 0.163889 0.017708 0.016667
2 0.881250 0.158333 0.014583 0.016667
2 0.901563 0.147222 0.015625 0.020370
2 0.915625 0.142593 0.014583 0.014815
2 0.926042 0.137037 0.010417 0.014815
2 0.954688 0.126852 0.013542 0.012963
2 0.964583 0.121296 0.010417 0.012963
2 0.971875 0.116667 0.010417 0.014815
2 0.983333 0.113889 0.012500 0.012963
2 0.994792 0.107407 0.008333 0.014815
2 0.941667 0.190741 0.020833 0.018519