2 0.679779 0.761438 0.086029 0.079739
2 0.644485 0.937255 0.063971 0.125490
2 0.413603 0.935948 0.053676 0.128105
2 0.415074 0.703268 0.046324 0.112418
2 0.486765 0.443137 0.025000 0.054902
2 0.299265 0.330065 0.055882 0.040523
2 0.249632 0.696078 0.097794 0.069281
2 0.252941 0.766013 0.092647 0.075817
2 0.200368 0.830065 0.108088 0.094118
2 0.259559 0.914379 0.111765 0.095425
2 0.618382 0.279739 0.023529 0.033987
2 0.477941 0.156863 0.013235 0.026144
2 0.517647 0.098693 0.010294 0.022222
2 0.309926 0.381046 0.063971 0.045752
2 0.337132 0.239869 0.047794 0.035294
2 0.408456 0.113072 0.016912 0.027451
2 0.475000 0.063399 0.011765 0.019608
2 0.497059 0.052288 0.010294 0.015686
2 0.454412 0.041830 0.010294 0.018301
2 0.451838 0.026144 0.009559 0.018301
0 0.589338 0.657516 0.011029 0.052288
0 0.548897 0.487582 0.011029 0.041830
2 0.339338 0.222222 0.041912 0.031373
2 0.353309 0.192810 0.036029 0.027451
2 0.354779 0.171895 0.038971 0.024837
2 0.359191 0.162092 0.037500 0.026144
2 0.363235 0.145752 0.036765 0.027451
2 0.364338 0.137255 0.031618 0.023529
2 0.366176 0.128758 0.032353 0.022222
2 0.368750 0.120261 0.031618 0.020915
2 0.373162 0.113725 0.031618 0.018301
2 0.372794 0.106536 0.030882 0.022222
2 0.380882 0.094771 0.029412 0.019608
2 0.353676 0.009150 0.008824 0.013072
2 0.340809 0.049673 0.015441 0.015686
2 0.336765 0.076471 0.032353 0.019608
0 0.345588 0.081046 0.007353 0.018301
2 0.314338 0.090850 0.033088 0.016993
2 0.312868 0.084314 0.030147 0.016993
2 0.288971 0.135948 0.019118 0.036601
0 0.408824 0.075163 0.004412 0.019608
0 0.394485 0.074510 0.003676 0.018301
0 0.438971 0.092157 0.004412 0.022222
0 0.433824 0.092810 0.004412 0.015686
0 0.432353 0.073856 0.002941 0.019608
2 0.435294 0.055556 0.010294 0.019608
2 0.386397 0.056209 0.025735 0.018301
2 0.434191 0.013072 0.008088 0.015686
2 0.392279 0.033987 0.021324 0.015686
2 0.398897 0.014379 0.021324 0.015686
2 0.395588 0.020915 0.022059 0.010458
0 0.401471 0.362745 0.008824 0.035294
0 0.309926 0.433333 0.006618 0.035294
0 0.304779 0.432026 0.006618 0.037908
0 0.277941 0.445752 0.007353 0.039216
0 0.298897 0.276471 0.006618 0.022222
0 0.336765 0.515033 0.008824 0.052288
2 0.725000 0.886275 0.111765 0.096732
2 0.735662 0.067974 0.025735 0.018301
2 0.986765 0.307843 0.026471 0.043137
2 0.961029 0.305882 0.033824 0.044444