0 0.540625 0.915741 0.029167 0.083333
0 0.538021 0.948148 0.034375 0.062963
0 0.070833 0.943519 0.056250 0.083333
0 0.221875 0.685185 0.033333 0.122222
0 0.452083 0.605556 0.027083 0.066667
0 0.425000 0.474074 0.018750 0.033333
0 0.391667 0.500000 0.016667 0.029630
0 0.390104 0.500000 0.028125 0.062963
0 0.296875 0.421296 0.014583 0.061111
0 0.694271 0.687037 0.028125 0.092593
0 0.514583 0.407407 0.014583 0.022222
0 0.515104 0.400000 0.015625 0.022222
0 0.538542 0.402778 0.014583 0.053704
2 0.600000 0.266667 0.037500 0.029630