2 0.238542 0.829630 0.059375 0.111111
2 0.307292 0.592593 0.032292 0.055556
2 0.396875 0.346759 0.013542 0.023148
2 0.467969 0.362963 0.013021 0.020370
2 0.450260 0.313889 0.010937 0.018519
2 0.468229 0.323611 0.010417 0.015741
2 0.429688 0.296296 0.009375 0.014815
2 0.405990 0.302315 0.021354 0.013889
0 0.382812 0.301852 0.003125 0.011111
0 0.388021 0.301852 0.003125 0.012963
2 0.577083 0.346759 0.023958 0.017593
2 0.878385 0.335185 0.023438 0.016667
2 0.892188 0.340741 0.021875 0.016667
2 0.898958 0.345370 0.022917 0.016667
2 0.936198 0.359722 0.021354 0.019444
2 0.840885 0.318981 0.026562 0.015741
2 0.830208 0.315278 0.020833 0.013889
2 0.785937 0.318056 0.012500 0.015741
2 0.814323 0.307870 0.018229 0.013889
2 0.802865 0.301852 0.016146 0.014815
2 0.796615 0.300463 0.011979 0.012037
2 0.791406 0.298148 0.014063 0.012963
2 0.785417 0.295370 0.016667 0.011111
2 0.777083 0.291204 0.017708 0.013889
2 0.770573 0.287500 0.017188 0.012037
2 0.758333 0.281944 0.014583 0.013889
2 0.754687 0.281481 0.012500 0.011111
0 0.831250 0.367593 0.006250 0.016667
2 0.760677 0.315278 0.021354 0.013889
2 0.626042 0.253241 0.010417 0.006481
2 0.638802 0.259259 0.014063 0.011111
2 0.635938 0.255093 0.013542 0.010185
2 0.633333 0.255556 0.011458 0.009259
2 0.738021 0.275000 0.014583 0.011111
2 0.731771 0.271296 0.010417 0.011111
2 0.726562 0.270370 0.014583 0.011111
2 0.721875 0.267130 0.013542 0.010185
2 0.717969 0.265278 0.013021 0.008333
2 0.708854 0.261111 0.012500 0.011111
2 0.691146 0.255093 0.011458 0.010185
2 0.684375 0.251389 0.011458 0.008333
0 0.284896 0.307870 0.004167 0.015741
2 0.359896 0.301852 0.017708 0.012963
0 0.484115 0.296759 0.002604 0.010185
2 0.403125 0.285648 0.013542 0.013889
2 0.423438 0.280556 0.008333 0.012963
2 0.436198 0.270370 0.007812 0.012963
2 0.463021 0.263426 0.006250 0.010185
0 0.491667 0.269444 0.002083 0.012963
0 0.474219 0.256944 0.001563 0.006481
2 0.466406 0.246296 0.005729 0.009259
2 0.419792 0.248148 0.007292 0.009259
2 0.432552 0.234259 0.003646 0.007407
2 0.427344 0.225000 0.004687 0.007407
2 0.465625 0.237037 0.005208 0.007407
2 0.453385 0.223148 0.003646 0.005556
2 0.463542 0.225463 0.004167 0.006481
2 0.461719 0.222685 0.003646 0.004630
2 0.462240 0.231019 0.004687 0.006481
2 0.476042 0.222685 0.004167 0.004630
2 0.117188 0.290741 0.016667 0.012963