2 0.288235 0.519608 0.070588 0.050980
2 0.624265 0.674510 0.064706 0.109804
2 0.661397 0.493464 0.037500 0.050980
2 0.528309 0.393464 0.025735 0.052288
2 0.616544 0.351634 0.028676 0.039216
2 0.604044 0.279085 0.022794 0.035294
2 0.562868 0.259477 0.022794 0.035294
2 0.477941 0.200000 0.016176 0.028758
2 0.493382 0.176471 0.016176 0.028758
2 0.463235 0.145098 0.014706 0.028758
2 0.533456 0.141176 0.015441 0.023529
2 0.531618 0.119608 0.013235 0.019608
2 0.519118 0.103922 0.011765 0.019608
2 0.508824 0.083660 0.011765 0.015686
2 0.500000 0.100654 0.010294 0.018301
2 0.451838 0.051634 0.008088 0.016993
2 0.446691 0.028758 0.008088 0.013072
2 0.465809 0.010458 0.008088 0.015686
2 0.554779 0.107843 0.019853 0.022222
2 0.823897 0.732680 0.065441 0.098039
0 0.218382 0.641830 0.013235 0.049673
0 0.254779 0.658170 0.012500 0.045752
0 0.268382 0.640523 0.013235 0.049673
0 0.278309 0.633333 0.011029 0.053595
0 0.290809 0.647059 0.012500 0.047059
0 0.299265 0.603922 0.011765 0.039216
0 0.484926 0.473856 0.011029 0.032680
0 0.736397 0.426797 0.006618 0.027451
0 0.756250 0.435294 0.006618 0.028758
2 0.853309 0.144444 0.024265 0.016993
2 0.847794 0.135948 0.025000 0.018301
2 0.856618 0.129412 0.025000 0.018301
2 0.892279 0.134641 0.025735 0.015686
2 0.893015 0.146405 0.025735 0.015686
2 0.912868 0.155556 0.025735 0.015686
2 0.922426 0.162092 0.025735 0.015686
2 0.851103 0.124183 0.025735 0.015686
2 0.837132 0.115033 0.025735 0.015686
2 0.809191 0.116340 0.025735 0.015686
2 0.814338 0.071242 0.021324 0.016993
2 0.828676 0.074510 0.020588 0.013072
2 0.836029 0.078431 0.020588 0.013072
2 0.841176 0.082353 0.020588 0.013072
2 0.848529 0.085621 0.017647 0.011765
2 0.854044 0.088235 0.016912 0.011765
2 0.972426 0.216993 0.030147 0.020915
2 0.987132 0.227451 0.024265 0.023529
2 0.979044 0.146405 0.025735 0.015686
2 0.933456 0.128105 0.025735 0.015686
2 0.918015 0.116340 0.025735 0.015686