0 0.626042 0.644444 0.008333 0.025926
2 0.568229 0.413889 0.017708 0.027778
2 0.601562 0.276852 0.011458 0.016667
2 0.621354 0.276852 0.013542 0.016667
2 0.584896 0.267593 0.011458 0.016667
2 0.607812 0.262963 0.011458 0.014815
0 0.513021 0.300000 0.003125 0.018519
0 0.517708 0.300000 0.004167 0.014815
2 0.456771 0.363889 0.017708 0.024074
2 0.477604 0.259259 0.015625 0.014815
0 0.399479 0.477778 0.007292 0.025926
0 0.047917 0.383333 0.004167 0.018519
0 0.019271 0.323148 0.005208 0.020370
0 0.202604 0.261111 0.003125 0.014815
0 0.544792 0.267593 0.004167 0.016667
0 0.526042 0.224074 0.002083 0.014815
0 0.545312 0.231481 0.003125 0.014815
0 0.568229 0.224074 0.003125 0.011111
2 0.608333 0.185185 0.008333 0.011111
2 0.627083 0.176852 0.008333 0.009259
2 0.683854 0.131481 0.007292 0.007407
0 0.654687 0.239815 0.003125 0.012963
2 0.705208 0.186111 0.008333 0.009259
2 0.707812 0.111111 0.005208 0.007407
0 0.986979 0.239815 0.003125 0.012963
0 0.995313 0.240741 0.003125 0.014815
0 0.947396 0.240741 0.003125 0.014815
0 0.948438 0.241667 0.003125 0.012963