0 0.880147 0.908497 0.017647 0.057516
0 0.847059 0.837908 0.016176 0.052288
2 0.579779 0.833333 0.043382 0.152941
2 0.438235 0.813072 0.044118 0.146405
0 0.350000 0.513725 0.011765 0.026144
0 0.959559 0.591503 0.017647 0.050980
0 0.976471 0.602614 0.017647 0.039216
0 0.479044 0.662092 0.008088 0.045752
0 0.498529 0.645752 0.013235 0.041830
0 0.510294 0.649673 0.007353 0.047059
2 0.500735 0.722222 0.045588 0.129412
2 0.496324 0.520915 0.033824 0.100654
2 0.454779 0.522222 0.033088 0.095425
2 0.465441 0.436601 0.035294 0.091503
2 0.459559 0.359477 0.050000 0.081046
0 0.418382 0.098693 0.007353 0.022222
2 0.429779 0.018954 0.040441 0.030065
2 0.437868 0.011111 0.033088 0.022222
2 0.469485 0.280392 0.024265 0.066667
2 0.474265 0.166667 0.023529 0.056209
2 0.476471 0.120261 0.020588 0.047059
2 0.481618 0.086275 0.017647 0.044444
2 0.480515 0.044444 0.019853 0.044444
0 0.530515 0.034641 0.005147 0.019608
2 0.727574 0.445098 0.041912 0.077124
2 0.691544 0.296732 0.028676 0.054902
2 0.706250 0.357516 0.033088 0.061438
2 0.634926 0.136601 0.019853 0.040523
2 0.680515 0.239216 0.025735 0.047059
2 0.666912 0.179739 0.023529 0.040523
0 0.610294 0.009150 0.007353 0.018301
2 0.633088 0.037908 0.020588 0.031373
2 0.640809 0.063399 0.016912 0.030065
2 0.648162 0.098693 0.016912 0.032680
2 0.943382 0.424837 0.050000 0.036601
2 0.924632 0.391503 0.055147 0.045752
2 0.907721 0.356863 0.053676 0.052288
2 0.880515 0.300654 0.053676 0.047059
2 0.857721 0.246405 0.059559 0.048366
2 0.833088 0.192157 0.051471 0.039216
2 0.825735 0.166667 0.050000 0.037908
2 0.810662 0.147059 0.043382 0.037908
2 0.977206 0.185621 0.036765 0.057516
2 0.976471 0.071895 0.032353 0.041830
2 0.887500 0.073856 0.026471 0.040523
2 0.915809 0.068627 0.030147 0.040523
2 0.867279 0.073203 0.028676 0.036601