2 0.376838 0.536601 0.068382 0.121569
2 0.577206 0.325490 0.035294 0.067974
2 0.488235 0.279085 0.035294 0.064052
2 0.418750 0.227451 0.030147 0.073203
2 0.402941 0.343137 0.039706 0.090196
2 0.517279 0.198039 0.025735 0.048366
2 0.509191 0.133987 0.022794 0.040523
2 0.458456 0.108497 0.025735 0.044444
2 0.406618 0.137908 0.025000 0.050980
2 0.368382 0.062092 0.023529 0.050980
2 0.364338 0.026797 0.019853 0.037908
2 0.121691 0.026797 0.037500 0.040523
2 0.094853 0.086928 0.054412 0.043137
2 0.078309 0.125490 0.061029 0.044444
0 0.115809 0.566013 0.018382 0.073203
0 0.239338 0.315686 0.013971 0.053595
0 0.228309 0.324837 0.013971 0.053595
0 0.265441 0.159477 0.007353 0.039216
0 0.259191 0.160784 0.008088 0.036601
0 0.250000 0.184314 0.008824 0.039216
0 0.075000 0.232026 0.011765 0.040523
0 0.066544 0.230719 0.009559 0.040523
0 0.053309 0.230719 0.012500 0.040523
0 0.041544 0.230719 0.011029 0.040523
0 0.311397 0.232680 0.009559 0.044444
0 0.300368 0.336601 0.011029 0.048366
0 0.308088 0.403268 0.014706 0.045752
0 0.250000 0.386275 0.008824 0.053595
0 0.272059 0.389542 0.010294 0.054902
0 0.276838 0.381699 0.008088 0.052288
0 0.052206 0.456863 0.022059 0.056209
0 0.089338 0.583007 0.013971 0.062745
0 0.185294 0.366013 0.008824 0.047059
0 0.177206 0.342484 0.011765 0.060131
0 0.330147 0.220261 0.007353 0.043137
2 0.359559 0.217647 0.017647 0.045752
0 0.361029 0.171242 0.008824 0.047059
0 0.375000 0.100654 0.005882 0.031373
0 0.386029 0.109150 0.007353 0.024837
2 0.433456 0.167320 0.022794 0.052288
0 0.348162 0.311111 0.012500 0.031373
0 0.308456 0.316993 0.011029 0.024837
2 0.041176 0.142484 0.025000 0.028758
0 0.026471 0.149673 0.010294 0.035294
0 0.070221 0.069281 0.008088 0.026144
0 0.604779 0.052288 0.006618 0.033987
0 0.615074 0.068627 0.003676 0.027451
0 0.620588 0.069281 0.005882 0.028758
0 0.775000 0.049673 0.005882 0.036601
0 0.759191 0.058824 0.006618 0.033987
0 0.753676 0.060784 0.005882 0.024837
0 0.801838 0.074510 0.008088 0.031373
0 0.788971 0.426144 0.011765 0.052288
0 0.816176 0.515686 0.019118 0.061438
0 0.889338 0.345098 0.011029 0.054902
0 0.936029 0.735294 0.017647 0.069281
0 0.919118 0.726797 0.016176 0.067974