0 0.161458 0.944444 0.039583 0.111111
0 0.144792 0.868519 0.022917 0.118519
0 0.156250 0.833333 0.035417 0.129630
0 0.355729 0.853704 0.023958 0.133333
0 0.336458 0.800000 0.022917 0.118519
0 0.340104 0.748148 0.017708 0.111111
0 0.330729 0.697222 0.017708 0.090741
0 0.338542 0.627778 0.020833 0.085185
0 0.363542 0.620370 0.029167 0.103704
0 0.412500 0.541667 0.020833 0.083333
0 0.393750 0.542593 0.018750 0.066667
0 0.755208 0.769444 0.018750 0.109259
0 0.722917 0.757407 0.022917 0.096296
0 0.666146 0.779630 0.019792 0.111111
0 0.577604 0.773148 0.021875 0.120370
0 0.643750 0.654630 0.020833 0.068519
0 0.713021 0.456481 0.009375 0.042593
0 0.705208 0.443519 0.008333 0.020370
0 0.707292 0.417593 0.012500 0.061111
0 0.783333 0.437963 0.012500 0.042593
0 0.818750 0.438889 0.012500 0.040741
0 0.797917 0.427778 0.018750 0.044444
2 0.883333 0.370370 0.033333 0.040741
2 0.921875 0.364815 0.010417 0.062963
0 0.638542 0.481481 0.016667 0.048148
0 0.616667 0.437963 0.014583 0.050000
0 0.626563 0.365741 0.015625 0.057407
0 0.492708 0.071296 0.004167 0.012963
0 0.495312 0.088889 0.005208 0.018519
0 0.514062 0.363889 0.013542 0.046296
0 0.477604 0.410185 0.013542 0.050000
0 0.446875 0.426852 0.010417 0.046296
0 0.429167 0.380556 0.012500 0.046296
0 0.252604 0.645370 0.017708 0.090741
0 0.239583 0.631481 0.016667 0.096296
0 0.345833 0.537037 0.018750 0.081481
0 0.368750 0.489815 0.016667 0.057407
0 0.367708 0.492593 0.012500 0.029630
0 0.275521 0.538889 0.015625 0.062963
0 0.559896 0.312037 0.009375 0.053704
0 0.539062 0.304630 0.009375 0.046296
0 0.532292 0.290741 0.012500 0.040741
0 0.447917 0.260185 0.008333 0.042593
0 0.428646 0.265741 0.009375 0.042593
0 0.553125 0.148148 0.008333 0.025926
0 0.510938 0.113889 0.005208 0.020370
0 0.502604 0.103704 0.007292 0.014815
0 0.466667 0.123148 0.006250 0.024074
0 0.500000 0.159259 0.006250 0.022222
0 0.513021 0.152778 0.005208 0.020370
0 0.446354 0.150000 0.005208 0.029630
0 0.467187 0.202778 0.011458 0.035185
0 0.451562 0.201852 0.007292 0.025926
2 0.368750 0.133333 0.039583 0.033333
2 0.415104 0.146296 0.044792 0.033333
0 0.350521 0.412963 0.013542 0.044444