2 0.526103 0.724183 0.063971 0.159477
2 0.331618 0.525490 0.051471 0.096732
2 0.398529 0.460784 0.035294 0.079739
2 0.441544 0.335294 0.033088 0.064052
2 0.475735 0.211765 0.032353 0.036601
2 0.404044 0.296732 0.028676 0.052288
2 0.511029 0.084314 0.014706 0.024837
2 0.505147 0.043137 0.013235 0.015686
0 0.268015 0.601307 0.015441 0.062745
0 0.230882 0.865359 0.023529 0.070588
0 0.227574 0.874510 0.019853 0.067974
2 0.085294 0.660784 0.076471 0.134641
0 0.062132 0.469935 0.009559 0.037908
0 0.044853 0.439869 0.011765 0.048366
0 0.006618 0.439216 0.013235 0.057516
0 0.026103 0.439216 0.021324 0.041830
2 0.203676 0.418954 0.050000 0.061438
2 0.211765 0.338562 0.064706 0.062745
0 0.552941 0.243791 0.008824 0.030065
0 0.526103 0.228758 0.006618 0.023529
0 0.551471 0.182353 0.005882 0.022222
0 0.426103 0.099346 0.006618 0.018301
0 0.423162 0.073203 0.003676 0.013072
0 0.594118 0.139869 0.004412 0.018301
2 0.684926 0.091503 0.021324 0.023529
0 0.682721 0.384314 0.011029 0.036601
2 0.675000 0.071895 0.016176 0.020915
2 0.654044 0.050327 0.015441 0.016993
2 0.689706 0.050327 0.017647 0.016993
2 0.691912 0.071242 0.016176 0.019608
2 0.637132 0.047059 0.013971 0.020915
2 0.565809 0.073203 0.013971 0.023529
2 0.485294 0.039216 0.010294 0.015686
2 0.459926 0.014379 0.011029 0.015686
2 0.495588 0.019608 0.010294 0.013072
0 0.442279 0.003268 0.003676 0.006536
2 0.536029 0.006536 0.008824 0.013072
2 0.016176 0.866667 0.030882 0.122876