2 0.467647 0.718954 0.051471 0.122876
2 0.502941 0.961438 0.070588 0.077124
2 0.640441 0.922876 0.097059 0.154248
2 0.537132 0.589542 0.040441 0.081046
0 0.265809 0.695425 0.013971 0.065359
0 0.153676 0.613725 0.011765 0.058824
0 0.097426 0.831373 0.021324 0.075817
0 0.239338 0.544444 0.012500 0.045752
0 0.080147 0.456863 0.011765 0.037908
0 0.080882 0.439216 0.011765 0.033987
0 0.068015 0.433987 0.012500 0.036601
0 0.098897 0.450327 0.009559 0.040523
0 0.100735 0.443137 0.008824 0.036601
0 0.105882 0.432680 0.011765 0.033987
2 0.107353 0.391503 0.051471 0.040523
0 0.269853 0.489542 0.011765 0.043137
0 0.290074 0.475817 0.009559 0.039216
0 0.298897 0.454248 0.006618 0.032680
0 0.299632 0.431373 0.008088 0.033987
0 0.274265 0.411765 0.007353 0.033987
0 0.288235 0.407843 0.007353 0.028758
0 0.281985 0.393464 0.008088 0.023529
0 0.299265 0.393464 0.007353 0.031373
0 0.283824 0.346405 0.007353 0.028758
0 0.331618 0.352941 0.007353 0.020915
0 0.338603 0.337908 0.006618 0.022222
0 0.353676 0.303268 0.004412 0.013072
0 0.348529 0.296732 0.004412 0.013072
0 0.342647 0.299346 0.004412 0.010458
0 0.336029 0.298693 0.004412 0.016993
0 0.338971 0.311111 0.004412 0.023529
0 0.319118 0.332026 0.005882 0.026144
0 0.322794 0.327451 0.005882 0.027451
0 0.911397 0.541176 0.011029 0.036601
0 0.917279 0.537255 0.012500 0.033987
0 0.901838 0.551634 0.012500 0.052288
0 0.842279 0.581046 0.013971 0.050980
0 0.844485 0.567974 0.015441 0.048366
0 0.837868 0.516993 0.016912 0.045752
0 0.833088 0.505882 0.008824 0.036601
0 0.873529 0.527451 0.013235 0.040523
0 0.793382 0.448366 0.007353 0.031373
0 0.800000 0.447712 0.008824 0.040523
0 0.898529 0.484314 0.010294 0.045752
2 0.673529 0.568627 0.051471 0.060131
2 0.599265 0.452288 0.035294 0.047059
2 0.470221 0.504575 0.031618 0.057516
2 0.457721 0.409150 0.022794 0.039216
2 0.446691 0.371242 0.021324 0.031373
2 0.470588 0.373856 0.020588 0.033987
2 0.530882 0.288235 0.026471 0.019608
2 0.412132 0.313072 0.015441 0.024837
2 0.445221 0.300654 0.013971 0.018301
2 0.475000 0.298693 0.014706 0.022222
2 0.483824 0.288889 0.014706 0.020915
2 0.475735 0.277124 0.011765 0.015686
2 0.483088 0.269935 0.010294 0.014379
2 0.460662 0.279739 0.011029 0.015686
2 0.454044 0.264052 0.011029 0.015686
2 0.461765 0.256209 0.010294 0.013072
2 0.437132 0.276471 0.013971 0.019608
2 0.422426 0.281699 0.012500 0.019608
2 0.404412 0.292157 0.013235 0.022222
2 0.423897 0.258170 0.011029 0.016993
2 0.410662 0.256209 0.011029 0.015686
2 0.411765 0.249020 0.010294 0.014379
2 0.459191 0.239869 0.008088 0.011765
2 0.449265 0.239869 0.007353 0.011765
2 0.443750 0.232680 0.006618 0.013072
2 0.452941 0.231373 0.007353 0.010458
2 0.433824 0.232680 0.008824 0.013072
2 0.447426 0.222876 0.008088 0.011765
2 0.440074 0.228105 0.006618 0.009150
2 0.436765 0.220915 0.007353 0.010458