0 0.698897 0.541830 0.009559 0.048366
0 0.559191 0.365359 0.005147 0.030065
0 0.549632 0.371242 0.005147 0.033987
0 0.422794 0.258824 0.004412 0.028758
0 0.320588 0.512418 0.008824 0.049673
2 0.861765 0.571895 0.082353 0.058824
2 0.828676 0.498039 0.070588 0.060131
2 0.490809 0.560784 0.031618 0.067974
2 0.433824 0.482353 0.030882 0.065359
2 0.450735 0.304575 0.020588 0.039216
2 0.403676 0.282353 0.020588 0.041830
2 0.487868 0.209150 0.015441 0.023529
2 0.485662 0.130065 0.011029 0.019608
2 0.527574 0.194118 0.024265 0.024837
2 0.511397 0.137255 0.012500 0.020915
2 0.466176 0.113072 0.011765 0.019608
2 0.472059 0.050980 0.007353 0.010458
2 0.486029 0.052941 0.005882 0.011765
2 0.504044 0.041830 0.006618 0.010458
2 0.485662 0.035294 0.006618 0.007843
2 0.502941 0.067320 0.008824 0.011765
2 0.782353 0.949673 0.132353 0.098039
2 0.763971 0.864706 0.105882 0.082353
2 0.743382 0.737908 0.102941 0.077124
2 0.716176 0.639216 0.082353 0.065359
2 0.695221 0.377778 0.055147 0.044444
2 0.561397 0.353595 0.024265 0.037908
2 0.558456 0.392157 0.024265 0.044444
2 0.419118 0.251634 0.019118 0.035294
2 0.396691 0.123529 0.022794 0.016993
2 0.443382 0.095425 0.010294 0.018301
2 0.451103 0.084967 0.009559 0.013072
2 0.470956 0.065359 0.006618 0.010458
2 0.492647 0.083660 0.007353 0.013072
2 0.557353 0.149020 0.026471 0.015686
2 0.557353 0.155556 0.026471 0.018301
2 0.594485 0.103922 0.022794 0.016993
2 0.583824 0.079739 0.019118 0.013072
2 0.573529 0.072549 0.019118 0.014379
2 0.543750 0.071242 0.008088 0.014379
2 0.557721 0.046405 0.015441 0.009150
2 0.561029 0.137255 0.026471 0.015686
2 0.553676 0.145752 0.025000 0.016993
2 0.555882 0.130719 0.026471 0.013072
2 0.555882 0.127451 0.025000 0.014379
2 0.554779 0.122222 0.022794 0.019608
2 0.571691 0.103268 0.012500 0.018301
0 0.600368 0.149020 0.003676 0.015686
0 0.577206 0.081046 0.004412 0.015686
0 0.562868 0.050980 0.002206 0.010458
0 0.518382 0.220915 0.005882 0.018301
0 0.452206 0.149020 0.004412 0.018301
2 0.474265 0.041176 0.005882 0.011765
2 0.457353 0.034641 0.005882 0.009150