2 0.555469 0.121296 0.004687 0.009259
2 0.537240 0.123611 0.006771 0.008333
2 0.548177 0.126389 0.005729 0.010185
2 0.561458 0.127315 0.006250 0.010185
2 0.523958 0.138889 0.006250 0.011111
2 0.535937 0.137037 0.006250 0.009259
2 0.519792 0.158333 0.008333 0.012963
2 0.547135 0.170833 0.006771 0.013889
2 0.548698 0.187963 0.009896 0.016667
2 0.579688 0.184259 0.009375 0.014815
2 0.563542 0.210185 0.011458 0.018519
2 0.544531 0.207870 0.010937 0.021296
2 0.561458 0.234259 0.013542 0.024074
2 0.587500 0.236574 0.012500 0.019444
2 0.491146 0.300000 0.017708 0.029630
2 0.595313 0.332870 0.018750 0.032407
2 0.565885 0.338426 0.018229 0.034259
2 0.516406 0.359259 0.019271 0.035185
2 0.483333 0.397222 0.021875 0.048148
2 0.628385 0.489352 0.026562 0.052778
2 0.463281 0.560185 0.033854 0.074074
2 0.516406 0.556019 0.029687 0.065741
2 0.578125 0.547685 0.031250 0.067593
2 0.509635 0.764352 0.041146 0.112037
2 0.670573 0.783333 0.049479 0.116667
2 0.786719 0.326389 0.023438 0.026852
2 0.734115 0.303704 0.018229 0.024074
2 0.701562 0.243981 0.014583 0.019444
2 0.696094 0.180093 0.010937 0.015741
2 0.655990 0.204630 0.010937 0.014815
2 0.532552 0.166204 0.007812 0.013889
2 0.639062 0.561574 0.034375 0.067593
2 0.359635 0.952315 0.067187 0.095370
2 0.706771 0.956481 0.063542 0.087037