2 0.822059 0.577778 0.051471 0.060131
0 0.730147 0.588889 0.011765 0.053595
0 0.660294 0.806536 0.016176 0.047059
2 0.513603 0.421569 0.025735 0.045752
2 0.406618 0.356863 0.023529 0.047059
2 0.242647 0.522876 0.047059 0.062745
2 0.268015 0.471895 0.038971 0.057516
0 0.379412 0.467974 0.008824 0.039216
2 0.350368 0.290850 0.022794 0.035294
2 0.367279 0.255556 0.019853 0.030065
2 0.381250 0.224837 0.018382 0.026144
2 0.359559 0.203922 0.033824 0.020915
2 0.415809 0.186275 0.028676 0.022222
2 0.400000 0.141830 0.011765 0.019608
2 0.312500 0.376471 0.029412 0.054902
2 0.535294 0.248366 0.017647 0.026144
2 0.530515 0.213725 0.030147 0.024837
2 0.499632 0.209150 0.013971 0.020915
2 0.511397 0.185621 0.013971 0.020915
2 0.508088 0.161438 0.011765 0.019608
2 0.483456 0.159477 0.012500 0.020915
2 0.649265 0.306536 0.041176 0.040523
2 0.647426 0.281699 0.028676 0.027451
2 0.619485 0.243791 0.019853 0.035294
0 0.163235 0.535948 0.011765 0.047059
0 0.176103 0.533333 0.008088 0.044444
0 0.349265 0.341830 0.005882 0.032680
0 0.352941 0.341176 0.005882 0.033987
2 0.399265 0.126144 0.010294 0.016993
0 0.438971 0.232680 0.005882 0.026144
0 0.431985 0.233987 0.005147 0.023529
0 0.412132 0.207843 0.003676 0.018301
0 0.415074 0.209150 0.003676 0.018301
0 0.540074 0.280392 0.005147 0.016993
0 0.540074 0.275817 0.003676 0.018301
2 0.508088 0.124183 0.008824 0.013072
2 0.498897 0.103268 0.018382 0.013072
2 0.514706 0.103268 0.017647 0.013072
2 0.507353 0.115686 0.010294 0.011765