2 0.417279 0.203922 0.005147 0.015686
2 0.401471 0.209150 0.013235 0.007843
2 0.403309 0.205882 0.009559 0.006536
2 0.426471 0.213072 0.005882 0.007843
0 0.412132 0.216340 0.002206 0.009150
2 0.396324 0.243791 0.007353 0.009150
2 0.367279 0.264706 0.008088 0.011765
0 0.386397 0.269281 0.003676 0.018301
2 0.401471 0.275163 0.010294 0.016993
2 0.428309 0.258170 0.008088 0.011765
2 0.352574 0.292810 0.025735 0.015686
2 0.459926 0.229412 0.006618 0.011765
2 0.461029 0.257516 0.007353 0.010458
2 0.461765 0.283007 0.010294 0.016993
2 0.475735 0.260784 0.007353 0.014379
2 0.479412 0.281699 0.008824 0.014379
2 0.480882 0.310458 0.011765 0.016993
2 0.482721 0.338562 0.012500 0.023529
2 0.483824 0.212418 0.005882 0.009150
2 0.491544 0.214379 0.005147 0.007843
0 0.489706 0.218954 0.002941 0.006536
2 0.498162 0.220915 0.011029 0.010458
2 0.497426 0.254248 0.008088 0.011765
2 0.512500 0.252288 0.016176 0.015686
2 0.508824 0.279085 0.010294 0.014379
2 0.520221 0.281699 0.011029 0.014379
2 0.522059 0.291503 0.008824 0.015686
0 0.516544 0.297386 0.005147 0.014379
2 0.537500 0.279739 0.014706 0.015686
2 0.543382 0.266667 0.007353 0.013072
2 0.552941 0.266667 0.008824 0.013072
2 0.556618 0.279739 0.017647 0.015686
0 0.517647 0.322876 0.004412 0.015686
2 0.552941 0.303268 0.017647 0.015686
2 0.564706 0.313725 0.023529 0.015686
2 0.574265 0.335294 0.030882 0.022222
2 0.594853 0.364706 0.025000 0.023529
0 0.412132 0.310458 0.005147 0.014379
2 0.571324 0.433987 0.020588 0.036601
0 0.539706 0.445098 0.004412 0.022222
0 0.526838 0.370588 0.005147 0.016993
0 0.527941 0.373856 0.002941 0.015686
2 0.654044 0.503922 0.050735 0.032680
2 0.657721 0.526144 0.055147 0.040523
0 0.704412 0.520915 0.004412 0.027451
0 0.598529 0.534641 0.008824 0.036601
2 0.651471 0.666013 0.044118 0.061438
2 0.706618 0.629412 0.063235 0.048366
2 0.716176 0.658170 0.060294 0.053595
0 0.748529 0.612418 0.010294 0.040523
0 0.769485 0.633987 0.009559 0.047059
0 0.742279 0.584314 0.009559 0.023529
0 0.739338 0.587582 0.008088 0.022222
2 0.830882 0.819608 0.080882 0.091503
0 0.706250 0.922222 0.015441 0.069281
0 0.332353 0.392157 0.004412 0.023529
0 0.340809 0.392810 0.005147 0.027451
2 0.391544 0.438562 0.019853 0.032680
2 0.331250 0.501961 0.024265 0.044444
2 0.269485 0.528758 0.050735 0.048366
0 0.234559 0.501307 0.007353 0.022222
0 0.227574 0.496732 0.006618 0.031373
2 0.259926 0.384314 0.037500 0.026144
2 0.268382 0.437255 0.052941 0.027451
2 0.266544 0.449673 0.053676 0.033987
2 0.250735 0.463399 0.051471 0.032680
2 0.251103 0.483660 0.053676 0.033987
0 0.297059 0.459477 0.007353 0.032680
0 0.214338 0.531373 0.006618 0.030065
0 0.206985 0.526797 0.008088 0.033987
2 0.106618 0.662092 0.058824 0.077124
2 0.123162 0.851634 0.069853 0.111111
2 0.053309 0.963399 0.106618 0.073203
0 0.459559 0.566667 0.011765 0.032680