2 0.511397 0.567974 0.063971 0.066667
2 0.416176 0.458170 0.058824 0.050980
0 0.575368 0.547059 0.013971 0.035294
0 0.780882 0.605882 0.013235 0.032680
0 0.837868 0.552941 0.013971 0.049673
0 0.918750 0.458824 0.011029 0.020915
2 0.624265 0.392157 0.057353 0.044444
2 0.762868 0.389542 0.058088 0.039216
0 0.993750 0.450327 0.009559 0.024837
2 0.890441 0.317647 0.039706 0.031373
2 0.901471 0.286275 0.033824 0.031373
0 0.879044 0.288235 0.008088 0.024837
0 0.870956 0.288889 0.005147 0.023529
0 0.844485 0.284314 0.006618 0.024837
2 0.847059 0.277778 0.029412 0.024837
2 0.675368 0.282353 0.025735 0.026144
2 0.653676 0.283660 0.026471 0.028758
2 0.561029 0.330065 0.047059 0.035294
2 0.511029 0.322222 0.022059 0.037908
0 0.507721 0.371895 0.008088 0.032680
2 0.348897 0.354248 0.049265 0.036601
0 0.316176 0.325490 0.005882 0.033987
0 0.302941 0.349020 0.008824 0.036601
0 0.292647 0.341176 0.008824 0.033987
2 0.293015 0.332680 0.025735 0.032680
2 0.232721 0.335294 0.047794 0.032680
0 0.288235 0.280392 0.005882 0.027451
2 0.266912 0.275163 0.019118 0.027451
2 0.220221 0.266667 0.016912 0.026144
0 0.276471 0.258824 0.004412 0.023529
0 0.159559 0.250327 0.005882 0.027451
0 0.162500 0.251634 0.007353 0.014379
0 0.369118 0.249020 0.005882 0.024837
2 0.116912 0.170588 0.019118 0.014379
2 0.094485 0.165359 0.024265 0.014379
2 0.110662 0.154248 0.011029 0.013072
2 0.073162 0.154248 0.011029 0.015686
2 0.084559 0.154902 0.013235 0.014379
0 0.027574 0.184314 0.005147 0.018301
2 0.113971 0.145098 0.020588 0.013072
2 0.202574 0.131373 0.016912 0.011765
2 0.245956 0.128105 0.008088 0.010458
2 0.251838 0.101961 0.005147 0.007843
2 0.255882 0.109150 0.005882 0.009150