0 0.141176 0.039216 0.011765 0.039216
0 0.166176 0.072549 0.010294 0.035294
0 0.187132 0.124183 0.011029 0.041830
0 0.220221 0.056863 0.006618 0.024837
0 0.213235 0.051634 0.007353 0.032680
0 0.198162 0.890196 0.025735 0.088889
0 0.221691 0.896732 0.019853 0.073203
0 0.388603 0.505882 0.013971 0.065359
0 0.383456 0.469281 0.013971 0.052288
0 0.261765 0.082353 0.007353 0.028758
0 0.266544 0.082353 0.008088 0.036601
0 0.387868 0.082353 0.008088 0.018301
0 0.376103 0.075817 0.009559 0.031373
0 0.368015 0.086928 0.008088 0.032680
2 0.440074 0.150980 0.074265 0.053595
2 0.547426 0.131373 0.068382 0.053595
2 0.513235 0.262745 0.080882 0.067974
2 0.601838 0.339869 0.091912 0.073203
0 0.558088 0.484314 0.010294 0.064052
0 0.603309 0.444444 0.009559 0.052288
0 0.629412 0.443137 0.008824 0.049673
0 0.456985 0.452288 0.013971 0.062745
0 0.454044 0.483660 0.011029 0.047059
0 0.500368 0.517647 0.015441 0.054902
0 0.463235 0.598039 0.017647 0.048366
0 0.518750 0.628758 0.011029 0.062745
0 0.576471 0.600000 0.010294 0.067974
2 0.743750 0.688889 0.130147 0.109804
0 0.750735 0.602614 0.016176 0.062745
0 0.758824 0.583007 0.016176 0.054902
0 0.822426 0.597386 0.018382 0.036601
2 0.648897 0.193464 0.075735 0.049673
2 0.819485 0.145098 0.063971 0.047059
0 0.662132 0.401307 0.011029 0.062745
0 0.787868 0.437255 0.015441 0.061438
0 0.782353 0.397386 0.011765 0.047059
0 0.898162 0.531373 0.016912 0.032680
0 0.934926 0.541176 0.012500 0.062745
0 0.806618 0.426797 0.011765 0.053595
0 0.816176 0.422222 0.011765 0.060131
0 0.835294 0.449673 0.014706 0.062745
0 0.844485 0.450980 0.012500 0.057516
2 0.858824 0.248366 0.080882 0.062745
2 0.985662 0.400000 0.028676 0.075817
2 0.816912 0.009150 0.058824 0.018301
2 0.567647 0.016340 0.051471 0.032680