2 0.139338 0.500654 0.127206 0.133333
2 0.894853 0.375817 0.061765 0.118954
2 0.297794 0.144444 0.091176 0.066667
2 0.391912 0.166667 0.091176 0.056209
2 0.138971 0.032026 0.064706 0.064052
2 0.095956 0.026144 0.038971 0.052288
2 0.804412 0.076471 0.038235 0.074510
2 0.752574 0.062745 0.034559 0.081046
2 0.805147 0.022876 0.033824 0.045752
2 0.248162 0.064052 0.061029 0.065359
0 0.721324 0.124183 0.010294 0.047059
0 0.653309 0.205229 0.012500 0.057516
0 0.679044 0.248366 0.015441 0.060131
0 0.716176 0.266667 0.017647 0.062745
0 0.717647 0.256863 0.014706 0.050980