2 0.393750 0.733333 0.045833 0.096296
2 0.466406 0.818056 0.049479 0.110185
2 0.548177 0.836111 0.059896 0.127778
2 0.477604 0.962037 0.055208 0.075926
2 0.632552 0.948611 0.063021 0.102778
2 0.798177 0.903241 0.130729 0.097222
2 0.779427 0.831019 0.116146 0.091667
2 0.866146 0.968981 0.197917 0.062037
0 0.945833 0.908796 0.021875 0.078704
0 0.985156 0.937500 0.019271 0.063889
0 0.991146 0.903241 0.017708 0.073148
0 0.989844 0.966667 0.020313 0.061111
0 0.857552 0.631481 0.019271 0.057407
0 0.752604 0.703241 0.016667 0.062037
0 0.815885 0.683796 0.017188 0.065741
0 0.796354 0.682407 0.015625 0.059259
0 0.765885 0.646296 0.013021 0.055556
0 0.756771 0.650926 0.012500 0.057407
0 0.941406 0.796296 0.021354 0.046296
0 0.749219 0.621296 0.014063 0.057407
0 0.758073 0.611111 0.009896 0.048148
0 0.707552 0.592593 0.011979 0.048148
0 0.757031 0.568056 0.008854 0.039815
0 0.727083 0.550926 0.010417 0.044444
0 0.719792 0.550926 0.008333 0.046296
0 0.711979 0.548611 0.009375 0.043519
0 0.704427 0.512500 0.010937 0.043519
0 0.750781 0.525000 0.011979 0.040741
0 0.733073 0.524074 0.008854 0.046296
0 0.725000 0.525926 0.009375 0.037037
0 0.735938 0.502778 0.010417 0.037037
0 0.682552 0.561111 0.009896 0.025926
0 0.680208 0.557870 0.012500 0.036111
2 0.591667 0.703241 0.052083 0.075000
2 0.516667 0.718056 0.043750 0.084259
2 0.458854 0.714815 0.043750 0.083333
2 0.459375 0.632870 0.035417 0.063889
2 0.457031 0.569907 0.030729 0.054630
2 0.561979 0.514815 0.030208 0.044444
2 0.533333 0.518981 0.027083 0.045370
2 0.454427 0.524074 0.028646 0.042593
2 0.418750 0.440278 0.022917 0.045370
2 0.418229 0.390741 0.020833 0.037037
2 0.450000 0.449074 0.021875 0.035185
2 0.452604 0.423611 0.020833 0.032407
2 0.449219 0.401389 0.020313 0.028704
2 0.515625 0.441204 0.020833 0.036111
2 0.511979 0.414815 0.023958 0.027778
2 0.550781 0.471296 0.026562 0.037037
2 0.543750 0.436574 0.027083 0.037963
2 0.531510 0.379630 0.021354 0.031481
2 0.501042 0.386111 0.019792 0.029630
2 0.521094 0.357407 0.017188 0.022222
2 0.515625 0.338426 0.017708 0.021296
2 0.478125 0.396759 0.016667 0.025000
2 0.472917 0.360648 0.017708 0.023148
2 0.471875 0.342130 0.014583 0.017593
2 0.447917 0.340278 0.014583 0.017593
2 0.428385 0.326389 0.016146 0.026852
2 0.449740 0.359722 0.018229 0.026852
2 0.417708 0.304630 0.019792 0.020370
2 0.372135 0.312037 0.032813 0.022222
0 0.332292 0.296296 0.004167 0.016667
0 0.318229 0.326852 0.005208 0.018519
2 0.728906 0.428704 0.028646 0.035185
2 0.681771 0.524537 0.035417 0.047222
0 0.702604 0.461574 0.008333 0.037963
0 0.673698 0.461111 0.009896 0.038889
0 0.664583 0.464352 0.007292 0.036111
0 0.599740 0.424074 0.005729 0.024074
0 0.581771 0.394444 0.006250 0.024074
0 0.590104 0.379630 0.008333 0.022222
0 0.579427 0.363426 0.005729 0.021296
0 0.570573 0.360185 0.005729 0.027778
0 0.580208 0.437037 0.006250 0.033333
0 0.142187 0.462037 0.008333 0.037037
0 0.102865 0.492130 0.007812 0.036111
0 0.106250 0.511111 0.009375 0.037037
0 0.207292 0.387963 0.006250 0.024074
0 0.053646 0.574074 0.008333 0.037037
0 0.068750 0.574537 0.009375 0.043519
0 0.019792 0.714352 0.015625 0.056481
2 0.016667 0.539815 0.033333 0.050000
2 0.029427 0.518056 0.058854 0.045370
2 0.034635 0.496296 0.067187 0.037037
2 0.044010 0.481481 0.068229 0.035185
2 0.083854 0.457870 0.063542 0.037963
2 0.096354 0.439815 0.060417 0.031481
2 0.096094 0.428241 0.057813 0.030556
2 0.105990 0.418981 0.059896 0.030556
2 0.117969 0.408333 0.056771 0.029630
2 0.128385 0.391204 0.052604 0.030556
0 0.016927 0.446296 0.006771 0.035185
0 0.011719 0.447685 0.009896 0.034259
0 0.073438 0.396296 0.007292 0.031481
0 0.085677 0.396296 0.007812 0.031481
0 0.049479 0.376852 0.006250 0.031481
0 0.473177 0.301389 0.005729 0.015741
0 0.470052 0.284259 0.004687 0.014815
2 0.497135 0.287037 0.024479 0.018519
2 0.438281 0.274537 0.022396 0.021296
2 0.407813 0.268056 0.018750 0.019444
2 0.308854 0.266204 0.020833 0.015741
2 0.159896 0.366667 0.048958 0.029630
2 0.166146 0.358796 0.043750 0.025000
2 0.178906 0.353241 0.042188 0.025000
2 0.188021 0.339815 0.042708 0.018519
2 0.197917 0.330556 0.035417 0.020370
0 0.220573 0.373611 0.005729 0.023148
0 0.186198 0.321296 0.003646 0.018519
0 0.200260 0.312037 0.005729 0.020370
0 0.203646 0.310648 0.005208 0.019444
0 0.210417 0.306019 0.005208 0.023148
0 0.149219 0.323611 0.004687 0.023148
0 0.152865 0.322685 0.004687 0.021296
0 0.141667 0.310648 0.005208 0.023148
0 0.144531 0.307407 0.005729 0.024074
0 0.612760 0.482870 0.007812 0.032407
0 0.622396 0.457407 0.009375 0.027778
0 0.626042 0.476852 0.005208 0.014815
0 0.625000 0.472222 0.006250 0.022222
2 0.393490 0.261574 0.013021 0.017593
2 0.441927 0.247685 0.010937 0.013889
2 0.465365 0.245833 0.010937 0.013889
2 0.447135 0.237037 0.009896 0.014815
2 0.434896 0.226852 0.008333 0.011111
2 0.445312 0.223148 0.008333 0.011111
2 0.430990 0.219907 0.007812 0.012037
2 0.459635 0.241667 0.010937 0.012963
2 0.464583 0.236574 0.007292 0.012037
2 0.458333 0.231019 0.015625 0.010185
2 0.478385 0.255556 0.008854 0.012963
2 0.478385 0.247685 0.008854 0.012037
2 0.442188 0.210185 0.008333 0.011111
2 0.439323 0.206481 0.007812 0.009259
2 0.433073 0.203704 0.006771 0.009259