2 0.756771 0.535185 0.082292 0.048148
2 0.748437 0.498148 0.071875 0.037037
2 0.723958 0.483333 0.043750 0.037037
2 0.559896 0.356481 0.017708 0.031481
2 0.468750 0.256481 0.010417 0.016667
2 0.473958 0.248148 0.008333 0.014815
2 0.479687 0.235185 0.009375 0.014815
2 0.477604 0.222222 0.009375 0.014815
2 0.444271 0.273148 0.013542 0.024074
2 0.379688 0.271296 0.017708 0.020370
0 0.698958 0.519444 0.008333 0.042593
0 0.423958 0.313889 0.004167 0.024074
0 0.527604 0.247222 0.005208 0.016667
0 0.334375 0.471296 0.006250 0.027778
0 0.380208 0.446296 0.006250 0.022222
0 0.393750 0.350000 0.004167 0.018519
0 0.408854 0.356481 0.005208 0.020370
0 0.527083 0.301852 0.004167 0.014815
0 0.490104 0.370370 0.007292 0.022222
0 0.556771 0.429630 0.007292 0.022222
0 0.566146 0.426852 0.005208 0.020370
0 0.539062 0.336111 0.005208 0.020370
0 0.540104 0.294444 0.003125 0.014815
0 0.531771 0.276852 0.005208 0.016667
0 0.542188 0.262963 0.003125 0.018519
0 0.533333 0.226852 0.004167 0.012963
0 0.538542 0.381481 0.004167 0.014815
0 0.592187 0.488889 0.007292 0.029630
0 0.515104 0.326852 0.005208 0.024074
0 0.391146 0.296296 0.005208 0.018519
0 0.420833 0.285185 0.004167 0.018519
0 0.431250 0.264815 0.002083 0.014815
0 0.438021 0.284259 0.003125 0.016667
0 0.438021 0.253704 0.003125 0.014815
0 0.335938 0.395370 0.007292 0.042593
0 0.563021 0.330556 0.007292 0.027778