0 0.740885 0.827778 0.017188 0.122222
0 0.687240 0.787500 0.019271 0.115741
2 0.326823 0.932407 0.170313 0.135185
2 0.099479 0.971759 0.192708 0.056481
2 0.417708 0.781944 0.089583 0.132407
2 0.444531 0.700000 0.061979 0.090741
2 0.397917 0.659259 0.058333 0.074074
2 0.415625 0.632870 0.045833 0.052778
2 0.452865 0.591667 0.030729 0.040741
0 0.417448 0.581481 0.007812 0.042593
0 0.422396 0.579167 0.008333 0.041667
2 0.482552 0.661111 0.049479 0.075926
2 0.487760 0.621296 0.035937 0.046296
2 0.493229 0.600000 0.031250 0.044444
2 0.548698 0.620370 0.036979 0.053704
0 0.597396 0.654167 0.012500 0.058333
0 0.603646 0.644907 0.015625 0.056481
2 0.505208 0.564815 0.020833 0.029630
2 0.512500 0.550463 0.016667 0.023148
2 0.521094 0.542130 0.017188 0.025000
2 0.537500 0.550926 0.016667 0.022222
2 0.538542 0.535648 0.014583 0.021296
0 0.488021 0.543981 0.004167 0.021296
2 0.489323 0.540741 0.027604 0.022222
0 0.547656 0.522685 0.002604 0.017593
2 0.547396 0.519444 0.009375 0.012963
2 0.560156 0.530093 0.014063 0.019444
2 0.556771 0.522685 0.011458 0.019444
0 0.575781 0.577778 0.006771 0.025926
0 0.566927 0.560648 0.006771 0.026852
0 0.557292 0.551389 0.005208 0.021296
0 0.561979 0.544907 0.004167 0.017593
0 0.571094 0.553241 0.004687 0.017593
2 0.746094 0.684722 0.114062 0.095370