0 0.805147 0.273856 0.010294 0.045752
0 0.837132 0.154902 0.011029 0.037908
0 0.854779 0.084314 0.008088 0.030065
0 0.841544 0.090196 0.006618 0.018301
0 0.663971 0.037255 0.007353 0.024837
0 0.693015 0.163399 0.011029 0.036601
0 0.767647 0.388235 0.011765 0.057516
0 0.779412 0.387582 0.011765 0.058824
0 0.546691 0.335948 0.009559 0.052288
0 0.423162 0.049020 0.008088 0.016993
0 0.455882 0.014379 0.004412 0.023529
0 0.521691 0.137255 0.006618 0.036601
0 0.525368 0.013725 0.003676 0.022222
0 0.496324 0.015033 0.002941 0.019608
0 0.326838 0.082353 0.006618 0.031373
0 0.083824 0.195425 0.008824 0.040523
0 0.052206 0.256863 0.013235 0.053595
2 0.079044 0.234641 0.063971 0.058824
0 0.165074 0.271895 0.015441 0.052288
0 0.183088 0.270588 0.013235 0.049673
0 0.163971 0.525490 0.022059 0.081046
0 0.088235 0.417647 0.017647 0.071895
0 0.102574 0.438562 0.021324 0.074510
0 0.105515 0.407843 0.019853 0.060131
0 0.116544 0.410458 0.011029 0.065359
0 0.115074 0.426144 0.013971 0.075817
0 0.122426 0.437255 0.018382 0.071895
0 0.161029 0.390196 0.010294 0.053595
0 0.156618 0.383007 0.010294 0.052288
0 0.261397 0.288235 0.013971 0.061438
0 0.246691 0.288889 0.012500 0.052288
0 0.230882 0.290196 0.011765 0.054902
0 0.226838 0.281046 0.013971 0.049673
0 0.238235 0.274510 0.008824 0.049673
0 0.248529 0.275163 0.013235 0.048366