2 0.667279 0.833987 0.052206 0.128105
2 0.623897 0.872549 0.044853 0.111111
2 0.624265 0.710458 0.042647 0.087582
2 0.595221 0.754248 0.038971 0.101961
2 0.598897 0.610458 0.037500 0.081046
2 0.570221 0.662745 0.037500 0.088889
2 0.587500 0.522876 0.035294 0.070588
2 0.558456 0.572549 0.036029 0.081046
2 0.500000 0.287582 0.020588 0.047059
2 0.508456 0.194771 0.019853 0.041830
2 0.482721 0.215686 0.019853 0.036601
2 0.462500 0.256209 0.019118 0.041830
2 0.448897 0.211765 0.018382 0.039216
2 0.463235 0.159477 0.019118 0.039216
2 0.437500 0.166013 0.016176 0.036601
2 0.448162 0.123529 0.016912 0.037908
2 0.435662 0.083660 0.015441 0.033987
2 0.434926 0.032680 0.015441 0.033987
2 0.463235 0.098039 0.013235 0.031373
2 0.524265 0.452288 0.030882 0.060131
2 0.539338 0.512418 0.025735 0.054902
2 0.531985 0.390196 0.025735 0.056209
2 0.506250 0.394118 0.025735 0.056209
2 0.631985 0.116340 0.022794 0.031373
2 0.649265 0.115686 0.014706 0.027451
2 0.713971 0.982353 0.041176 0.035294
2 0.488971 0.339869 0.027941 0.060131
2 0.515809 0.334641 0.028676 0.060131