2 0.263971 0.969281 0.135294 0.061438
2 0.145588 0.875163 0.129412 0.111111
2 0.168750 0.798039 0.128676 0.105882
0 0.371691 0.694118 0.012500 0.060131
2 0.670588 0.557516 0.045588 0.084967
0 0.651471 0.492810 0.008824 0.049673
2 0.601838 0.500000 0.033088 0.071895
2 0.629044 0.418954 0.033088 0.058824
0 0.673162 0.404575 0.011029 0.019608
0 0.614338 0.360131 0.008088 0.037908
0 0.625368 0.345752 0.008088 0.040523
0 0.655515 0.314379 0.011029 0.043137
2 0.388971 0.358824 0.064706 0.045752
0 0.448897 0.402614 0.011029 0.028758
0 0.516176 0.358170 0.008824 0.028758
0 0.544853 0.296078 0.007353 0.037908
2 0.560294 0.262745 0.023529 0.044444
2 0.558088 0.226797 0.022059 0.037908
2 0.553676 0.198693 0.023529 0.041830
0 0.614706 0.184967 0.005882 0.027451
0 0.590441 0.184967 0.005882 0.030065
0 0.569118 0.175163 0.005882 0.028758
0 0.575368 0.170588 0.005147 0.016993
2 0.353676 0.276471 0.036765 0.069281
2 0.406250 0.259477 0.050735 0.043137
2 0.409926 0.235948 0.041912 0.035294
2 0.431618 0.215686 0.038235 0.039216
2 0.413603 0.192157 0.044853 0.031373
2 0.427574 0.146405 0.036029 0.031373
2 0.428676 0.114379 0.029412 0.024837
2 0.500368 0.109150 0.011029 0.024837
2 0.434191 0.075817 0.019853 0.026144
2 0.443015 0.060131 0.024265 0.023529
2 0.458456 0.049020 0.012500 0.022222
2 0.440074 0.045098 0.012500 0.022222
2 0.447794 0.030065 0.023529 0.020915
2 0.443750 0.018954 0.012500 0.019608
2 0.418382 0.013725 0.027941 0.016993
2 0.547059 0.124837 0.016176 0.027451
2 0.544853 0.105882 0.016176 0.026144
2 0.542647 0.086275 0.014706 0.026144
2 0.531618 0.009150 0.026471 0.018301
2 0.531250 0.013725 0.022794 0.022222
2 0.544118 0.027451 0.025000 0.023529
2 0.524265 0.032680 0.011765 0.020915
0 0.511765 0.013725 0.004412 0.016993
0 0.515074 0.014379 0.003676 0.018301
2 0.538603 0.038562 0.012500 0.019608
2 0.538235 0.050980 0.013235 0.023529
2 0.536765 0.061438 0.014706 0.023529