2 0.433088 0.512418 0.052941 0.099346
2 0.527206 0.474510 0.051471 0.070588
2 0.434191 0.258170 0.036029 0.045752
2 0.309926 0.302614 0.033088 0.058824
2 0.263971 0.203922 0.023529 0.039216
2 0.363603 0.232026 0.025735 0.032680
2 0.231618 0.050980 0.014706 0.020915
2 0.354779 0.154248 0.019853 0.026144
2 0.221324 0.072549 0.014706 0.022222
2 0.209926 0.016993 0.012500 0.015686
0 0.195956 0.098039 0.006618 0.015686
0 0.473162 0.494118 0.011029 0.047059
0 0.213603 0.279085 0.009559 0.037908
0 0.207353 0.276471 0.008824 0.040523
0 0.215809 0.752288 0.015441 0.071895
0 0.225368 0.758170 0.018382 0.067974
0 0.008456 0.792157 0.016912 0.070588
0 0.061765 0.704575 0.023529 0.060131
0 0.201103 0.251634 0.008088 0.040523
0 0.325368 0.064052 0.005147 0.020915
0 0.330147 0.062092 0.004412 0.016993
2 0.941912 0.217647 0.039706 0.037908
2 0.918750 0.206536 0.036029 0.033987
2 0.937132 0.192810 0.038971 0.035294
2 0.917647 0.188889 0.029412 0.022222
2 0.915809 0.183007 0.031618 0.023529
2 0.900735 0.201307 0.030882 0.026144
2 0.868382 0.161438 0.032353 0.030065
2 0.817279 0.160784 0.030147 0.026144
2 0.811397 0.137908 0.024265 0.022222
2 0.799265 0.149673 0.032353 0.024837
2 0.781618 0.145098 0.027941 0.028758
2 0.770221 0.139869 0.030147 0.026144
2 0.802941 0.132680 0.027941 0.019608
2 0.792647 0.133333 0.026471 0.020915
2 0.778676 0.122222 0.030882 0.024837
2 0.875000 0.121569 0.029412 0.023529
2 0.850735 0.111765 0.025000 0.024837
2 0.834191 0.107190 0.027206 0.023529
2 0.808456 0.094771 0.025735 0.022222
2 0.795588 0.089542 0.025000 0.022222
2 0.759926 0.075817 0.025735 0.023529
2 0.752574 0.130065 0.030147 0.024837
2 0.765074 0.114379 0.025735 0.022222
2 0.700368 0.054902 0.024265 0.018301
2 0.691544 0.048366 0.022794 0.020915
2 0.682721 0.046405 0.021324 0.016993
2 0.688603 0.081046 0.025735 0.020915
2 0.669118 0.074510 0.022059 0.020915
2 0.650000 0.066667 0.020588 0.018301
2 0.586397 0.050980 0.018382 0.018301
2 0.583824 0.009150 0.019118 0.015686
2 0.597426 0.011765 0.015441 0.013072
2 0.431985 0.008497 0.024265 0.016993
2 0.450368 0.011111 0.021324 0.014379
2 0.514706 0.006536 0.017647 0.013072
2 0.628676 0.056863 0.019118 0.016993
2 0.598897 0.056209 0.022794 0.018301
0 0.481250 0.496078 0.008088 0.022222