2 0.767708 0.508333 0.089583 0.098148
2 0.706771 0.591667 0.084375 0.116667
2 0.655729 0.641667 0.080208 0.120370
0 0.566146 0.499074 0.009375 0.038889
0 0.561979 0.499074 0.007292 0.038889
0 0.556250 0.493519 0.010417 0.038889
2 0.871875 0.752778 0.066667 0.116667
0 0.890104 0.809259 0.019792 0.051852
0 0.906250 0.801852 0.014583 0.029630
0 0.336458 0.830556 0.012500 0.046296
0 0.319792 0.808333 0.018750 0.050000
0 0.307292 0.798148 0.014583 0.040741
2 0.476562 0.512037 0.069792 0.101852
0 0.080208 0.742593 0.016667 0.037037