2 0.848529 0.709804 0.097059 0.086275
2 0.741544 0.515033 0.065441 0.078431
2 0.595956 0.537255 0.050735 0.088889
2 0.659926 0.422222 0.056618 0.060131
0 0.551838 0.492157 0.012500 0.050980
0 0.532353 0.490850 0.010294 0.053595
0 0.537132 0.473856 0.009559 0.056209
2 0.548529 0.458170 0.048529 0.061438
2 0.596324 0.346405 0.042647 0.081046
2 0.480515 0.578431 0.037500 0.092810
2 0.454779 0.479739 0.046324 0.073203
2 0.410294 0.390196 0.032353 0.084967
0 0.011029 0.134641 0.007353 0.028758
0 0.015441 0.145098 0.007353 0.020915
0 0.022059 0.127451 0.008824 0.024837
0 0.020221 0.139869 0.008088 0.018301
0 0.027574 0.141176 0.009559 0.018301
0 0.032353 0.142484 0.010294 0.020915
0 0.041544 0.136601 0.008088 0.019608
0 0.051471 0.135294 0.007353 0.022222
0 0.059926 0.137255 0.006618 0.015686
0 0.066912 0.141176 0.008824 0.033987
0 0.088235 0.130719 0.007353 0.031373
0 0.111765 0.105882 0.007353 0.031373
2 0.123529 0.133987 0.019118 0.032680
2 0.106618 0.124183 0.027941 0.028758
2 0.063235 0.116340 0.045588 0.028758
2 0.077206 0.103922 0.047059 0.024837
2 0.066176 0.079739 0.035294 0.026144
2 0.103676 0.081046 0.023529 0.031373
2 0.130515 0.071242 0.013971 0.032680
0 0.110294 0.103922 0.007353 0.032680
0 0.033456 0.078431 0.008088 0.028758
0 0.026471 0.077124 0.007353 0.026144
0 0.040809 0.067320 0.006618 0.027451
0 0.058088 0.065359 0.007353 0.031373
2 0.923529 0.311765 0.057353 0.048366
2 0.830147 0.316340 0.025000 0.057516
2 0.742279 0.223529 0.036029 0.041830