2 0.512500 0.577778 0.020833 0.037037
2 0.509896 0.535185 0.019792 0.033333
2 0.482292 0.476852 0.031250 0.024074
2 0.514062 0.438889 0.013542 0.022222
2 0.492188 0.433333 0.013542 0.018519
2 0.491667 0.378704 0.010417 0.020370
2 0.497917 0.314815 0.008333 0.011111
2 0.568750 0.590741 0.022917 0.037037
0 0.378125 0.953704 0.014583 0.066667
0 0.588542 0.900000 0.010417 0.033333
0 0.586979 0.885185 0.013542 0.040741
0 0.455729 0.689815 0.009375 0.031481
0 0.538542 0.576852 0.006250 0.027778
0 0.538021 0.528704 0.005208 0.024074
0 0.531250 0.486111 0.006250 0.020370
2 0.484896 0.423148 0.015625 0.024074
0 0.421354 0.645370 0.005208 0.024074
2 0.565625 0.518519 0.022917 0.018519
2 0.519792 0.465741 0.014583 0.024074
0 0.470833 0.457407 0.004167 0.014815
0 0.496875 0.412037 0.004167 0.012963
0 0.474479 0.392593 0.003125 0.014815
0 0.469792 0.387963 0.004167 0.012963
0 0.526563 0.372222 0.003125 0.011111
0 0.529687 0.372222 0.003125 0.011111