0 0.507552 0.979630 0.013021 0.038889
0 0.521354 0.926852 0.011458 0.062963
0 0.626823 0.989352 0.011979 0.021296
0 0.596094 0.895833 0.013021 0.054630
0 0.607812 0.876389 0.011458 0.030556
0 0.728646 0.975926 0.018750 0.046296
0 0.501563 0.718519 0.009375 0.035185
0 0.398698 0.849074 0.006771 0.025926
0 0.400000 0.843981 0.009375 0.037963
0 0.373437 0.851389 0.013542 0.039815
0 0.392969 0.538889 0.006771 0.037037
2 0.384896 0.608796 0.026042 0.060185
0 0.403906 0.621296 0.008854 0.025926
0 0.432031 0.596759 0.006771 0.021296
0 0.575260 0.668981 0.006771 0.043519
0 0.570052 0.666204 0.007812 0.043519
0 0.571094 0.514815 0.006771 0.033333
0 0.544531 0.557407 0.006771 0.031481
2 0.489063 0.501852 0.020833 0.037037
0 0.418490 0.467593 0.005729 0.031481
0 0.413802 0.468981 0.005729 0.026852
2 0.490885 0.408796 0.016146 0.030556
0 0.533073 0.410648 0.003646 0.015741
0 0.540625 0.416204 0.003125 0.019444
0 0.431250 0.390741 0.004167 0.018519
0 0.151562 0.328241 0.003125 0.012037
0 0.153906 0.329167 0.003646 0.013889
2 0.180729 0.320833 0.029167 0.023148
2 0.238542 0.331481 0.031250 0.020370
2 0.284896 0.337500 0.032292 0.021296
0 0.312760 0.348611 0.005729 0.017593
2 0.336458 0.374074 0.031250 0.031481
0 0.346875 0.359259 0.005208 0.020370
2 0.600521 0.308796 0.011458 0.021296
2 0.581771 0.307407 0.012500 0.020370
2 0.540625 0.286111 0.010417 0.016667
0 0.455729 0.316667 0.004167 0.014815
0 0.408854 0.307407 0.004167 0.020370
2 0.460417 0.150000 0.008333 0.007407
2 0.455208 0.145370 0.007292 0.007407
2 0.465104 0.156944 0.005208 0.010185
2 0.445052 0.159722 0.004687 0.006481
2 0.422917 0.232870 0.013542 0.012037
2 0.424479 0.227315 0.014583 0.013889
2 0.426042 0.221759 0.015625 0.012037
2 0.425521 0.218981 0.013542 0.015741
0 0.429948 0.241667 0.001563 0.011111
0 0.432292 0.242130 0.002083 0.010185
0 0.424479 0.266204 0.003125 0.010185
0 0.434896 0.266204 0.003125 0.012037
0 0.441927 0.261111 0.002604 0.009259
0 0.454688 0.246759 0.003125 0.008333
2 0.463281 0.236574 0.008854 0.015741
2 0.464323 0.199537 0.006771 0.010185
2 0.456250 0.193981 0.006250 0.010185
2 0.465885 0.181019 0.004687 0.008333
2 0.466406 0.171296 0.004687 0.007407
0 0.445833 0.168519 0.002083 0.007407
0 0.448177 0.168981 0.002604 0.008333
0 0.448698 0.208796 0.002604 0.006481
2 0.243490 0.926852 0.094271 0.105556
0 0.629427 0.793056 0.011979 0.025000
0 0.643490 0.794907 0.011979 0.030556
0 0.645052 0.770833 0.008854 0.025000
0 0.649479 0.753704 0.011458 0.022222
0 0.621615 0.757407 0.011979 0.031481
0 0.640365 0.718981 0.010937 0.030556
0 0.657552 0.709259 0.009896 0.033333
0 0.686458 0.787963 0.008333 0.048148
0 0.492188 0.169444 0.002083 0.009259
0 0.479687 0.181019 0.002083 0.004630
0 0.481510 0.202315 0.002604 0.006481
0 0.486979 0.231019 0.003125 0.008333
0 0.491146 0.231481 0.002083 0.007407
0 0.495573 0.218056 0.002604 0.013889
0 0.497396 0.218981 0.003125 0.013889
2 0.525260 0.262037 0.015104 0.014815
2 0.520573 0.236574 0.015104 0.012037
2 0.507292 0.178241 0.004167 0.008333
2 0.508854 0.181944 0.005208 0.010185
2 0.510156 0.188426 0.005729 0.010185
2 0.513021 0.195833 0.005208 0.012037
0 0.507031 0.256019 0.002604 0.013889
0 0.508854 0.256019 0.003125 0.012037
0 0.511458 0.256944 0.002083 0.015741
0 0.515625 0.264352 0.003125 0.012037
0 0.521354 0.278704 0.004167 0.012963
0 0.510677 0.287963 0.002604 0.009259
0 0.512500 0.310185 0.003125 0.011111
0 0.496875 0.271296 0.003125 0.009259
0 0.506250 0.275463 0.002083 0.006481
0 0.505729 0.272685 0.002083 0.006481
0 0.500521 0.287500 0.003125 0.008333
0 0.500781 0.285185 0.002604 0.011111