0 0.130208 0.885185 0.086458 0.190741
2 0.302604 0.927778 0.211458 0.144444
0 0.625781 0.935648 0.073438 0.128704
0 0.927865 0.919444 0.071354 0.161111
2 0.814844 0.849537 0.150521 0.239815
2 0.983333 0.897685 0.033333 0.134259
2 0.963802 0.791667 0.072396 0.155556
2 0.969531 0.642593 0.060937 0.072222
2 0.941927 0.629630 0.096354 0.051852
2 0.897656 0.622685 0.074479 0.047222
2 0.871354 0.614352 0.081250 0.056481
2 0.837240 0.604630 0.063021 0.053704
2 0.812760 0.593056 0.063021 0.041667
2 0.874219 0.571759 0.035937 0.047222
2 0.851562 0.562963 0.062500 0.037037
2 0.384375 0.788426 0.119792 0.180556
2 0.414323 0.703241 0.078646 0.121296
2 0.439583 0.653241 0.063542 0.097222
2 0.444271 0.607870 0.048958 0.060185
2 0.447917 0.588889 0.040625 0.050000
2 0.455990 0.575926 0.032813 0.046296
2 0.460417 0.562963 0.025000 0.046296
2 0.467187 0.543519 0.018750 0.035185
0 0.439063 0.529167 0.004167 0.025000
0 0.420833 0.543981 0.008333 0.023148
2 0.511979 0.634722 0.054167 0.078704
2 0.516927 0.608796 0.045312 0.063889
2 0.507812 0.585648 0.037500 0.043519
2 0.502865 0.571759 0.029687 0.043519
0 0.654427 0.790741 0.032813 0.157407
0 0.640365 0.675000 0.020313 0.112963
0 0.622135 0.667593 0.021354 0.114815
0 0.616927 0.665741 0.015104 0.098148
2 0.556250 0.661574 0.022917 0.106481
0 0.596094 0.681481 0.022396 0.092593
0 0.569792 0.624074 0.017708 0.053704
0 0.574479 0.598148 0.017708 0.044444
0 0.539062 0.567130 0.014583 0.030556
0 0.515104 0.532407 0.005208 0.025926
0 0.520573 0.537500 0.007812 0.023148
0 0.528125 0.553704 0.006250 0.025926
0 0.545052 0.558796 0.009896 0.036111
0 0.539323 0.546759 0.005729 0.023148
0 0.534635 0.547685 0.006771 0.030556
0 0.546094 0.549537 0.005729 0.025000
2 0.580990 0.532407 0.028646 0.024074