2 0.571324 0.941176 0.061765 0.117647
2 0.484926 0.935294 0.061029 0.129412
2 0.480515 0.705882 0.047794 0.125490
2 0.410294 0.761438 0.045588 0.124183
2 0.583088 0.642484 0.044118 0.105882
2 0.556250 0.539869 0.036029 0.088889
2 0.480147 0.546405 0.039706 0.088889
2 0.407353 0.550980 0.045588 0.092810
2 0.355882 0.441176 0.036765 0.069281
2 0.572426 0.401307 0.028676 0.052288
2 0.489338 0.441176 0.037500 0.077124
2 0.545956 0.337908 0.025735 0.053595
2 0.495588 0.363399 0.030882 0.060131
0 0.466912 0.397386 0.007353 0.044444
2 0.542647 0.280392 0.025000 0.045752
2 0.502941 0.284314 0.022059 0.045752
2 0.472426 0.285621 0.027206 0.045752
2 0.545588 0.233333 0.023529 0.040523
2 0.478676 0.249673 0.019118 0.039216
2 0.542279 0.196732 0.019853 0.035294
2 0.516544 0.181046 0.018382 0.030065
2 0.484191 0.214379 0.016912 0.033987
2 0.413603 0.156863 0.021324 0.033987
2 0.406618 0.092157 0.014706 0.022222
2 0.347059 0.101961 0.017647 0.028758
2 0.196324 0.225490 0.029412 0.040523
2 0.105515 0.309150 0.038971 0.053595
2 0.547794 0.173203 0.017647 0.032680
2 0.511765 0.158824 0.014706 0.024837
2 0.535294 0.126797 0.013235 0.026144
2 0.511765 0.133333 0.013235 0.023529
2 0.515074 0.116993 0.011029 0.027451
2 0.498529 0.103922 0.013235 0.019608
2 0.523529 0.100000 0.011765 0.022222
2 0.548529 0.095425 0.011765 0.020915
2 0.528676 0.090196 0.010294 0.020915
2 0.500368 0.084967 0.012500 0.020915
2 0.498897 0.072549 0.012500 0.019608
2 0.540441 0.076471 0.011765 0.019608
2 0.518382 0.071895 0.011765 0.020915
2 0.536397 0.064052 0.011029 0.020915
2 0.809559 0.012418 0.025000 0.019608
2 0.779779 0.025490 0.025735 0.019608
2 0.716912 0.021569 0.026471 0.022222
2 0.759191 0.005882 0.027206 0.011765
2 0.768015 0.019608 0.022794 0.013072
2 0.761765 0.013725 0.020588 0.011765
2 0.702206 0.009150 0.026471 0.018301
2 0.877206 0.007843 0.025000 0.013072