0 0.059926 0.083660 0.015441 0.044444
0 0.062868 0.073856 0.011029 0.024837
0 0.072059 0.073203 0.016176 0.041830
2 0.122059 0.110458 0.063235 0.082353
2 0.200735 0.081046 0.063235 0.086275
2 0.237868 0.128105 0.037500 0.099346
0 0.115441 0.186275 0.014706 0.035294
2 0.027574 0.295425 0.055147 0.094118
2 0.067279 0.471895 0.088971 0.115033
2 0.157721 0.415033 0.087500 0.111111
2 0.026838 0.675817 0.053676 0.130719
0 0.250000 0.880392 0.014706 0.037908
0 0.419485 0.086928 0.009559 0.045752
2 0.296691 0.182353 0.061029 0.111111
2 0.431985 0.276471 0.066912 0.082353
2 0.496324 0.588889 0.091176 0.113725
0 0.312132 0.696732 0.011029 0.036601
0 0.320588 0.705229 0.014706 0.050980
0 0.325000 0.701307 0.008824 0.027451
2 0.543750 0.832026 0.111029 0.160784
0 0.597426 0.283660 0.012500 0.033987
0 0.604044 0.354248 0.011029 0.033987
0 0.598529 0.363399 0.014706 0.039216
0 0.612868 0.380392 0.012500 0.044444
0 0.619853 0.432026 0.019118 0.043137
0 0.627574 0.417647 0.008088 0.024837
0 0.644118 0.181046 0.014706 0.045752
2 0.650000 0.244444 0.060294 0.112418
2 0.706985 0.128758 0.053676 0.095425
2 0.751838 0.169935 0.050735 0.096732
2 0.798529 0.048366 0.048529 0.096732
2 0.848162 0.164052 0.047794 0.095425
0 0.906985 0.198039 0.015441 0.043137