2 0.015441 0.080392 0.022059 0.053595
2 0.006250 0.194771 0.012500 0.067974
2 0.480882 0.813072 0.016176 0.067974
2 0.398529 0.856209 0.019118 0.075817
2 0.373162 0.915686 0.034559 0.064052
2 0.326838 0.835294 0.019853 0.067974
2 0.346324 0.541830 0.017647 0.066667
2 0.586765 0.470588 0.017647 0.070588
2 0.597426 0.299346 0.025735 0.065359
2 0.361397 0.034641 0.028676 0.056209
2 0.600735 0.109150 0.030882 0.043137
2 0.497794 0.015686 0.014706 0.031373
2 0.358456 0.167974 0.016912 0.058824
2 0.351471 0.379739 0.033824 0.053595
2 0.603309 0.171242 0.027206 0.036601
2 0.619118 0.973856 0.017647 0.052288
0 0.431985 0.084314 0.003676 0.016993
0 0.427941 0.188889 0.005882 0.014379
0 0.436397 0.266013 0.005147 0.011765
0 0.561765 0.551634 0.004412 0.005229
0 0.561765 0.564706 0.005882 0.015686
0 0.416544 0.682353 0.006618 0.015686
0 0.552206 0.804575 0.007353 0.011765
0 0.428309 0.981699 0.003676 0.018301
0 0.624265 0.742484 0.005882 0.013072
0 0.636397 0.739216 0.003676 0.011765
0 0.625000 0.757516 0.004412 0.011765
0 0.570588 0.541830 0.005882 0.009150
0 0.577206 0.541176 0.002941 0.005229
0 0.379412 0.154902 0.004412 0.014379
0 0.375000 0.152941 0.002941 0.007843
0 0.322426 0.379085 0.006618 0.013072