2 0.219792 0.959259 0.089583 0.081481
2 0.235417 0.889815 0.058333 0.098148
2 0.385417 0.783333 0.039583 0.096296
2 0.287500 0.780556 0.047917 0.087037
2 0.406250 0.590741 0.022917 0.051852
2 0.532292 0.566667 0.022917 0.044444
2 0.428646 0.492593 0.019792 0.029630
2 0.405208 0.474074 0.018750 0.033333
2 0.439583 0.448148 0.014583 0.029630
2 0.581771 0.391667 0.021875 0.020370
2 0.542708 0.390741 0.020833 0.018519
2 0.527604 0.384259 0.017708 0.016667
2 0.502083 0.404630 0.012500 0.020370
2 0.490625 0.383333 0.020833 0.018519
2 0.457292 0.398148 0.012500 0.022222
2 0.433333 0.336111 0.010417 0.016667
2 0.435417 0.323148 0.010417 0.012963
2 0.448958 0.323148 0.008333 0.009259
2 0.450521 0.365741 0.009375 0.016667
2 0.454688 0.358333 0.011458 0.016667
2 0.455729 0.345370 0.007292 0.009259
2 0.457292 0.337963 0.008333 0.009259
2 0.459375 0.325926 0.006250 0.011111
2 0.454688 0.319444 0.007292 0.009259
2 0.454167 0.312037 0.006250 0.009259
2 0.459896 0.300000 0.005208 0.011111
2 0.522917 0.354630 0.016667 0.012963
2 0.514062 0.348148 0.005208 0.011111
2 0.491146 0.326852 0.005208 0.009259
2 0.485417 0.313889 0.004167 0.005556
2 0.493229 0.316667 0.005208 0.007407
2 0.491146 0.312037 0.005208 0.009259
2 0.492188 0.308333 0.005208 0.005556
0 0.606250 0.574074 0.006250 0.029630
0 0.607812 0.557407 0.005208 0.025926
0 0.560417 0.461111 0.006250 0.022222
0 0.565625 0.466667 0.006250 0.022222