2 0.540885 0.819907 0.034896 0.078704
2 0.530990 0.924537 0.040104 0.102778
2 0.501042 0.427315 0.015625 0.032407
2 0.523438 0.425463 0.014583 0.023148
0 0.520312 0.608796 0.006250 0.023148
0 0.508854 0.616667 0.006250 0.022222
0 0.507812 0.611574 0.008333 0.023148
0 0.423698 0.443519 0.004687 0.014815
0 0.377604 0.512963 0.005208 0.018519
2 0.436198 0.391667 0.016146 0.018519
2 0.560156 0.535185 0.017188 0.033333
2 0.560937 0.473148 0.014583 0.024074
2 0.563281 0.449537 0.015104 0.023148
2 0.564063 0.433333 0.011458 0.022222
2 0.560417 0.415741 0.013542 0.022222
2 0.563542 0.398148 0.011458 0.024074
0 0.445833 0.352315 0.003125 0.012037
2 0.500260 0.318519 0.011979 0.018519
0 0.547917 0.425000 0.003125 0.014815
2 0.565104 0.345833 0.010417 0.023148
2 0.564323 0.332407 0.007812 0.014815
0 0.548698 0.340278 0.002604 0.010185
0 0.421354 0.337500 0.004167 0.023148