2 0.434559 0.951634 0.070588 0.096732
2 0.773897 0.739869 0.072794 0.096732
2 0.726471 0.645098 0.075000 0.082353
2 0.715441 0.571895 0.075000 0.077124
2 0.688603 0.466013 0.071324 0.050980
2 0.665441 0.391503 0.044118 0.043137
2 0.618750 0.380392 0.027206 0.033987
0 0.605882 0.390850 0.005882 0.020915
0 0.860662 0.561438 0.009559 0.066667
0 0.847059 0.556209 0.008824 0.027451
0 0.834559 0.560131 0.010294 0.056209
0 0.823162 0.554248 0.008088 0.044444
0 0.818015 0.549673 0.006618 0.037908
0 0.752206 0.459477 0.011765 0.043137
0 0.756250 0.514379 0.011029 0.048366
0 0.764338 0.501307 0.008088 0.045752
0 0.769485 0.510458 0.008088 0.050980
0 0.783456 0.490850 0.008088 0.053595
0 0.779044 0.496078 0.006618 0.058824
0 0.797059 0.500654 0.010294 0.057516
0 0.808824 0.510458 0.011765 0.037908
0 0.816544 0.524183 0.008088 0.033987
0 0.824265 0.531373 0.007353 0.035294
0 0.617647 0.441176 0.007353 0.032680
0 0.650368 0.527451 0.011029 0.037908
2 0.550735 0.531373 0.033824 0.061438
2 0.491176 0.520915 0.039706 0.058824
0 0.590074 0.330719 0.005147 0.031373
2 0.604044 0.346405 0.018382 0.028758
0 0.680147 0.261438 0.004412 0.023529
2 0.605515 0.173856 0.012500 0.013072
2 0.616544 0.175817 0.011029 0.009150
2 0.593382 0.171242 0.014706 0.013072
2 0.568750 0.257516 0.013971 0.020915
2 0.586029 0.275163 0.029412 0.024837
2 0.587868 0.307843 0.021324 0.024837
2 0.484559 0.153595 0.007353 0.009150
2 0.502206 0.213072 0.010294 0.015686
2 0.500735 0.203922 0.010294 0.015686
2 0.481985 0.246405 0.012500 0.019608
2 0.481985 0.235948 0.012500 0.016993
2 0.478309 0.231373 0.009559 0.015686
2 0.482721 0.218301 0.012500 0.018301
2 0.483088 0.208497 0.011765 0.016993
2 0.480515 0.203268 0.011029 0.019608
2 0.456985 0.193464 0.013971 0.013072
2 0.451471 0.238562 0.013235 0.019608
2 0.442279 0.297386 0.016912 0.030065
2 0.498897 0.339869 0.019853 0.028758
0 0.416544 0.383007 0.008088 0.033987
2 0.363971 0.364706 0.026471 0.044444
2 0.303309 0.496078 0.056618 0.066667
0 0.075735 0.635294 0.019118 0.057516
2 0.034191 0.542484 0.068382 0.057516
2 0.121691 0.571895 0.061029 0.079739
0 0.079044 0.445752 0.015441 0.047059
0 0.094853 0.443137 0.008824 0.041830
2 0.173897 0.467320 0.041912 0.056209
2 0.224632 0.430719 0.038971 0.053595
2 0.247059 0.398693 0.029412 0.044444
2 0.273897 0.362745 0.030147 0.032680
2 0.290074 0.339869 0.024265 0.033987
2 0.248162 0.334641 0.044853 0.031373
2 0.274632 0.325490 0.028676 0.028758
2 0.270588 0.303268 0.041176 0.028758
2 0.307353 0.301961 0.036765 0.028758
2 0.315441 0.287582 0.039706 0.023529
0 0.294485 0.272549 0.005147 0.027451
0 0.288603 0.274510 0.006618 0.028758
2 0.423529 0.227451 0.013235 0.023529
2 0.437500 0.209150 0.013235 0.020915
0 0.438971 0.198693 0.004412 0.013072