0 0.127941 0.684314 0.030882 0.082353
0 0.247426 0.722876 0.022794 0.094118
0 0.253676 0.711111 0.014706 0.099346
0 0.483088 0.509804 0.014706 0.073203
0 0.976838 0.898693 0.037500 0.082353
2 0.962132 0.732026 0.074265 0.135948
2 0.877574 0.672549 0.149265 0.108497
2 0.874265 0.612418 0.123529 0.082353
2 0.759559 0.560784 0.088235 0.094118
0 0.124265 0.371895 0.010294 0.037908
0 0.131250 0.375817 0.009559 0.030065
2 0.263971 0.276471 0.026471 0.043137
2 0.267279 0.175163 0.018382 0.026144
2 0.302941 0.130719 0.013235 0.018301
2 0.303309 0.098039 0.009559 0.015686
2 0.293750 0.092157 0.009559 0.014379
2 0.313235 0.088235 0.010294 0.014379
2 0.306250 0.071895 0.006618 0.010458
2 0.318382 0.069281 0.007353 0.010458
2 0.310294 0.065359 0.005882 0.010458
2 0.314338 0.059477 0.005147 0.009150
2 0.323529 0.058170 0.005882 0.009150
2 0.333824 0.067974 0.005882 0.010458
2 0.331985 0.073856 0.006618 0.011765
2 0.329412 0.082353 0.007353 0.013072
2 0.329412 0.093464 0.008824 0.014379
2 0.330147 0.101961 0.007353 0.013072
2 0.341912 0.097386 0.008824 0.014379
2 0.355147 0.087582 0.008824 0.015686
2 0.345221 0.083660 0.006618 0.010458
2 0.337500 0.077778 0.005882 0.011765
0 0.351838 0.067320 0.002206 0.009150
0 0.346324 0.064706 0.002941 0.009150
0 0.351103 0.108497 0.005147 0.013072
2 0.361765 0.104575 0.008824 0.018301
0 0.007353 0.346405 0.014706 0.052288
2 0.048162 0.211765 0.047794 0.041830
2 0.345221 0.119608 0.009559 0.016993
0 0.341544 0.130065 0.003676 0.014379
2 0.324632 0.196732 0.018382 0.027451
2 0.325000 0.160784 0.016176 0.020915
2 0.347059 0.167974 0.014706 0.024837
2 0.375000 0.199346 0.016176 0.030065
0 0.455515 0.133987 0.005147 0.016993
0 0.472059 0.147712 0.004412 0.015686
0 0.476471 0.145752 0.004412 0.016993
0 0.480515 0.140523 0.003676 0.014379
0 0.484559 0.140523 0.004412 0.014379
0 0.450368 0.135294 0.005147 0.014379
2 0.473162 0.169281 0.015441 0.024837
0 0.503676 0.183660 0.007353 0.022222
2 0.497426 0.204575 0.030147 0.027451
0 0.569118 0.242484 0.005882 0.016993
0 0.577574 0.244444 0.005147 0.015686
0 0.583088 0.244444 0.005882 0.018301
0 0.575000 0.262745 0.007353 0.020915
0 0.586765 0.263399 0.005882 0.016993
0 0.593015 0.264052 0.005147 0.018301
0 0.589338 0.258824 0.005147 0.018301
0 0.582353 0.258824 0.004412 0.013072
2 0.588971 0.424183 0.035294 0.061438