0 0.848162 0.013725 0.006618 0.016993
0 0.739338 0.141830 0.012500 0.040523
0 0.338235 0.073856 0.005882 0.032680
0 0.347794 0.070588 0.005882 0.033987
0 0.264706 0.150327 0.007353 0.036601
0 0.278309 0.148366 0.009559 0.037908
0 0.042279 0.149673 0.012500 0.040523
0 0.088971 0.088889 0.007353 0.031373
0 0.009559 0.114379 0.008824 0.037908
0 0.027574 0.130065 0.011029 0.043137
0 0.021324 0.101961 0.007353 0.028758
0 0.026838 0.098039 0.008088 0.036601
0 0.032353 0.094771 0.010294 0.037908
0 0.036029 0.092157 0.008824 0.035294
0 0.027206 0.090196 0.007353 0.039216
0 0.103309 0.486275 0.018382 0.060131
0 0.075735 0.737908 0.019118 0.066667
2 0.080515 0.853595 0.069853 0.180392
0 0.008456 0.939869 0.016912 0.065359
0 0.154779 0.816340 0.019853 0.071895
0 0.175000 0.803922 0.022059 0.075817
0 0.197059 0.788235 0.020588 0.073203