0 0.146875 0.876852 0.020833 0.064815
0 0.307292 0.581481 0.014583 0.040741
0 0.430729 0.500000 0.013542 0.037037
0 0.477083 0.543519 0.012500 0.038889
0 0.496354 0.537037 0.011458 0.037037
0 0.390104 0.475000 0.011458 0.035185
0 0.540625 0.381481 0.006250 0.022222
0 0.548438 0.354630 0.005208 0.024074
0 0.389062 0.364815 0.007292 0.025926
0 0.373437 0.364815 0.007292 0.025926
0 0.399479 0.349074 0.005208 0.020370
0 0.534375 0.318519 0.004167 0.018519
0 0.520833 0.314815 0.004167 0.014815
0 0.521354 0.310185 0.005208 0.016667
0 0.509896 0.312037 0.005208 0.020370
0 0.533333 0.280556 0.004167 0.016667
0 0.519792 0.280556 0.004167 0.016667
0 0.515625 0.253704 0.002083 0.014815
0 0.425000 0.301852 0.006250 0.014815
0 0.411458 0.304630 0.006250 0.020370
0 0.420833 0.278704 0.004167 0.016667
0 0.463542 0.254630 0.004167 0.012963
0 0.467708 0.245370 0.004167 0.012963
2 0.592187 0.538889 0.040625 0.059259
2 0.359896 0.429630 0.038542 0.051852
2 0.439063 0.380556 0.021875 0.035185
2 0.444271 0.346296 0.017708 0.029630
2 0.426042 0.335185 0.016667 0.029630
2 0.455729 0.323148 0.017708 0.027778
2 0.133333 0.335185 0.039583 0.025926
2 0.184896 0.327778 0.038542 0.025926
0 0.257292 0.455556 0.010417 0.040741
0 0.280729 0.406481 0.007292 0.035185
0 0.220312 0.525926 0.007292 0.029630
0 0.225521 0.514815 0.011458 0.033333
0 0.228646 0.489815 0.011458 0.035185
0 0.324479 0.409259 0.009375 0.029630
0 0.294271 0.387963 0.005208 0.031481
0 0.644792 0.757407 0.018750 0.055556
2 0.553646 0.284259 0.015625 0.027778
2 0.481771 0.174074 0.005208 0.007407
0 0.339583 0.359259 0.008333 0.022222