2 0.096094 0.777315 0.160938 0.158333
2 0.155990 0.893056 0.130729 0.180556
2 0.615365 0.420833 0.084896 0.060185
2 0.810156 0.326389 0.056771 0.050926
2 0.897396 0.250000 0.036458 0.040741
2 0.806510 0.281481 0.038021 0.046296
2 0.614323 0.340278 0.079687 0.049074
2 0.273438 0.446296 0.069792 0.077778
2 0.221875 0.473611 0.058333 0.089815
2 0.236979 0.332870 0.068750 0.065741
2 0.137240 0.299537 0.066146 0.058333
2 0.262500 0.277315 0.038542 0.049074
2 0.243229 0.236574 0.029167 0.045370
2 0.174479 0.157407 0.023958 0.035185
2 0.480990 0.426389 0.090104 0.060185
2 0.446354 0.487963 0.101042 0.075926
2 0.412240 0.568056 0.101562 0.108333
2 0.342708 0.548611 0.098958 0.106481
2 0.776563 0.268056 0.038542 0.043519
2 0.807813 0.244444 0.032292 0.048148
2 0.836719 0.254167 0.035937 0.049074
2 0.835677 0.224074 0.030729 0.042593
2 0.859375 0.231481 0.028125 0.048148
2 0.850781 0.208333 0.031771 0.037037
2 0.876042 0.217130 0.027083 0.047222
2 0.894531 0.201389 0.024479 0.036111
2 0.880729 0.182870 0.029167 0.036111
2 0.913281 0.181481 0.029687 0.037037
2 0.974479 0.141204 0.018750 0.032407
2 0.978906 0.130556 0.016146 0.027778
2 0.986979 0.111111 0.019792 0.029630
2 0.929427 0.141667 0.020313 0.029630
2 0.990104 0.221759 0.019792 0.036111
2 0.016927 0.293519 0.033854 0.048148
0 0.379688 0.360648 0.013542 0.054630
0 0.357552 0.269444 0.008854 0.044444
0 0.127865 0.502315 0.019271 0.071296
0 0.305990 0.840278 0.022396 0.099074
0 0.325260 0.825000 0.027604 0.098148
0 0.389323 0.847222 0.026562 0.098148
0 0.405469 0.836111 0.023438 0.092593
0 0.849219 0.756481 0.021354 0.094444
0 0.975521 0.422222 0.019792 0.059259
0 0.977083 0.346759 0.011458 0.047222
0 0.963542 0.336111 0.010417 0.046296
0 0.931771 0.522685 0.014583 0.067593
0 0.937240 0.617130 0.017188 0.082407
0 0.795573 0.606944 0.020313 0.054630
0 0.817448 0.540278 0.019271 0.052778
0 0.880990 0.404167 0.016146 0.045370
0 0.893229 0.311574 0.012500 0.034259
0 0.922656 0.311111 0.014063 0.037037
0 0.955469 0.310185 0.009896 0.033333
0 0.939844 0.257407 0.009896 0.029630
0 0.972917 0.256019 0.010417 0.032407
0 0.954688 0.230093 0.011458 0.025000
0 0.985417 0.197685 0.011458 0.019444
0 0.960938 0.275463 0.008333 0.032407
0 0.686198 0.271296 0.008854 0.033333
0 0.551302 0.370370 0.015104 0.048148
0 0.510417 0.369907 0.010417 0.034259
0 0.524219 0.289815 0.008854 0.040741
0 0.501302 0.381944 0.009896 0.041667
0 0.463802 0.343056 0.011979 0.052778
0 0.332552 0.438426 0.022396 0.062037
0 0.318750 0.620370 0.015625 0.074074
0 0.278906 0.587963 0.016146 0.059259
0 0.335156 0.695833 0.029687 0.067593
0 0.394531 0.681019 0.016146 0.078704
0 0.414583 0.615741 0.019792 0.075926
0 0.254688 0.667130 0.017708 0.076852
0 0.260677 0.862500 0.026562 0.102778
0 0.186198 0.509722 0.020313 0.052778
0 0.147656 0.448611 0.019271 0.063889
0 0.177344 0.362500 0.013021 0.045370
0 0.198177 0.370370 0.013021 0.050000
0 0.174740 0.233796 0.009896 0.037963
0 0.216146 0.156481 0.006250 0.022222
0 0.203906 0.150000 0.006771 0.022222
0 0.195833 0.152315 0.007292 0.021296
0 0.197396 0.137963 0.006250 0.024074
0 0.202865 0.133796 0.006771 0.028704
0 0.012240 0.419444 0.019271 0.064815
0 0.021615 0.356019 0.010937 0.056481
0 0.014583 0.347685 0.010417 0.056481
0 0.289844 0.675000 0.017188 0.075926
0 0.992969 0.266667 0.008854 0.027778
0 0.994010 0.260185 0.008854 0.033333
0 0.043229 0.254630 0.011458 0.046296
0 0.183854 0.118056 0.006250 0.030556
0 0.174740 0.117130 0.006771 0.032407
0 0.102344 0.241667 0.013021 0.025926
0 0.092188 0.244907 0.013542 0.026852
0 0.085417 0.244907 0.014583 0.026852
0 0.076823 0.246759 0.015104 0.026852
0 0.068229 0.250000 0.013542 0.027778
0 0.061719 0.251389 0.011979 0.032407
0 0.055469 0.252315 0.011979 0.030556
0 0.907552 0.151852 0.006771 0.022222
0 0.853906 0.180093 0.005729 0.023148
0 0.835156 0.188426 0.006771 0.026852
0 0.819271 0.191667 0.008333 0.027778
0 0.893490 0.150926 0.005729 0.029630
0 0.888281 0.150463 0.006771 0.026852
0 0.956250 0.096759 0.005208 0.023148
0 0.936198 0.115278 0.005729 0.025000
2 0.619531 0.221759 0.047396 0.036111
2 0.682031 0.187500 0.038021 0.047222
2 0.848698 0.147222 0.025521 0.024074
2 0.865104 0.136111 0.022917 0.022222
2 0.876823 0.129167 0.020313 0.019444
2 0.890104 0.121296 0.019792 0.022222
2 0.840365 0.108796 0.026562 0.025000
2 0.848437 0.101389 0.028125 0.021296
2 0.872656 0.094444 0.026562 0.024074
2 0.884375 0.085648 0.021875 0.021296
0 0.920312 0.303704 0.009375 0.035185
0 0.988021 0.195833 0.007292 0.032407
0 0.965104 0.205556 0.006250 0.029630