0 0.394271 0.504630 0.007292 0.024074
2 0.420833 0.975000 0.050000 0.050000
2 0.586458 0.411111 0.025000 0.040741
0 0.567708 0.416667 0.006250 0.022222
0 0.554688 0.413889 0.007292 0.020370
2 0.559375 0.239815 0.016667 0.027778
0 0.581250 0.251852 0.006250 0.011111
2 0.507292 0.152778 0.012500 0.016667
0 0.552604 0.202778 0.005208 0.012963
0 0.644271 0.241667 0.009375 0.027778
0 0.680208 0.312037 0.008333 0.024074
0 0.686979 0.314815 0.007292 0.025926
0 0.967187 0.268519 0.005208 0.014815
0 0.945833 0.256481 0.004167 0.016667
0 0.748958 0.517593 0.010417 0.035185