0 0.524632 0.509150 0.019853 0.043137
2 0.047794 0.770588 0.095588 0.087582
2 0.046324 0.654248 0.092647 0.071895
0 0.216912 0.672549 0.017647 0.058824
0 0.128309 0.575817 0.013971 0.048366
0 0.118750 0.562092 0.013971 0.060131
2 0.309559 0.392810 0.029412 0.058824
0 0.343015 0.301961 0.011029 0.031373
0 0.351838 0.303268 0.011029 0.031373
2 0.356985 0.242484 0.019853 0.030065
2 0.366912 0.215033 0.025000 0.030065
2 0.508088 0.339869 0.025000 0.047059
2 0.551838 0.283007 0.024265 0.048366
2 0.548529 0.261438 0.020588 0.028758
2 0.538603 0.233333 0.018382 0.030065
2 0.534191 0.208497 0.016912 0.024837
2 0.380515 0.183007 0.018382 0.028758
2 0.482721 0.115033 0.012500 0.023529
2 0.499632 0.085621 0.012500 0.019608
2 0.514338 0.139216 0.015441 0.019608
0 0.819853 0.587582 0.013235 0.043137
2 0.844853 0.509150 0.044118 0.056209
2 0.972059 0.544444 0.055882 0.064052
2 0.673529 0.394118 0.035294 0.045752
2 0.934559 0.618301 0.085294 0.062745
0 0.809559 0.643137 0.016176 0.052288
0 0.822059 0.639869 0.010294 0.053595
0 0.761765 0.617647 0.011765 0.048366
0 0.626103 0.539869 0.011029 0.044444
0 0.630147 0.532026 0.010294 0.044444
0 0.717279 0.542484 0.013971 0.044444
0 0.737500 0.528105 0.007353 0.028758
0 0.741912 0.547712 0.007353 0.028758
0 0.749265 0.578431 0.008824 0.030065
0 0.741544 0.576471 0.009559 0.033987
0 0.509926 0.166667 0.005147 0.009150
0 0.517279 0.213725 0.005147 0.011765
0 0.507353 0.184967 0.004412 0.011765
0 0.499265 0.107843 0.004412 0.009150
2 0.405147 0.098693 0.010294 0.016993
2 0.477941 0.079085 0.007353 0.011765
2 0.481985 0.072549 0.008088 0.011765
2 0.640441 0.313725 0.023529 0.028758
2 0.600735 0.238562 0.022059 0.027451
2 0.596324 0.226144 0.014706 0.023529
2 0.585662 0.200654 0.012500 0.019608
2 0.578309 0.191503 0.011029 0.022222
2 0.573529 0.179085 0.011765 0.020915
2 0.564338 0.156209 0.012500 0.016993
2 0.447794 0.072549 0.007353 0.014379
2 0.497794 0.065359 0.007353 0.010458
2 0.463603 0.064706 0.006618 0.011765
2 0.458456 0.062092 0.006618 0.009150