2 0.722426 0.430719 0.062500 0.061438
2 0.783456 0.389542 0.062500 0.062745
2 0.869853 0.358824 0.067647 0.053595
2 0.772426 0.302614 0.059559 0.050980
2 0.288971 0.767974 0.088235 0.132026
2 0.175368 0.589542 0.061029 0.086275
2 0.102941 0.620261 0.055882 0.095425
2 0.334559 0.944444 0.144118 0.111111
2 0.710662 0.343137 0.058088 0.058824
2 0.237868 0.275817 0.056618 0.044444
2 0.301838 0.260131 0.053676 0.047059
2 0.269118 0.221569 0.030882 0.056209
0 0.306618 0.362092 0.010294 0.047059
0 0.737868 0.365359 0.011029 0.043137
0 0.350735 0.792157 0.017647 0.081046
0 0.304412 0.836601 0.029412 0.073203
2 0.650735 0.369281 0.063235 0.061438
2 0.042279 0.099346 0.047794 0.026144
2 0.050000 0.075163 0.032353 0.024837
2 0.076471 0.066667 0.023529 0.028758
2 0.122059 0.129412 0.029412 0.028758
2 0.092647 0.117647 0.036765 0.023529
2 0.136765 0.100000 0.044118 0.024837
2 0.147794 0.068627 0.036765 0.024837
0 0.074632 0.092810 0.006618 0.028758
0 0.023529 0.115033 0.008824 0.028758
0 0.106618 0.075163 0.005882 0.024837
0 0.026471 0.062092 0.005882 0.027451
0 0.092279 0.084967 0.008088 0.023529
0 0.034559 0.135294 0.005882 0.016993
0 0.045588 0.132680 0.007353 0.016993
0 0.052574 0.129412 0.006618 0.015686
0 0.059926 0.130719 0.006618 0.015686
0 0.063971 0.130065 0.005882 0.016993
0 0.014338 0.145752 0.006618 0.014379
0 0.020588 0.143791 0.005882 0.015686
0 0.026838 0.143791 0.006618 0.015686
0 0.150735 0.115686 0.007353 0.030065
0 0.058824 0.468627 0.013235 0.048366
2 0.898529 0.201961 0.050000 0.040523
2 0.861397 0.200654 0.041912 0.045752
2 0.984191 0.221569 0.031618 0.035294
2 0.879044 0.101961 0.028676 0.023529
2 0.884926 0.067974 0.027206 0.023529