2 0.083088 0.623529 0.091176 0.086275
2 0.263971 0.528105 0.060294 0.062745
2 0.558088 0.492810 0.058824 0.047059
2 0.595588 0.537908 0.044118 0.053595
2 0.655882 0.493464 0.050000 0.045752
2 0.714706 0.519608 0.033824 0.048366
2 0.727941 0.579085 0.030882 0.054902
2 0.753309 0.524183 0.030147 0.052288
2 0.606618 0.900654 0.060294 0.122876
2 0.700735 0.893464 0.067647 0.116340
2 0.622426 0.786928 0.052206 0.099346
0 0.609191 0.818301 0.013971 0.057516
0 0.643015 0.930065 0.011029 0.087582
0 0.662132 0.894771 0.013971 0.069281
0 0.653676 0.901307 0.010294 0.050980
0 0.644118 0.884314 0.016176 0.061438
0 0.644485 0.860784 0.011029 0.056209
0 0.655882 0.868627 0.010294 0.045752
0 0.650735 0.847059 0.014706 0.062745
0 0.634559 0.832680 0.008824 0.033987
0 0.643382 0.811765 0.013235 0.060131
0 0.652941 0.816993 0.008824 0.044444
0 0.662500 0.825490 0.011765 0.058824
0 0.708824 0.830719 0.011765 0.061438
0 0.733824 0.820915 0.011765 0.060131
0 0.696691 0.803922 0.011029 0.057516
0 0.679779 0.872549 0.011029 0.064052
0 0.691544 0.851634 0.009559 0.045752
0 0.706618 0.567974 0.008824 0.043137
0 0.788235 0.505882 0.008824 0.039216
0 0.842647 0.719608 0.014706 0.058824
0 0.935294 0.786928 0.016176 0.062745
0 0.950368 0.787582 0.018382 0.061438
0 0.946691 0.769935 0.015441 0.067974
2 0.908824 0.766667 0.050000 0.087582
2 0.984559 0.798039 0.030882 0.092810
2 0.838235 0.476471 0.033824 0.040523
2 0.844118 0.400000 0.023529 0.039216
0 0.593750 0.289542 0.003676 0.016993
0 0.595588 0.289542 0.002941 0.016993
2 0.777206 0.336601 0.014706 0.024837
2 0.786765 0.323529 0.016176 0.022222
0 0.794118 0.325490 0.004412 0.020915
2 0.700735 0.255556 0.016176 0.019608
2 0.766176 0.243791 0.011765 0.014379
2 0.819485 0.145098 0.006618 0.007843
2 0.843015 0.135294 0.003676 0.006536
2 0.848529 0.137908 0.004412 0.006536