0 0.717187 0.500463 0.004167 0.023148
0 0.702083 0.495833 0.007292 0.028704
0 0.693490 0.454630 0.005729 0.027778
0 0.679427 0.417593 0.006771 0.027778
0 0.672135 0.443519 0.005729 0.022222
0 0.700260 0.414352 0.011979 0.023148
0 0.672396 0.332870 0.006250 0.023148
0 0.565104 0.654167 0.008333 0.043519
0 0.558333 0.660185 0.008333 0.042593
0 0.538802 0.864352 0.013021 0.039815
0 0.559375 0.878241 0.013542 0.050926
0 0.559375 0.889815 0.009375 0.033333
0 0.442448 0.945370 0.017188 0.061111
0 0.318750 0.888889 0.011458 0.055556
0 0.257812 0.657407 0.006250 0.044444
0 0.263021 0.639352 0.006250 0.036111
0 0.268229 0.634722 0.007292 0.039815
0 0.273438 0.633333 0.006250 0.035185
0 0.292708 0.687963 0.007292 0.042593
2 0.383073 0.669907 0.031771 0.076852
0 0.400000 0.937963 0.013542 0.053704
0 0.381510 0.929630 0.019271 0.055556
0 0.304948 0.551389 0.013021 0.030556
2 0.504687 0.301852 0.012500 0.024074
2 0.504948 0.332870 0.015104 0.026852
2 0.486198 0.327778 0.014063 0.025926
2 0.472135 0.384722 0.016146 0.032407
0 0.455208 0.535648 0.008333 0.028704
0 0.423438 0.549074 0.010417 0.031481
2 0.425260 0.515741 0.025521 0.050000
2 0.625000 0.240278 0.023958 0.019444
0 0.528906 0.475926 0.006771 0.031481
0 0.537760 0.476852 0.004687 0.033333
0 0.511198 0.502778 0.006771 0.025926
0 0.458854 0.453241 0.006250 0.026852
0 0.552083 0.495833 0.006250 0.030556
2 0.550260 0.461574 0.019271 0.034259
0 0.509896 0.437037 0.006250 0.024074
0 0.509375 0.437963 0.008333 0.020370
0 0.450000 0.346296 0.004167 0.024074
0 0.427083 0.401389 0.007292 0.019444
2 0.437760 0.350000 0.017188 0.025926
0 0.445312 0.378704 0.009375 0.025926
0 0.475000 0.300000 0.004167 0.018519
0 0.460156 0.315278 0.005729 0.017593
0 0.466146 0.327315 0.004167 0.019444
0 0.467187 0.314815 0.004167 0.016667