2 0.824479 0.399074 0.055208 0.035185
2 0.821875 0.383333 0.052083 0.029630
2 0.827083 0.379630 0.047917 0.033333
2 0.832812 0.375000 0.046875 0.031481
0 0.944792 0.450926 0.010417 0.016667
2 0.793750 0.329630 0.035417 0.033333
0 0.177604 0.761111 0.017708 0.070370
0 0.278646 0.559259 0.011458 0.040741
0 0.413542 0.575926 0.012500 0.044444
0 0.457813 0.575000 0.013542 0.042593
0 0.496875 0.531481 0.010417 0.033333
0 0.291146 0.444444 0.009375 0.037037
0 0.156250 0.559259 0.010417 0.033333
0 0.160938 0.551852 0.011458 0.040741
0 0.351562 0.394444 0.007292 0.025926
0 0.371354 0.412037 0.007292 0.024074
0 0.376563 0.389815 0.007292 0.027778
0 0.365104 0.373148 0.007292 0.024074
0 0.405208 0.371296 0.008333 0.024074
0 0.313021 0.365741 0.007292 0.031481
0 0.458333 0.349074 0.006250 0.020370
0 0.493229 0.339815 0.007292 0.020370
0 0.521354 0.367593 0.007292 0.031481
0 0.509375 0.407407 0.008333 0.033333
2 0.422396 0.483333 0.028125 0.062963
2 0.425521 0.416667 0.021875 0.025926
2 0.510417 0.455556 0.020833 0.044444
2 0.833333 0.327778 0.031250 0.025926
2 0.848958 0.325926 0.029167 0.025926
2 0.861458 0.322222 0.029167 0.025926
2 0.882812 0.319444 0.023958 0.027778
2 0.183854 0.415741 0.057292 0.035185
2 0.220312 0.331481 0.019792 0.029630
2 0.195833 0.338889 0.016667 0.029630
0 0.386458 0.337037 0.006250 0.022222
0 0.321875 0.433333 0.008333 0.037037
0 0.291667 0.406481 0.006250 0.027778
0 0.289062 0.402778 0.007292 0.031481
2 0.390104 0.299074 0.015625 0.024074
2 0.394792 0.291667 0.014583 0.024074
0 0.555208 0.309259 0.004167 0.018519
0 0.345313 0.336111 0.007292 0.020370
0 0.366667 0.294444 0.004167 0.018519
0 0.373958 0.294444 0.004167 0.018519
0 0.362500 0.321296 0.006250 0.024074
0 0.351562 0.321296 0.007292 0.024074
0 0.317708 0.323148 0.006250 0.020370
0 0.315625 0.341667 0.006250 0.024074
0 0.422917 0.313889 0.004167 0.016667
0 0.425000 0.314815 0.004167 0.011111
0 0.433854 0.316667 0.005208 0.014815
0 0.456250 0.323148 0.004167 0.016667
0 0.466667 0.311111 0.006250 0.014815
0 0.472396 0.332407 0.005208 0.020370
0 0.479167 0.323148 0.004167 0.012963
0 0.517188 0.331481 0.005208 0.014815
0 0.513021 0.321296 0.007292 0.016667
0 0.525521 0.322222 0.005208 0.014815
0 0.528125 0.325000 0.004167 0.012963
0 0.474479 0.250926 0.005208 0.012963
0 0.338542 0.315741 0.004167 0.016667