2 0.302941 0.865359 0.067647 0.135948
2 0.367647 0.809804 0.054412 0.142484
2 0.365074 0.669281 0.066912 0.112418
2 0.188603 0.868627 0.106618 0.092810
2 0.174632 0.800000 0.108088 0.086275
2 0.291912 0.630065 0.094118 0.067974
2 0.309191 0.576471 0.072794 0.052288
2 0.353309 0.547712 0.036029 0.075817
2 0.318382 0.505882 0.072059 0.083660
2 0.349265 0.447059 0.029412 0.073203
2 0.143750 0.700654 0.090441 0.117647
2 0.161397 0.643137 0.084559 0.078431
2 0.090809 0.602614 0.081618 0.081046
2 0.061029 0.559477 0.063235 0.067974
2 0.132353 0.432026 0.036765 0.056209
2 0.086765 0.447712 0.038235 0.064052
2 0.169853 0.430065 0.035294 0.078431
2 0.654412 0.941830 0.110294 0.082353
2 0.643750 0.860131 0.103676 0.086275
0 0.604412 0.800000 0.017647 0.052288
2 0.597426 0.741830 0.041912 0.105882
2 0.597426 0.650327 0.036029 0.082353
2 0.556618 0.607190 0.030882 0.079739
2 0.616176 0.569935 0.069118 0.054902
2 0.584559 0.522876 0.030882 0.060131
2 0.586397 0.460131 0.034559 0.060131
2 0.648897 0.467320 0.044853 0.082353
2 0.684191 0.452941 0.043382 0.077124
2 0.720221 0.452288 0.049265 0.070588
2 0.770221 0.451634 0.031618 0.053595
2 0.795956 0.424837 0.037500 0.044444
2 0.516544 0.337255 0.058088 0.052288
2 0.579779 0.341176 0.049265 0.039216
2 0.643015 0.343791 0.052206 0.039216
2 0.409926 0.315686 0.021324 0.040523
2 0.387868 0.328758 0.022794 0.045752
2 0.341544 0.309150 0.024265 0.050980
0 0.430882 0.722876 0.010294 0.033987
0 0.512500 0.635948 0.010294 0.032680
0 0.534926 0.486928 0.008088 0.035294
0 0.030882 0.326797 0.007353 0.036601
0 0.174265 0.273856 0.008824 0.035294
2 0.754412 0.361438 0.057353 0.053595
0 0.673529 0.298693 0.005882 0.022222
0 0.691912 0.301307 0.005882 0.019608