2 0.962240 0.880093 0.070312 0.099074
2 0.930469 0.830093 0.079687 0.076852
2 0.901042 0.769907 0.089583 0.084259
0 0.914844 0.604167 0.017188 0.049074
0 0.949479 0.652315 0.021875 0.050926
2 0.751563 0.487963 0.040625 0.046296
2 0.698698 0.477315 0.063021 0.050926
2 0.974479 0.291204 0.030208 0.019444
0 0.747917 0.355556 0.007292 0.020370
2 0.701042 0.267593 0.030208 0.024074
0 0.661198 0.270833 0.006771 0.017593
2 0.726042 0.260648 0.029167 0.017593
2 0.719271 0.256019 0.032292 0.017593
2 0.505729 0.252778 0.012500 0.022222
0 0.493750 0.267593 0.005208 0.020370
0 0.495312 0.262037 0.005208 0.022222
2 0.474479 0.203704 0.010417 0.016667
0 0.441667 0.256481 0.004167 0.016667
2 0.467187 0.169444 0.008333 0.014815
2 0.464062 0.138889 0.005208 0.009259
2 0.449740 0.145833 0.004687 0.012037