0 0.532721 0.780392 0.022794 0.104575
2 0.706618 0.656209 0.142647 0.164706
2 0.472426 0.577124 0.074265 0.111111
2 0.688603 0.830065 0.190441 0.154248
2 0.674265 0.527451 0.060294 0.111111
2 0.689706 0.391503 0.085294 0.069281
0 0.488971 0.577124 0.020588 0.037908
0 0.456250 0.557516 0.019853 0.037908
2 0.691176 0.334641 0.075000 0.060131
2 0.693015 0.292157 0.066912 0.058824
0 0.745221 0.461438 0.021324 0.067974
0 0.747794 0.437255 0.016176 0.074510
0 0.761029 0.460131 0.010294 0.028758
2 0.585294 0.249020 0.041176 0.066667
2 0.650735 0.260784 0.033824 0.061438
2 0.086765 0.271895 0.055882 0.060131
2 0.043015 0.281699 0.056618 0.061438
2 0.177206 0.224183 0.054412 0.056209
2 0.205515 0.157516 0.040441 0.043137
0 0.134926 0.186928 0.005147 0.013072
0 0.071691 0.179085 0.012500 0.026144
0 0.130147 0.130719 0.010294 0.036601
0 0.127206 0.122876 0.008824 0.033987
0 0.119853 0.124183 0.004412 0.033987
2 0.270221 0.111765 0.041912 0.032680
2 0.413235 0.124183 0.030882 0.039216
2 0.441912 0.105882 0.026471 0.033987
2 0.493015 0.105229 0.030147 0.040523
2 0.493015 0.055556 0.024265 0.027451
0 0.496691 0.062092 0.005147 0.022222
2 0.644118 0.093464 0.029412 0.064052
0 0.519118 0.050327 0.007353 0.019608
2 0.586397 0.051634 0.015441 0.019608
2 0.588235 0.029412 0.013235 0.016993
2 0.512868 0.038562 0.018382 0.024837
2 0.526103 0.025490 0.016912 0.019608
2 0.537500 0.017647 0.016176 0.019608
2 0.541912 0.009804 0.016176 0.019608
2 0.556985 0.005882 0.011029 0.011765