2 0.493750 0.031373 0.016912 0.062745
0 0.404412 0.007190 0.005882 0.014379
2 0.375000 0.016993 0.036765 0.033987
2 0.465441 0.077124 0.016176 0.060131
2 0.463971 0.309804 0.014706 0.062745
2 0.491544 0.333987 0.021324 0.066667
2 0.496324 0.410458 0.032353 0.057516
2 0.439706 0.434641 0.016176 0.069281
2 0.440074 0.545752 0.016912 0.061438
2 0.546324 0.561438 0.033824 0.037908
0 0.483456 0.103922 0.003676 0.016993
0 0.487500 0.105882 0.002941 0.013072
2 0.374265 0.072549 0.035294 0.032680
0 0.375735 0.086275 0.004412 0.013072
0 0.409191 0.159477 0.005147 0.013072
0 0.377206 0.154248 0.035294 0.023529
0 0.395956 0.177124 0.005147 0.014379
0 0.395588 0.160784 0.004412 0.013072
0 0.401838 0.226797 0.003676 0.009150
0 0.479412 0.167320 0.005882 0.015686
0 0.478676 0.218301 0.004412 0.013072
0 0.422794 0.239216 0.005882 0.018301
2 0.405515 0.341830 0.013971 0.064052
2 0.541544 0.447712 0.036029 0.035294
2 0.539338 0.507190 0.037500 0.044444
2 0.443015 0.680392 0.015441 0.066667
2 0.379044 0.583007 0.030147 0.033987
0 0.323162 0.289542 0.008088 0.009150
0 0.342647 0.281046 0.004412 0.013072
0 0.346691 0.275163 0.005147 0.011765
0 0.421691 0.652288 0.005147 0.013072
2 0.410294 0.803268 0.017647 0.066667
2 0.447059 0.860131 0.016176 0.065359
0 0.540809 0.673203 0.005147 0.013072
0 0.551471 0.685621 0.005882 0.009150
0 0.517647 0.792810 0.005882 0.011765
2 0.661029 0.822222 0.036765 0.031373
0 0.640074 0.852288 0.006618 0.013072
2 0.730882 0.779739 0.023529 0.050980
2 0.769853 0.792810 0.035294 0.058824
2 0.797794 0.786275 0.032353 0.056209
2 0.867279 0.773856 0.016912 0.065359
2 0.937132 0.788889 0.022794 0.061438
2 0.960294 0.782353 0.026471 0.064052
2 0.745221 0.926797 0.031618 0.031373
2 0.673897 0.933987 0.040441 0.027451
2 0.837868 0.925490 0.034559 0.039216
2 0.837868 0.963399 0.030147 0.028758
2 0.943015 0.922876 0.037500 0.041830
2 0.979779 0.926797 0.024265 0.028758
0 0.950000 0.953595 0.005882 0.009150
0 0.837132 0.842484 0.008088 0.009150
0 0.813235 0.860784 0.007353 0.011765
0 0.802206 0.839216 0.008824 0.007843
0 0.794118 0.830719 0.007353 0.009150
0 0.790441 0.838562 0.007353 0.009150
0 0.791544 0.845098 0.008088 0.011765
0 0.528309 0.901307 0.005147 0.011765
0 0.508456 0.837255 0.005147 0.011765
0 0.506250 0.845752 0.005147 0.010458
2 0.503309 0.962745 0.013971 0.071895
0 0.357353 0.982353 0.005882 0.014379
2 0.304779 0.970588 0.034559 0.058824
0 0.308824 0.994771 0.005882 0.007843
2 0.214706 0.913725 0.036765 0.026144
2 0.233456 0.975163 0.033088 0.049673
2 0.202206 0.979085 0.032353 0.041830
2 0.170588 0.983007 0.032353 0.033987
2 0.114706 0.977778 0.020588 0.044444