2 0.636029 0.950327 0.092647 0.099346
2 0.670221 0.813725 0.075735 0.121569
2 0.493015 0.845098 0.061029 0.155556
2 0.416912 0.841176 0.060294 0.166013
0 0.335294 0.943791 0.023529 0.086275
0 0.316912 0.951634 0.013235 0.081046
0 0.294853 0.960131 0.017647 0.079739
0 0.258824 0.966013 0.020588 0.067974
2 0.564706 0.737255 0.058824 0.096732
0 0.729412 0.649020 0.011765 0.064052
0 0.731618 0.624837 0.013235 0.052288
2 0.469485 0.697386 0.046324 0.105882
2 0.405882 0.656863 0.042647 0.092810
2 0.461397 0.603268 0.041912 0.090196
0 0.526471 0.515686 0.010294 0.027451
0 0.588603 0.509804 0.009559 0.023529
0 0.586397 0.488889 0.008088 0.036601
0 0.573162 0.492157 0.011029 0.043137
0 0.566176 0.464706 0.008824 0.048366
0 0.555147 0.500654 0.011765 0.036601
2 0.476471 0.454902 0.030882 0.044444
2 0.592279 0.438562 0.055147 0.037908
0 0.590809 0.389542 0.006618 0.031373
0 0.602574 0.391503 0.009559 0.035294
0 0.543015 0.430719 0.006618 0.024837
0 0.513235 0.437255 0.008824 0.037908
2 0.515809 0.422876 0.046324 0.045752
2 0.436397 0.430719 0.025735 0.045752
2 0.426103 0.367974 0.021324 0.035294
2 0.451103 0.328105 0.016912 0.028758
0 0.497794 0.371895 0.007353 0.027451
2 0.535294 0.347712 0.036765 0.028758
2 0.529779 0.337908 0.034559 0.024837
2 0.520221 0.318954 0.043382 0.028758
0 0.570221 0.301307 0.005147 0.024837
0 0.563971 0.297386 0.004412 0.024837
0 0.559926 0.289542 0.005147 0.024837
0 0.562868 0.287582 0.005147 0.028758
0 0.501103 0.288889 0.003676 0.023529
2 0.381985 0.313072 0.019853 0.027451
2 0.439338 0.284967 0.015441 0.026144
2 0.428309 0.251634 0.011029 0.016993
0 0.399632 0.280392 0.003676 0.014379
0 0.402941 0.277778 0.005882 0.019608
0 0.485662 0.264052 0.003676 0.020915
2 0.421691 0.226797 0.011029 0.016993
2 0.410294 0.220915 0.023529 0.018301
2 0.434926 0.222222 0.011029 0.015686
0 0.447794 0.222222 0.004412 0.015686
2 0.333824 0.228758 0.025000 0.018301
2 0.363235 0.225490 0.023529 0.014379
2 0.397794 0.218954 0.014706 0.016993
2 0.412868 0.209150 0.009559 0.013072
2 0.390441 0.194118 0.010294 0.014379
2 0.396324 0.188235 0.007353 0.010458
2 0.411397 0.182353 0.008088 0.011765
0 0.969118 0.780392 0.011765 0.057516
0 0.439338 0.200654 0.003676 0.014379
0 0.433824 0.197386 0.002941 0.010458
2 0.391176 0.162745 0.007353 0.011765