2 0.433594 0.933796 0.060937 0.132407
2 0.181771 0.829630 0.080208 0.135185
2 0.295052 0.506481 0.040104 0.053704
2 0.365104 0.461111 0.051042 0.044444
2 0.387240 0.429167 0.049479 0.043519
2 0.774479 0.596296 0.075000 0.070370
2 0.664062 0.514352 0.064583 0.049074
2 0.523958 0.467130 0.056250 0.049074
2 0.433333 0.379167 0.027083 0.032407
2 0.217708 0.432870 0.048958 0.045370
2 0.238281 0.417130 0.041146 0.049074
2 0.250521 0.401389 0.037500 0.030556
2 0.128385 0.331944 0.028646 0.028704
2 0.071094 0.335648 0.017188 0.032407
0 0.686458 0.897222 0.013542 0.068519
0 0.696875 0.908333 0.014583 0.037037
0 0.466927 0.416204 0.006771 0.023148
0 0.484635 0.411111 0.008854 0.027778
0 0.490104 0.415741 0.008333 0.020370
0 0.318229 0.343981 0.007292 0.021296
0 0.310156 0.342593 0.005729 0.025926
0 0.317708 0.298611 0.005208 0.015741
2 0.420312 0.254167 0.014583 0.017593
2 0.389062 0.321296 0.017708 0.031481
2 0.394792 0.306481 0.014583 0.024074
2 0.382812 0.294444 0.013542 0.022222
2 0.386198 0.281019 0.014063 0.023148
2 0.376823 0.268981 0.013021 0.019444
2 0.372656 0.257870 0.011979 0.017593
2 0.366667 0.249537 0.010417 0.019444
2 0.374219 0.242593 0.011979 0.016667
2 0.344792 0.217130 0.011458 0.013889
2 0.339583 0.229630 0.010417 0.018519
2 0.342708 0.240741 0.011458 0.016667
2 0.352604 0.247222 0.011458 0.016667
0 0.382552 0.191667 0.003646 0.011111
0 0.419531 0.205556 0.002604 0.014815
0 0.180469 0.350000 0.005729 0.020370
2 0.307031 0.187963 0.010937 0.014815
2 0.871094 0.315278 0.020313 0.026852
2 0.877344 0.326389 0.022396 0.026852
2 0.889062 0.342593 0.025000 0.029630