2 0.162500 0.500654 0.030882 0.031373
2 0.225368 0.396078 0.025735 0.031373
2 0.310662 0.848366 0.030147 0.041830
2 0.181985 0.347712 0.013971 0.028758
2 0.148897 0.434641 0.024265 0.027451
2 0.249632 0.301961 0.024265 0.020915
2 0.301103 0.301961 0.024265 0.026144
2 0.334559 0.421569 0.022059 0.027451
2 0.322059 0.372549 0.025000 0.023529
2 0.219118 0.366667 0.023529 0.027451
2 0.266176 0.437908 0.025000 0.026144
2 0.262868 0.413725 0.025735 0.027451
2 0.259559 0.365359 0.023529 0.019608
2 0.315809 0.353595 0.024265 0.030065
2 0.255515 0.333333 0.027206 0.020915
2 0.258088 0.347712 0.025000 0.020915
2 0.163603 0.524837 0.028676 0.032680
2 0.477574 0.331373 0.015441 0.035294
2 0.459926 0.283007 0.015441 0.032680
2 0.441912 0.229412 0.014706 0.032680
2 0.525000 0.483660 0.019118 0.039216
2 0.543750 0.532680 0.016912 0.040523
2 0.558456 0.578431 0.019853 0.040523
2 0.577574 0.628758 0.019853 0.044444
2 0.595221 0.684314 0.019853 0.050980
2 0.625000 0.708497 0.022059 0.047059
2 0.606985 0.656863 0.022794 0.050980
2 0.639706 0.813725 0.023529 0.053595
2 0.616912 0.751634 0.023529 0.049673
2 0.683088 0.878431 0.023529 0.054902
2 0.707721 0.940523 0.025735 0.056209
2 0.680147 0.950980 0.025000 0.056209
2 0.665441 0.817647 0.025000 0.056209
2 0.644118 0.758170 0.022059 0.060131
2 0.586765 0.595425 0.020588 0.045752
2 0.529412 0.433333 0.019118 0.037908
2 0.694118 0.303922 0.020588 0.032680
2 0.427574 0.174510 0.015441 0.030065
2 0.394118 0.107190 0.013235 0.028758
2 0.409926 0.084314 0.012500 0.030065
2 0.515074 0.386928 0.015441 0.033987
2 0.500368 0.348366 0.016912 0.035294
2 0.489706 0.312418 0.014706 0.033987
0 0.396691 0.049673 0.005147 0.015686
2 0.386029 0.069281 0.013235 0.028758
2 0.397426 0.067974 0.012500 0.026144
2 0.370956 0.058170 0.012500 0.022222
2 0.856250 0.771895 0.028676 0.069281
2 0.279412 0.656863 0.029412 0.035294
2 0.290809 0.722222 0.030147 0.035294
2 0.294853 0.748366 0.027941 0.032680
0 0.309559 0.904575 0.008824 0.020915
0 0.308824 0.503922 0.004412 0.016993
0 0.305147 0.500654 0.004412 0.015686
0 0.298529 0.521569 0.004412 0.010458
0 0.304412 0.517647 0.005882 0.015686
0 0.364338 0.803922 0.005147 0.015686
0 0.351838 0.805229 0.005147 0.015686
0 0.357721 0.800000 0.003676 0.015686
0 0.403676 0.732026 0.005882 0.023529
0 0.410294 0.728105 0.004412 0.020915
0 0.381985 0.633333 0.003676 0.016993
0 0.231250 0.435948 0.006618 0.016993
0 0.362132 0.981046 0.005147 0.009150
0 0.366544 0.981699 0.003676 0.010458
2 0.216912 0.793464 0.032353 0.033987
2 0.224265 0.818954 0.032353 0.032680
2 0.326103 0.897386 0.031618 0.035294
2 0.331250 0.926144 0.034559 0.037908
2 0.211765 0.759477 0.033824 0.033987
2 0.322059 0.702614 0.027941 0.032680
2 0.297426 0.567320 0.030147 0.036601
2 0.208088 0.733333 0.032353 0.033987
2 0.303676 0.614379 0.027941 0.028758
2 0.306618 0.634641 0.025000 0.032680
2 0.311029 0.654902 0.026471 0.031373
2 0.316912 0.677124 0.026471 0.028758
2 0.222426 0.853595 0.031618 0.033987
2 0.242279 0.939216 0.034559 0.040523
2 0.332353 0.748366 0.029412 0.030065
2 0.339338 0.771895 0.028676 0.035294
2 0.338971 0.796732 0.029412 0.032680
2 0.349265 0.822876 0.030882 0.035294
2 0.351471 0.852941 0.030882 0.035294
2 0.361397 0.876471 0.030147 0.037908
2 0.338971 0.955556 0.033824 0.044444
2 0.343015 0.979085 0.036029 0.036601
2 0.260662 0.992810 0.027206 0.014379
2 0.351838 0.992810 0.027206 0.014379
2 0.386765 0.984314 0.032353 0.031373
2 0.282721 0.498693 0.025735 0.027451
2 0.291544 0.515686 0.025735 0.027451
2 0.358456 0.527451 0.024265 0.030065
2 0.358456 0.505882 0.024265 0.023529
2 0.359191 0.550327 0.024265 0.026144
2 0.373162 0.571242 0.027206 0.028758
2 0.379044 0.594771 0.028676 0.028758
2 0.385294 0.619608 0.026471 0.031373
2 0.390074 0.643137 0.027206 0.031373
2 0.395221 0.665359 0.027206 0.031373
2 0.401103 0.690850 0.031618 0.032680
2 0.402574 0.720915 0.028676 0.032680
2 0.415809 0.744444 0.027206 0.032680
2 0.421691 0.766013 0.030147 0.033987
2 0.425368 0.794118 0.028676 0.037908
2 0.432721 0.824183 0.028676 0.037908
2 0.438235 0.856209 0.026471 0.049673
2 0.444485 0.879739 0.028676 0.047059
2 0.458088 0.907190 0.022059 0.049673