0 0.241927 0.978241 0.019271 0.043519
0 0.440885 0.667130 0.008854 0.026852
0 0.502083 0.682407 0.007292 0.025926
0 0.451302 0.581019 0.006771 0.017593
0 0.447656 0.539815 0.005729 0.016667
0 0.451042 0.454167 0.005208 0.013889
0 0.479687 0.475463 0.005208 0.013889
0 0.473177 0.447685 0.003646 0.013889
0 0.516927 0.539815 0.003646 0.012963
0 0.462500 0.522685 0.005208 0.013889
0 0.431510 0.643519 0.009896 0.025926
0 0.514062 0.698611 0.008333 0.021296
0 0.514062 0.690278 0.010417 0.028704
0 0.431771 0.639815 0.008333 0.027778
0 0.462500 0.521759 0.005208 0.015741
0 0.462760 0.463426 0.005729 0.015741
0 0.462760 0.464815 0.003646 0.020370
0 0.463281 0.423611 0.004687 0.012037
0 0.453646 0.413889 0.005208 0.007407
0 0.503646 0.547222 0.005208 0.014815
0 0.431510 0.723611 0.007812 0.015741
0 0.425000 0.918519 0.014583 0.042593
0 0.433333 0.915741 0.013542 0.046296
0 0.442708 0.917130 0.015625 0.052778
0 0.431510 0.534722 0.007812 0.017593
0 0.519271 0.897685 0.010417 0.030556
0 0.518229 0.883333 0.011458 0.033333
0 0.414323 0.690741 0.008854 0.022222
2 0.472396 0.691667 0.028125 0.070370
2 0.557031 0.717593 0.031771 0.079630
2 0.553385 0.661111 0.027604 0.057407
0 0.526042 0.684259 0.008333 0.046296
0 0.533073 0.684259 0.007812 0.038889
0 0.523438 0.592593 0.008333 0.035185
2 0.470833 0.499074 0.018750 0.038889
0 0.436198 0.460648 0.005729 0.025000
0 0.442188 0.457870 0.006250 0.026852
2 0.683073 0.428241 0.038021 0.030556
2 0.542448 0.529630 0.025521 0.033333
2 0.539844 0.494444 0.025521 0.033333
2 0.539323 0.459259 0.025521 0.033333
0 0.666406 0.464352 0.005729 0.023148
0 0.721615 0.489352 0.006771 0.025000
2 0.349740 0.766667 0.049479 0.087037
2 0.657031 0.841667 0.035937 0.066667
0 0.646094 0.808333 0.007812 0.025926
2 0.574479 0.884722 0.037500 0.097222