2 0.559896 0.818519 0.048958 0.137037
2 0.565625 0.649074 0.041667 0.116667
2 0.510938 0.502778 0.034375 0.057407
2 0.468229 0.423148 0.028125 0.042593
2 0.558854 0.438889 0.026042 0.048148
2 0.557292 0.396296 0.020833 0.037037
2 0.560417 0.325000 0.020833 0.035185
2 0.556771 0.273148 0.017708 0.020370
2 0.511979 0.262037 0.013542 0.024074
0 0.434896 0.660185 0.013542 0.057407
0 0.549479 0.584259 0.013542 0.050000
2 0.446354 0.519444 0.036458 0.072222
2 0.428646 0.595370 0.042708 0.098148
0 0.511979 0.329630 0.007292 0.037037
2 0.493229 0.346296 0.023958 0.040741
2 0.494792 0.312037 0.020833 0.024074
2 0.515104 0.250000 0.013542 0.022222
2 0.513542 0.228704 0.010417 0.016667
0 0.586979 0.189815 0.007292 0.016667
0 0.574479 0.175000 0.003125 0.012963
0 0.571354 0.175000 0.003125 0.016667
0 0.847396 0.286111 0.009375 0.020370