2 0.568750 0.919608 0.041912 0.118954
2 0.722059 0.691503 0.042647 0.083660
2 0.473897 0.713072 0.033088 0.092810
0 0.299265 0.850327 0.013235 0.030065
2 0.755882 0.430065 0.045588 0.044444
0 0.609559 0.469281 0.008824 0.020915
2 0.508088 0.430719 0.025000 0.053595
2 0.462500 0.379739 0.023529 0.045752
2 0.413603 0.342484 0.019853 0.052288
2 0.458456 0.300654 0.019853 0.039216
2 0.627574 0.316340 0.038971 0.036601
0 0.668382 0.157516 0.005882 0.016993
0 0.659926 0.157516 0.005147 0.016993
0 0.636029 0.090196 0.002941 0.020915
2 0.580147 0.145098 0.026471 0.023529
0 0.543750 0.138562 0.005147 0.013072
2 0.410294 0.184967 0.017647 0.035294
2 0.590074 0.035294 0.025735 0.018301
2 0.563235 0.019608 0.023529 0.018301
0 0.560294 0.027451 0.004412 0.015686
2 0.526103 0.035294 0.012500 0.020915
0 0.505882 0.026144 0.004412 0.010458
0 0.507721 0.012418 0.003676 0.009150
0 0.502574 0.008497 0.003676 0.009150
0 0.517279 0.088889 0.003676 0.010458
2 0.277941 0.290850 0.023529 0.048366
0 0.466912 0.073203 0.004412 0.013072
0 0.467279 0.045098 0.003676 0.011765
0 0.235662 0.355556 0.006618 0.031373
0 0.326838 0.170588 0.003676 0.022222
0 0.330147 0.161438 0.004412 0.019608
0 0.318015 0.192810 0.003676 0.022222
2 0.326838 0.094771 0.015441 0.024837
2 0.333824 0.074510 0.013235 0.023529
2 0.350735 0.013072 0.011765 0.018301
0 0.363235 0.012418 0.002941 0.009150
2 0.115441 0.101307 0.022059 0.027451
0 0.151471 0.129412 0.005882 0.023529
0 0.150735 0.120261 0.004412 0.020915
0 0.179779 0.084314 0.005147 0.022222
2 0.201103 0.086928 0.031618 0.024837
2 0.226838 0.058824 0.013971 0.020915
0 0.221691 0.035294 0.005147 0.013072
0 0.225735 0.022876 0.002941 0.014379
0 0.218750 0.012418 0.002206 0.009150
0 0.226838 0.016993 0.003676 0.018301
0 0.234926 0.020915 0.003676 0.010458
0 0.776103 0.748366 0.018382 0.043137