2 0.221354 0.975926 0.059375 0.048148
2 0.764844 0.921759 0.074479 0.062037
2 0.673958 0.798148 0.060417 0.031481
2 0.673438 0.960648 0.057292 0.073148
2 0.577604 0.765741 0.026042 0.033333
2 0.563542 0.815741 0.029167 0.046296
2 0.544792 0.779167 0.020833 0.034259
2 0.534375 0.749074 0.019792 0.031481
2 0.492448 0.760185 0.022396 0.033333
2 0.488281 0.835185 0.033854 0.053704
2 0.476302 0.693056 0.017188 0.025000
2 0.522135 0.706944 0.017188 0.025000
2 0.531771 0.727315 0.018750 0.025000
2 0.508333 0.687500 0.028125 0.021296
2 0.459635 0.597685 0.006771 0.012037
2 0.419792 0.639352 0.010417 0.015741
0 0.513281 0.811111 0.006771 0.029630
0 0.503646 0.702315 0.004167 0.013889
0 0.491146 0.698611 0.004167 0.013889
0 0.481250 0.648611 0.003125 0.012037
2 0.503646 0.662500 0.012500 0.015741
2 0.359635 0.719907 0.022396 0.032407
2 0.367448 0.702315 0.017188 0.023148
0 0.304688 0.902315 0.010417 0.037963
0 0.380469 0.725000 0.005729 0.016667
0 0.389323 0.712963 0.005729 0.016667
0 0.397135 0.666204 0.005729 0.013889
0 0.440365 0.653704 0.003646 0.011111
0 0.425000 0.643519 0.002083 0.007407
0 0.406771 0.640278 0.003125 0.013889
0 0.382552 0.690741 0.003646 0.012963
0 0.423698 0.623611 0.003646 0.010185
0 0.419271 0.623148 0.003125 0.009259
0 0.416406 0.629167 0.003646 0.010185
0 0.465104 0.606481 0.003125 0.011111
2 0.363021 0.666667 0.013542 0.018519
2 0.352865 0.684259 0.013021 0.018519
0 0.214844 0.901852 0.008854 0.033333
2 0.129167 0.921759 0.033333 0.062037