2 0.369853 0.186928 0.008824 0.007843
2 0.361765 0.187582 0.008824 0.009150
2 0.347059 0.194771 0.005882 0.007843
2 0.288235 0.196732 0.004412 0.006536
2 0.341544 0.249020 0.008088 0.011765
2 0.358456 0.247059 0.006618 0.010458
2 0.407353 0.267974 0.007353 0.010458
2 0.377941 0.228105 0.005882 0.009150
2 0.380147 0.234641 0.005882 0.009150
2 0.386765 0.240523 0.007353 0.010458
2 0.389338 0.249673 0.006618 0.010458
2 0.402574 0.215033 0.005147 0.006536
2 0.404044 0.219608 0.003676 0.007843
2 0.424265 0.246405 0.007353 0.009150
2 0.435662 0.252288 0.008088 0.010458
2 0.433456 0.247712 0.008088 0.011765
2 0.438603 0.265359 0.008088 0.013072
2 0.445588 0.270588 0.008824 0.010458
2 0.456985 0.269281 0.006618 0.010458
0 0.466912 0.282353 0.002941 0.013072
0 0.469485 0.282353 0.003676 0.013072
2 0.485662 0.271242 0.015441 0.009150
2 0.476471 0.260131 0.007353 0.010458
0 0.480147 0.260784 0.001471 0.011765
0 0.483456 0.260131 0.002206 0.010458
2 0.039338 0.362092 0.021324 0.018301
2 0.041176 0.507843 0.042647 0.027451
2 0.029412 0.535948 0.039706 0.026144
2 0.031250 0.521569 0.047794 0.023529
2 0.004412 0.399346 0.008824 0.024837
2 0.020221 0.550327 0.040441 0.028758
2 0.176103 0.725490 0.030147 0.057516
2 0.250735 0.318301 0.010294 0.014379
2 0.227574 0.397386 0.015441 0.023529
2 0.216544 0.428758 0.016912 0.026144
2 0.234926 0.436601 0.016912 0.026144
0 0.248897 0.446405 0.005147 0.016993
0 0.227941 0.529412 0.005882 0.020915
0 0.187132 0.466013 0.006618 0.022222
2 0.489706 0.571242 0.022059 0.031373
2 0.474632 0.426144 0.016912 0.020915
2 0.485294 0.442484 0.016176 0.022222
2 0.501103 0.479085 0.018382 0.024837
2 0.513603 0.509804 0.019853 0.026144
2 0.520588 0.532026 0.017647 0.028758
2 0.512868 0.422876 0.016912 0.022222
2 0.525368 0.443791 0.019853 0.024837
2 0.534926 0.467320 0.021324 0.024837
2 0.544853 0.554902 0.025000 0.030065
2 0.556985 0.580392 0.031618 0.031373
2 0.555515 0.501307 0.019853 0.027451
2 0.568015 0.523529 0.027206 0.035294
2 0.582721 0.558824 0.025735 0.032680
2 0.575000 0.615686 0.036765 0.039216
2 0.579412 0.650327 0.027941 0.043137
2 0.548529 0.423529 0.017647 0.020915
2 0.604779 0.593464 0.027206 0.033987
2 0.623897 0.633333 0.031618 0.037908
2 0.611029 0.668627 0.035294 0.040523
2 0.611765 0.754248 0.035294 0.057516
2 0.660662 0.698693 0.036029 0.043137
2 0.694118 0.762745 0.042647 0.056209
2 0.699632 0.851634 0.047794 0.069281
2 0.677574 0.907190 0.049265 0.078431
2 0.754044 0.868627 0.052206 0.074510
2 0.743382 0.933333 0.057353 0.083660
2 0.700735 0.976471 0.051471 0.047059
2 0.808456 0.963399 0.062500 0.073203
2 0.843382 0.892810 0.060294 0.081046
2 0.786397 0.807190 0.050735 0.069281
2 0.741912 0.733333 0.042647 0.052288
2 0.745956 0.654902 0.034559 0.041830
2 0.653309 0.515033 0.024265 0.031373
2 0.609191 0.458170 0.022794 0.024837