2 0.893229 0.229630 0.053125 0.037037
2 0.881250 0.246296 0.052083 0.037037
2 0.783333 0.237963 0.050000 0.038889
0 0.737500 0.226852 0.008333 0.027778
0 0.702604 0.224074 0.007292 0.029630
2 0.696875 0.013889 0.014583 0.024074
0 0.643750 0.059259 0.004167 0.022222
0 0.715625 0.134259 0.008333 0.027778
0 0.707292 0.130556 0.006250 0.020370
0 0.698438 0.131481 0.007292 0.025926
2 0.618229 0.025926 0.015625 0.022222
2 0.548958 0.008333 0.012500 0.016667
0 0.505729 0.014815 0.003125 0.014815
2 0.582292 0.071296 0.014583 0.027778
2 0.550521 0.103704 0.015625 0.029630
2 0.607812 0.118519 0.013542 0.029630
0 0.456771 0.026852 0.005208 0.027778
2 0.161979 0.241667 0.023958 0.061111
2 0.607292 0.420370 0.035417 0.059259
2 0.556250 0.449074 0.027083 0.068519
2 0.502604 0.486111 0.032292 0.083333
2 0.421875 0.255556 0.027083 0.048148
2 0.383333 0.425000 0.035417 0.068519
2 0.458333 0.765741 0.050000 0.138889
0 0.416146 0.599074 0.007292 0.038889
2 0.147917 0.316667 0.054167 0.051852
2 0.240625 0.650000 0.060417 0.114815
0 0.596354 0.221296 0.007292 0.020370