0 0.418750 0.941667 0.022917 0.064815
0 0.418750 0.920370 0.027083 0.074074
0 0.519792 0.851852 0.014583 0.048148
0 0.517188 0.829630 0.017708 0.055556
0 0.386458 0.699074 0.018750 0.072222
0 0.345833 0.618519 0.012500 0.033333
0 0.352604 0.605556 0.013542 0.048148
0 0.294792 0.719444 0.016667 0.064815
0 0.186458 0.818519 0.037500 0.081481
0 0.200521 0.800000 0.015625 0.085185
0 0.271875 0.671296 0.016667 0.068519
0 0.342708 0.542593 0.012500 0.055556
0 0.300000 0.533333 0.010417 0.048148
0 0.391146 0.483333 0.009375 0.048148
0 0.595313 0.705556 0.017708 0.077778
0 0.575521 0.694444 0.015625 0.085185
0 0.611979 0.686111 0.009375 0.053704
0 0.630729 0.675926 0.023958 0.070370
0 0.647917 0.644444 0.018750 0.062963
0 0.610417 0.662963 0.008333 0.048148
0 0.597396 0.661111 0.017708 0.062963
0 0.556771 0.643519 0.013542 0.064815
0 0.475000 0.517593 0.014583 0.035185
0 0.497396 0.466667 0.009375 0.044444
0 0.590104 0.616667 0.011458 0.040741
0 0.740104 0.610185 0.011458 0.072222
0 0.752604 0.577778 0.013542 0.044444
2 0.668750 0.538889 0.093750 0.074074
0 0.584375 0.447222 0.010417 0.038889
0 0.569271 0.449074 0.009375 0.046296
0 0.556771 0.453704 0.007292 0.037037
0 0.555208 0.389815 0.006250 0.035185
0 0.516667 0.416667 0.008333 0.037037
0 0.502604 0.404630 0.007292 0.024074
0 0.507812 0.401852 0.007292 0.025926
0 0.541146 0.447222 0.007292 0.038889
0 0.548958 0.441667 0.008333 0.027778
0 0.552604 0.437037 0.007292 0.033333
0 0.558854 0.337963 0.007292 0.024074
0 0.569271 0.282407 0.005208 0.020370
0 0.493229 0.318519 0.005208 0.022222
0 0.578125 0.268519 0.006250 0.018519
0 0.536458 0.284259 0.006250 0.020370