2 0.963603 0.424837 0.072794 0.101961
0 0.951471 0.547059 0.023529 0.064052
0 0.935662 0.549020 0.024265 0.060131
2 0.839706 0.547712 0.101471 0.128105
0 0.810662 0.479085 0.019853 0.053595
0 0.700735 0.476471 0.020588 0.064052
2 0.663235 0.368627 0.073529 0.091503
2 0.524632 0.249020 0.069853 0.087582
2 0.481250 0.190850 0.058088 0.075817
2 0.445221 0.148366 0.061029 0.061438
2 0.426838 0.117647 0.056618 0.057516
2 0.369853 0.146405 0.048529 0.062745
0 0.254779 0.046405 0.008088 0.032680
2 0.276471 0.039869 0.045588 0.053595
2 0.359559 0.060784 0.058824 0.056209
2 0.246691 0.239216 0.059559 0.086275
2 0.375000 0.428758 0.076471 0.130719
2 0.520956 0.656863 0.105147 0.160784
0 0.498897 0.769935 0.022794 0.088889
0 0.506985 0.817647 0.024265 0.077124
0 0.511765 0.783660 0.016176 0.050980
0 0.434926 0.933333 0.022794 0.065359
0 0.388971 0.805229 0.023529 0.075817
2 0.261765 0.407190 0.076471 0.113725
2 0.143750 0.077124 0.046324 0.065359
2 0.068750 0.039869 0.040441 0.061438
2 0.131618 0.520261 0.069118 0.130719
0 0.093750 0.107190 0.013971 0.039216
0 0.047426 0.279739 0.013971 0.049673
0 0.037132 0.277778 0.019853 0.061438
2 0.024632 0.160131 0.049265 0.077124
0 0.149265 0.732026 0.022059 0.073203
0 0.381985 0.624837 0.018382 0.057516
0 0.385662 0.718301 0.021324 0.079739
0 0.352206 0.683660 0.019118 0.062745