2 0.439844 0.504630 0.005729 0.011111
2 0.480469 0.516204 0.009896 0.013889
2 0.484896 0.527778 0.010417 0.016667
0 0.490885 0.513889 0.003646 0.009259
0 0.493490 0.532870 0.003646 0.012037
0 0.521094 0.552778 0.004687 0.018519
2 0.537760 0.555093 0.015104 0.021296
2 0.478125 0.562963 0.013542 0.018519
0 0.498958 0.565741 0.005208 0.016667
0 0.527604 0.586574 0.006250 0.017593
2 0.584896 0.694444 0.032292 0.038889
0 0.625521 0.740741 0.011458 0.035185
0 0.658333 0.786574 0.015625 0.043519
0 0.723177 0.825926 0.019271 0.057407
2 0.814583 0.821759 0.083333 0.065741
2 0.771875 0.740278 0.042708 0.086111
2 0.713802 0.738426 0.076563 0.063889
0 0.676562 0.704167 0.006250 0.043519
0 0.671875 0.688889 0.008333 0.029630
0 0.642448 0.693519 0.008854 0.031481
0 0.625000 0.660648 0.007292 0.025000
2 0.714844 0.939352 0.070312 0.093519
0 0.590625 0.777778 0.013542 0.038889
0 0.597656 0.784722 0.005729 0.030556
0 0.500781 0.756019 0.013021 0.047222
0 0.490104 0.742130 0.011458 0.043519
0 0.415625 0.764352 0.010417 0.041667
0 0.366927 0.822685 0.013021 0.050926
0 0.327865 0.902778 0.011979 0.044444
0 0.337500 0.898148 0.013542 0.051852
0 0.330729 0.925463 0.018750 0.052778
2 0.277604 0.901389 0.060417 0.093519
2 0.300260 0.807407 0.034896 0.077778
2 0.358073 0.675463 0.019271 0.041667
0 0.417969 0.651389 0.007812 0.028704
0 0.393750 0.614815 0.006250 0.025926
2 0.420312 0.617593 0.018750 0.031481
0 0.400781 0.631944 0.006771 0.023148
0 0.445833 0.613426 0.005208 0.019444
2 0.451042 0.593981 0.017708 0.026852
0 0.429167 0.586574 0.006250 0.019444
0 0.405729 0.594907 0.005208 0.019444
0 0.453646 0.564815 0.005208 0.018519
0 0.438281 0.532407 0.004687 0.012963
2 0.446094 0.537963 0.009896 0.016667
2 0.452604 0.531019 0.011458 0.017593
0 0.423438 0.521296 0.004167 0.011111
2 0.253385 0.798148 0.045312 0.087037
2 0.305990 0.706944 0.039062 0.060185
2 0.393750 0.512500 0.014583 0.019444