2 0.513021 0.133333 0.003125 0.007407
2 0.507292 0.137963 0.008333 0.009259
2 0.551562 0.158333 0.009375 0.009259
2 0.528646 0.177778 0.007292 0.011111
2 0.536979 0.187963 0.005208 0.012963
2 0.507812 0.170370 0.007292 0.007407
2 0.506250 0.179630 0.006250 0.011111
2 0.492188 0.175000 0.007292 0.009259
2 0.485417 0.192593 0.006250 0.011111
2 0.480208 0.206481 0.006250 0.012963
2 0.530208 0.233333 0.008333 0.014815
2 0.554688 0.230556 0.007292 0.012963
2 0.555208 0.248148 0.014583 0.014815
0 0.544792 0.246296 0.004167 0.011111
2 0.556771 0.266667 0.009375 0.014815
2 0.468750 0.232407 0.006250 0.012963
0 0.471354 0.228704 0.003125 0.012963
0 0.474479 0.235185 0.003125 0.014815
2 0.464583 0.253704 0.008333 0.014815
2 0.420312 0.226852 0.009375 0.012963
2 0.445312 0.294444 0.013542 0.022222
2 0.433854 0.329630 0.015625 0.025926
0 0.429688 0.364815 0.005208 0.022222
2 0.516146 0.386111 0.015625 0.027778
0 0.314583 0.389815 0.006250 0.024074
0 0.291667 0.386111 0.006250 0.024074
0 0.365104 0.448148 0.007292 0.029630
0 0.353125 0.470370 0.006250 0.029630
0 0.348958 0.476852 0.006250 0.027778
2 0.378125 0.468519 0.022917 0.044444
2 0.333854 0.581481 0.032292 0.059259
0 0.320312 0.754630 0.015625 0.031481
0 0.411979 0.595370 0.007292 0.027778
2 0.450521 0.485185 0.023958 0.048148
2 0.499479 0.524074 0.021875 0.044444
2 0.576042 0.498148 0.020833 0.040741
2 0.580208 0.538889 0.025000 0.040741
0 0.586979 0.536111 0.005208 0.027778
2 0.603646 0.857407 0.023958 0.070370
0 0.906771 0.821296 0.011458 0.050000
0 0.900521 0.805556 0.009375 0.037037
0 0.685417 0.878704 0.010417 0.042593
0 0.867188 0.749074 0.015625 0.027778
0 0.823958 0.720370 0.008333 0.044444
0 0.811458 0.715741 0.010417 0.035185
2 0.765104 0.592593 0.038542 0.033333
0 0.626563 0.539815 0.007292 0.035185
2 0.637500 0.433333 0.039583 0.025926
2 0.641146 0.420370 0.038542 0.025926
2 0.640625 0.291667 0.018750 0.020370
0 0.628646 0.309259 0.005208 0.014815
0 0.678125 0.329630 0.006250 0.014815