0 0.029167 0.805556 0.011458 0.050000
0 0.021875 0.755556 0.012500 0.048148
2 0.084896 0.875000 0.070833 0.118519
2 0.281510 0.743056 0.042188 0.089815
2 0.350781 0.790278 0.039062 0.097222
2 0.438542 0.962500 0.047917 0.071296
2 0.511719 0.928241 0.051562 0.115741
2 0.444271 0.860185 0.044792 0.107407
2 0.440104 0.745833 0.040625 0.073148
2 0.550781 0.730093 0.045312 0.084259
2 0.490625 0.697222 0.038542 0.083333
2 0.435156 0.668519 0.034896 0.062963
2 0.530729 0.643519 0.041667 0.070370
2 0.483073 0.623148 0.032813 0.051852
2 0.430990 0.607870 0.029687 0.052778
2 0.521875 0.587037 0.031250 0.048148
2 0.471875 0.569907 0.032292 0.049074
2 0.427083 0.562963 0.028125 0.042593
2 0.353385 0.612037 0.032813 0.059259
2 0.237760 0.524537 0.030729 0.050926
2 0.501563 0.535648 0.026042 0.041667
2 0.422917 0.518519 0.025000 0.037037
0 0.768750 0.965278 0.015625 0.065741
0 0.774479 0.943519 0.012500 0.062963
0 0.835677 0.875000 0.014063 0.048148
0 0.866927 0.851852 0.014063 0.064815
0 0.879167 0.846296 0.011458 0.064815
2 0.785677 0.725000 0.050521 0.077778
0 0.674479 0.735185 0.014583 0.046296
0 0.133333 0.508796 0.009375 0.026852
2 0.089844 0.520370 0.038021 0.038889
0 0.104167 0.511574 0.009375 0.021296
2 0.099219 0.461574 0.027604 0.037963
0 0.151302 0.445370 0.007812 0.029630
2 0.215104 0.435648 0.028125 0.037963
2 0.327083 0.383796 0.015625 0.028704
0 0.173177 0.436574 0.005729 0.025000
0 0.192448 0.434722 0.006771 0.021296
2 0.086719 0.399537 0.030729 0.043519
0 0.213802 0.368519 0.005729 0.016667
0 0.214323 0.358796 0.004687 0.019444
0 0.193490 0.299074 0.003646 0.016667
0 0.188021 0.297222 0.004167 0.011111
0 0.216406 0.283333 0.003646 0.011111
0 0.281771 0.322685 0.005208 0.017593
0 0.273177 0.314815 0.003646 0.018519
0 0.298958 0.318519 0.004167 0.016667
0 0.311458 0.320833 0.004167 0.015741
0 0.314063 0.320370 0.003125 0.012963
0 0.330990 0.291204 0.003646 0.012037
0 0.354687 0.317593 0.005208 0.014815
2 0.324740 0.287963 0.025521 0.014815
2 0.355729 0.289352 0.025000 0.015741
2 0.352604 0.282870 0.023958 0.013889
0 0.420833 0.310648 0.004167 0.015741
0 0.424219 0.309722 0.004687 0.015741
0 0.440365 0.325463 0.005729 0.015741
0 0.261979 0.287963 0.004167 0.012963
2 0.445833 0.457407 0.027083 0.033333
2 0.490104 0.502315 0.023958 0.039815
2 0.481771 0.470370 0.020833 0.033333
2 0.415104 0.487963 0.022917 0.035185
2 0.411198 0.456481 0.020313 0.033333
2 0.406510 0.426852 0.019271 0.025926
2 0.401562 0.408333 0.017708 0.029630
2 0.394792 0.390278 0.018750 0.025000
2 0.393490 0.373611 0.017188 0.023148
2 0.389062 0.360648 0.015625 0.023148
2 0.385156 0.347685 0.014063 0.021296
2 0.381250 0.335648 0.013542 0.019444
2 0.434375 0.433333 0.021875 0.029630
2 0.428125 0.411111 0.018750 0.025926
2 0.421354 0.394444 0.016667 0.022222
2 0.418229 0.377778 0.015625 0.022222
2 0.410938 0.362037 0.016667 0.022222
2 0.403385 0.345833 0.016146 0.023148
2 0.471615 0.448148 0.018229 0.025926
2 0.463281 0.431481 0.020313 0.025926
2 0.453125 0.411574 0.019792 0.026852
2 0.446354 0.395370 0.016667 0.025926
2 0.439063 0.378241 0.018750 0.023148
2 0.434635 0.361574 0.017188 0.017593
2 0.424740 0.345833 0.015104 0.021296
2 0.497135 0.442130 0.023438 0.030556
2 0.469271 0.389352 0.016667 0.023148
2 0.459896 0.372685 0.016667 0.023148
2 0.451302 0.357407 0.014063 0.022222
2 0.442708 0.344907 0.015625 0.021296
2 0.385156 0.276389 0.011979 0.015741
2 0.369792 0.269444 0.009375 0.012963
2 0.386719 0.259722 0.007812 0.013889
2 0.378906 0.249074 0.008854 0.009259
2 0.366667 0.243056 0.008333 0.010185
2 0.364323 0.233333 0.006771 0.011111