0 0.024265 0.826144 0.023529 0.081046
0 0.006618 0.807843 0.013235 0.057516
2 0.065441 0.866667 0.022059 0.088889
2 0.330882 0.899346 0.064706 0.201307
2 0.341912 0.718954 0.058824 0.154248
2 0.108088 0.671895 0.041176 0.052288
2 0.359559 0.556863 0.044118 0.109804
2 0.258824 0.335294 0.063235 0.064052
2 0.351838 0.407190 0.069853 0.079739
2 0.386029 0.354902 0.032353 0.066667
2 0.387868 0.281046 0.047794 0.057516
2 0.294853 0.250980 0.048529 0.052288
2 0.375000 0.241176 0.035294 0.061438
2 0.396691 0.195425 0.022794 0.045752
0 0.356250 0.077124 0.005147 0.031373
0 0.973897 0.976471 0.030147 0.047059
2 0.701838 0.837908 0.077206 0.169935
2 0.556250 0.671242 0.050735 0.113725
2 0.466544 0.489542 0.040441 0.103268
0 0.691544 0.637255 0.012500 0.061438
0 0.734559 0.373203 0.008824 0.035294
0 0.736029 0.371895 0.013235 0.043137
0 0.740441 0.372549 0.013235 0.041830
0 0.719485 0.286928 0.006618 0.040523
0 0.676103 0.361438 0.011029 0.048366
0 0.638971 0.335948 0.005882 0.031373
0 0.636029 0.332026 0.008824 0.039216
0 0.555515 0.361438 0.011029 0.043137
2 0.563971 0.301961 0.030882 0.052288
0 0.534559 0.276471 0.007353 0.043137
2 0.396691 0.120915 0.018382 0.035294
2 0.381985 0.096732 0.043382 0.028758
2 0.402941 0.065359 0.014706 0.028758
2 0.433456 0.043791 0.013971 0.027451
2 0.393750 0.024837 0.022794 0.023529
0 0.428676 0.005229 0.004412 0.010458
2 0.612132 0.264052 0.063971 0.044444
2 0.605882 0.245752 0.052941 0.041830
0 0.633456 0.216340 0.006618 0.030065
0 0.644853 0.216993 0.005882 0.033987
0 0.653676 0.179739 0.004412 0.019608
2 0.583824 0.182353 0.050000 0.032680
2 0.542647 0.207843 0.026471 0.041830
2 0.582353 0.135948 0.029412 0.039216
2 0.572794 0.154248 0.048529 0.039216
2 0.530147 0.167320 0.023529 0.039216
2 0.524265 0.144444 0.020588 0.032680
0 0.498897 0.168627 0.008088 0.026144
2 0.466912 0.083660 0.017647 0.028758
2 0.458456 0.041176 0.015441 0.027451
2 0.453309 0.018301 0.013971 0.023529
0 0.466912 0.011111 0.004412 0.014379
2 0.510662 0.100654 0.019853 0.033987
2 0.506985 0.084314 0.018382 0.027451
0 0.485294 0.059477 0.004412 0.019608
0 0.481985 0.037255 0.005147 0.022222
2 0.500000 0.055556 0.016176 0.027451
2 0.491176 0.028105 0.013235 0.022222
2 0.479044 0.010458 0.013971 0.020915
2 0.489338 0.005882 0.012500 0.011765
2 0.509191 0.006536 0.022794 0.013072
2 0.515809 0.028105 0.024265 0.024837