2 0.491667 0.183333 0.006250 0.011111
2 0.489583 0.191667 0.006250 0.012963
2 0.484375 0.193519 0.006250 0.012963
2 0.475521 0.198148 0.007292 0.014815
0 0.465104 0.198148 0.003125 0.007407
0 0.470833 0.200926 0.004167 0.009259
0 0.246875 0.740741 0.014583 0.055556
0 0.347396 0.433333 0.009375 0.029630
0 0.389583 0.436111 0.008333 0.020370
2 0.436458 0.437963 0.027083 0.050000
0 0.414583 0.350926 0.006250 0.024074
0 0.479167 0.253704 0.004167 0.018519
0 0.483333 0.259259 0.004167 0.014815
0 0.461979 0.229630 0.003125 0.011111
0 0.459375 0.248148 0.004167 0.011111
0 0.439583 0.264815 0.004167 0.011111
0 0.448958 0.258333 0.004167 0.009259
0 0.445833 0.256481 0.004167 0.016667
0 0.453646 0.216667 0.003125 0.011111
0 0.429688 0.250926 0.005208 0.016667
0 0.448437 0.241667 0.003125 0.009259
0 0.447917 0.229630 0.004167 0.014815
0 0.456771 0.217593 0.003125 0.012963
0 0.512500 0.347222 0.006250 0.020370
0 0.533854 0.379630 0.005208 0.018519
0 0.540625 0.361111 0.006250 0.022222
0 0.550000 0.364815 0.004167 0.018519
0 0.559896 0.368519 0.007292 0.029630
0 0.534896 0.211111 0.003125 0.011111
0 0.532292 0.232407 0.004167 0.012963
0 0.543229 0.234259 0.003125 0.012963
0 0.552604 0.312037 0.005208 0.016667
2 0.548438 0.302778 0.017708 0.024074
0 0.551042 0.267593 0.004167 0.012963
0 0.544792 0.275000 0.004167 0.012963
0 0.534375 0.259259 0.002083 0.011111
0 0.720833 0.636111 0.014583 0.072222