2 0.697059 0.624183 0.061765 0.118954
2 0.655515 0.516340 0.069853 0.088889
2 0.587132 0.420915 0.034559 0.086275
2 0.651471 0.384967 0.070588 0.069281
2 0.550368 0.300654 0.043382 0.052288
2 0.517647 0.243791 0.035294 0.053595
2 0.483088 0.162745 0.026471 0.032680
2 0.408088 0.111111 0.020588 0.033987
2 0.256985 0.070588 0.034559 0.026144
2 0.432353 0.054902 0.017647 0.026144
2 0.419853 0.026797 0.016176 0.022222
2 0.266544 0.043791 0.034559 0.024837
2 0.342279 0.204575 0.041912 0.050980
2 0.335662 0.181046 0.025735 0.048366
2 0.332353 0.154248 0.022059 0.049673
2 0.331250 0.124183 0.019853 0.044444
2 0.318015 0.088235 0.034559 0.035294
2 0.333088 0.076471 0.016176 0.035294
2 0.461765 0.041176 0.035294 0.024837
2 0.288603 0.428758 0.088971 0.091503
0 0.927574 0.709150 0.019853 0.077124
0 0.654779 0.638562 0.013971 0.082353
0 0.639706 0.653595 0.008824 0.047059
0 0.625735 0.645098 0.017647 0.074510
0 0.561765 0.364052 0.011765 0.056209
0 0.780515 0.447712 0.013971 0.056209
0 0.475000 0.205229 0.007353 0.039216
0 0.354044 0.085621 0.008088 0.032680
0 0.256250 0.116993 0.008088 0.037908
0 0.204779 0.393464 0.012500 0.057516
0 0.231250 0.057516 0.006618 0.023529
0 0.205147 0.167320 0.010294 0.036601
0 0.487132 0.444444 0.012500 0.044444
0 0.521691 0.451634 0.012500 0.048366
0 0.601471 0.663399 0.017647 0.058824
0 0.419853 0.587582 0.014706 0.053595
0 0.531618 0.371895 0.007353 0.056209
0 0.524265 0.373203 0.011765 0.053595
0 0.396691 0.224837 0.009559 0.033987
0 0.412500 0.344444 0.011765 0.050980
0 0.623529 0.247059 0.008824 0.047059
0 0.616176 0.224837 0.008824 0.039216
0 0.717647 0.333333 0.019118 0.054902
0 0.740074 0.317647 0.012500 0.057516
0 0.664706 0.342484 0.008824 0.052288
0 0.659191 0.332026 0.011029 0.049673
0 0.245588 0.209150 0.007353 0.039216
0 0.240441 0.213072 0.008824 0.031373
0 0.257353 0.203922 0.013235 0.044444
0 0.188971 0.287582 0.008824 0.044444
0 0.190441 0.285621 0.010294 0.045752
0 0.187132 0.391503 0.009559 0.030065
0 0.199632 0.391503 0.013971 0.032680
0 0.182353 0.392810 0.010294 0.024837
0 0.166176 0.766013 0.022059 0.049673
0 0.817279 0.378431 0.008088 0.043137
0 0.563603 0.160131 0.006618 0.035294
0 0.555515 0.170588 0.006618 0.032680
0 0.576471 0.138562 0.007353 0.031373
0 0.584191 0.137908 0.009559 0.035294
0 0.486397 0.054248 0.005147 0.032680
0 0.478309 0.054902 0.005147 0.026144
0 0.470588 0.011765 0.004412 0.020915
0 0.599265 0.171895 0.007353 0.024837
2 0.359191 0.011111 0.015441 0.022222
2 0.411765 0.011111 0.016176 0.019608
0 0.412868 0.086275 0.006618 0.033987
0 0.345588 0.013072 0.005882 0.018301
0 0.334191 0.009150 0.003676 0.018301
2 0.437500 0.009150 0.026471 0.018301