0 0.262500 0.769444 0.033333 0.075926
0 0.700000 0.942593 0.025000 0.070370
0 0.655729 0.823148 0.030208 0.075926
0 0.675000 0.783333 0.022917 0.055556
0 0.807813 0.857407 0.015625 0.062963
0 0.794271 0.829630 0.013542 0.037037
0 0.793750 0.784259 0.027083 0.098148
0 0.663021 0.679630 0.019792 0.088889
0 0.593229 0.637037 0.021875 0.062963
0 0.569271 0.574074 0.011458 0.059259
0 0.605729 0.562037 0.013542 0.068519
0 0.545312 0.570370 0.013542 0.062963
0 0.533854 0.537037 0.017708 0.051852
0 0.923438 0.837037 0.034375 0.070370
0 0.957292 0.858333 0.043750 0.075926
0 0.966146 0.829630 0.030208 0.055556
0 0.934375 0.810185 0.025000 0.061111
0 0.456771 0.478704 0.013542 0.050000
0 0.505208 0.396296 0.008333 0.037037
0 0.452604 0.337963 0.007292 0.031481
0 0.458333 0.303704 0.008333 0.022222
0 0.491667 0.293519 0.008333 0.024074
0 0.493750 0.270370 0.004167 0.018519
0 0.403646 0.495370 0.011458 0.050000
0 0.413542 0.473148 0.010417 0.053704
0 0.420312 0.511111 0.013542 0.051852
0 0.346354 0.512037 0.011458 0.038889
0 0.438021 0.416667 0.009375 0.037037
2 0.358333 0.318519 0.037500 0.033333
0 0.372917 0.482407 0.012500 0.042593
0 0.510938 0.292593 0.003125 0.022222
0 0.500000 0.291667 0.008333 0.024074
2 0.559896 0.275000 0.032292 0.027778
0 0.510938 0.275926 0.005208 0.022222
0 0.469271 0.257407 0.005208 0.014815