2 0.379044 0.966667 0.066912 0.066667
2 0.349632 0.867974 0.062500 0.120261
2 0.263971 0.924837 0.064706 0.142484
2 0.227206 0.788889 0.052941 0.113725
2 0.312868 0.746405 0.056618 0.101961
2 0.278309 0.654248 0.052206 0.084967
2 0.201471 0.671242 0.050000 0.098039
2 0.180515 0.583660 0.041912 0.069281
2 0.247426 0.571895 0.043382 0.074510
2 0.167279 0.503268 0.036029 0.057516
2 0.212500 0.441176 0.032353 0.048366
2 0.155882 0.443791 0.035294 0.056209
2 0.182721 0.351634 0.027206 0.036601
2 0.139706 0.388235 0.030882 0.044444
2 0.136029 0.343137 0.027941 0.037908
2 0.118750 0.295425 0.027206 0.041830
2 0.146691 0.256863 0.019853 0.030065
2 0.106250 0.249020 0.021324 0.035294
2 0.095221 0.206536 0.019853 0.028758
2 0.123897 0.192810 0.018382 0.027451
2 0.084191 0.142484 0.015441 0.020915
2 0.061397 0.049020 0.009559 0.014379
2 0.059559 0.040523 0.010294 0.015686
2 0.059926 0.024183 0.009559 0.011765
2 0.060294 0.028758 0.007353 0.015686
2 0.075368 0.005229 0.011029 0.010458
2 0.081250 0.063399 0.009559 0.014379
2 0.079412 0.055556 0.010294 0.014379
2 0.079779 0.048366 0.009559 0.013072
2 0.075735 0.035948 0.008824 0.014379
2 0.076838 0.028758 0.009559 0.013072
2 0.075368 0.014379 0.009559 0.013072