2 0.140625 0.921759 0.078125 0.121296
2 0.226042 0.892130 0.063542 0.117593
2 0.316406 0.828241 0.048438 0.087963
2 0.349219 0.728241 0.042188 0.075000
2 0.544271 0.756481 0.030208 0.057407
0 0.511719 0.734722 0.005729 0.039815
0 0.523177 0.722222 0.007812 0.048148
2 0.544792 0.681481 0.028125 0.062963
2 0.545833 0.618981 0.026042 0.050926
2 0.541406 0.524074 0.018229 0.037037
2 0.541667 0.492593 0.012500 0.024074
2 0.538542 0.464815 0.015625 0.035185
2 0.538802 0.438889 0.014063 0.022222
2 0.538802 0.424074 0.013021 0.018519
2 0.535937 0.408333 0.013542 0.025926
2 0.536719 0.391204 0.010937 0.019444
2 0.288802 0.548611 0.033854 0.047222
0 0.258073 0.594444 0.008854 0.018519
2 0.489844 0.394907 0.013021 0.019444
2 0.528385 0.317593 0.013021 0.020370
2 0.522917 0.311111 0.008333 0.014815
2 0.521094 0.290741 0.007812 0.011111
2 0.515104 0.277778 0.007292 0.011111
2 0.515885 0.265741 0.006771 0.011111
2 0.514583 0.260648 0.006250 0.008333
2 0.466927 0.255556 0.008854 0.014815
2 0.471354 0.229167 0.008333 0.015741
2 0.489063 0.187963 0.004167 0.005556
2 0.482812 0.176852 0.003125 0.005556