2 0.847059 0.827451 0.123529 0.120261
0 0.931985 0.971242 0.016912 0.049673
0 0.778309 0.511765 0.015441 0.066667
0 0.716544 0.528105 0.012500 0.057516
0 0.730882 0.511765 0.010294 0.043137
2 0.670221 0.599346 0.063971 0.134641
2 0.640809 0.488235 0.056618 0.108497
2 0.622794 0.390850 0.048529 0.096732
2 0.606985 0.290850 0.040441 0.079739
2 0.588235 0.213072 0.039706 0.060131
2 0.543750 0.126797 0.040441 0.054902
2 0.565809 0.096078 0.031618 0.048366
2 0.542647 0.056863 0.042647 0.048366
2 0.546691 0.022876 0.025735 0.040523
2 0.475000 0.090850 0.027941 0.053595
2 0.465074 0.035294 0.024265 0.041830
2 0.395956 0.020261 0.024265 0.040523
2 0.216176 0.915033 0.079412 0.169935
2 0.087500 0.919608 0.136765 0.158170
2 0.138235 0.745098 0.130882 0.175163
0 0.255515 0.473203 0.015441 0.060131
0 0.257721 0.345752 0.013971 0.056209
2 0.297426 0.412418 0.044853 0.113725
2 0.306618 0.316340 0.042647 0.091503
2 0.319118 0.218954 0.038235 0.092810
2 0.327941 0.165359 0.032353 0.069281
2 0.336397 0.101307 0.030147 0.071895
2 0.344853 0.062745 0.025000 0.052288
2 0.350368 0.022222 0.025735 0.044444
0 0.369485 0.014379 0.006618 0.028758
0 0.374265 0.015033 0.005882 0.030065
0 0.751103 0.377778 0.012500 0.057516
0 0.759926 0.385621 0.013971 0.054902
0 0.706985 0.290196 0.012500 0.033987
0 0.672794 0.460131 0.011765 0.052288
0 0.668750 0.452941 0.011029 0.045752
0 0.671691 0.185621 0.009559 0.023529
0 0.670221 0.180392 0.011029 0.026144
0 0.505147 0.016993 0.007353 0.028758
0 0.505515 0.015686 0.008088 0.031373