2 0.023897 0.530065 0.046324 0.098039
0 0.018015 0.584967 0.018382 0.064052
0 0.029412 0.586275 0.020588 0.066667
0 0.036397 0.560784 0.019853 0.065359
2 0.110294 0.586275 0.119118 0.087582
2 0.194853 0.520261 0.066176 0.094118
0 0.176103 0.367974 0.012500 0.045752
0 0.187500 0.367974 0.011765 0.030065
2 0.238603 0.377778 0.037500 0.070588
0 0.722426 0.916993 0.021324 0.079739
0 0.713971 0.891503 0.027941 0.081046
0 0.797059 0.901307 0.025000 0.056209
0 0.763603 0.843137 0.021324 0.065359
2 0.795588 0.520915 0.057353 0.084967
0 0.674632 0.543137 0.012500 0.061438
0 0.688971 0.524837 0.016176 0.045752
0 0.606250 0.407843 0.011029 0.023529
0 0.576103 0.373856 0.012500 0.047059
0 0.575000 0.367974 0.010294 0.045752
2 0.646691 0.351634 0.066912 0.054902
0 0.572059 0.330719 0.008824 0.044444
0 0.577574 0.317647 0.009559 0.041830
2 0.633456 0.264052 0.030147 0.057516
2 0.569485 0.277124 0.030147 0.054902
0 0.568750 0.217647 0.006618 0.035294
2 0.603309 0.195425 0.044853 0.035294
2 0.539338 0.258824 0.030147 0.044444
2 0.548162 0.215033 0.025735 0.035294
2 0.553309 0.183660 0.022794 0.043137
2 0.548529 0.161438 0.019118 0.032680
0 0.523529 0.158824 0.007353 0.035294
0 0.530147 0.159477 0.007353 0.036601
0 0.425000 0.709150 0.020588 0.066667
0 0.431618 0.520261 0.013235 0.049673
0 0.433824 0.516340 0.011765 0.047059
2 0.367647 0.508497 0.047059 0.096732
2 0.413603 0.436601 0.038971 0.083660
2 0.373897 0.377124 0.046324 0.100654
0 0.411029 0.367974 0.011765 0.056209
0 0.466544 0.307190 0.012500 0.047059
0 0.516544 0.324183 0.009559 0.039216
0 0.538971 0.306536 0.008824 0.037908
2 0.390441 0.283007 0.032353 0.064052
2 0.418382 0.322222 0.032353 0.061438
2 0.400000 0.239216 0.027941 0.060131
2 0.406618 0.204575 0.023529 0.043137
2 0.409926 0.173203 0.024265 0.043137
2 0.419485 0.118954 0.021324 0.033987
2 0.427574 0.083007 0.015441 0.027451
2 0.431250 0.049673 0.016912 0.023529
2 0.433088 0.037255 0.016176 0.022222
0 0.438603 0.075817 0.005147 0.023529
0 0.441912 0.079739 0.004412 0.018301
0 0.444853 0.075163 0.005882 0.022222
0 0.492279 0.093464 0.008088 0.022222
0 0.513971 0.083660 0.005882 0.023529
0 0.522059 0.094771 0.005882 0.027451
0 0.527206 0.092810 0.004412 0.020915
0 0.538603 0.083007 0.005147 0.024837
2 0.531250 0.077124 0.013971 0.023529
0 0.519853 0.083007 0.004412 0.022222
2 0.503309 0.054248 0.019853 0.022222
2 0.491176 0.045098 0.016176 0.024837
2 0.490074 0.030719 0.015441 0.019608
2 0.489338 0.011111 0.012500 0.019608
0 0.512500 0.018301 0.004412 0.020915
0 0.475735 0.030065 0.004412 0.018301