2 0.183456 0.741830 0.140441 0.113725
2 0.145588 0.856863 0.160294 0.134641
2 0.302941 0.389542 0.085294 0.065359
2 0.339706 0.046405 0.051471 0.035294
2 0.345588 0.030719 0.036765 0.030065
2 0.349632 0.020915 0.047794 0.036601
0 0.406618 0.045752 0.008824 0.020915
0 0.477941 0.144444 0.005882 0.043137
0 0.470221 0.137908 0.008088 0.022222
2 0.454779 0.107843 0.027206 0.050980
2 0.466176 0.140523 0.051471 0.053595
2 0.516912 0.071895 0.023529 0.047059
2 0.573162 0.120261 0.025735 0.049673
0 0.554412 0.047712 0.007353 0.027451
0 0.570956 0.056863 0.008088 0.027451
2 0.657353 0.075817 0.045588 0.033987
2 0.500735 0.225490 0.033824 0.071895
2 0.554044 0.274510 0.031618 0.062745
0 0.606985 0.152941 0.006618 0.039216
0 0.614338 0.154902 0.006618 0.040523
0 0.583088 0.210458 0.005882 0.020915
0 0.583824 0.200654 0.008824 0.030065
2 0.553309 0.397386 0.037500 0.083660
0 0.627574 0.436601 0.011029 0.057516
2 0.546691 0.586928 0.046324 0.120261
2 0.720956 0.514379 0.058088 0.142484
2 0.776103 0.759477 0.083088 0.172549
2 0.860294 0.774510 0.086765 0.166013
2 0.939338 0.763399 0.094853 0.135948
2 0.979044 0.751634 0.041912 0.151634
2 0.970221 0.575163 0.059559 0.151634
2 0.926838 0.584314 0.087500 0.146405
2 0.866544 0.593464 0.074265 0.135948
2 0.800735 0.588889 0.073529 0.121569
2 0.969853 0.162745 0.051471 0.053595
2 0.910294 0.162745 0.067647 0.056209
2 0.943750 0.073856 0.055147 0.043137
0 0.991912 0.094118 0.011765 0.031373
2 0.983824 0.056863 0.032353 0.037908