0 0.439706 0.567320 0.010294 0.047059
0 0.602941 0.552941 0.008824 0.044444
2 0.481618 0.501307 0.022059 0.024837
2 0.565441 0.553595 0.033824 0.048366
2 0.553676 0.528105 0.022059 0.036601
2 0.548529 0.512418 0.022059 0.036601
2 0.641176 0.554902 0.033824 0.048366
2 0.541176 0.498039 0.022059 0.036601
2 0.624632 0.530719 0.025735 0.033987
2 0.616912 0.513725 0.023529 0.026144
2 0.612868 0.452941 0.019853 0.024837
2 0.604044 0.493464 0.024265 0.027451
0 0.773529 0.470588 0.007353 0.026144
2 0.876838 0.563399 0.046324 0.049673