2 0.423162 0.833333 0.072794 0.220915
2 0.684191 0.801307 0.069853 0.169935
2 0.650368 0.589542 0.053676 0.117647
2 0.637500 0.494118 0.041176 0.083660
2 0.748897 0.556863 0.112500 0.088889
2 0.772426 0.667974 0.102206 0.086275
2 0.760294 0.470588 0.067647 0.096732
2 0.329412 0.702614 0.075000 0.171242
2 0.208088 0.699346 0.113235 0.130719
2 0.211397 0.927451 0.077206 0.145098
2 0.394118 0.390850 0.038235 0.075817
2 0.381250 0.312418 0.080147 0.054902
2 0.420588 0.250327 0.029412 0.069281
2 0.436397 0.228758 0.024265 0.052288
2 0.614338 0.335294 0.037500 0.061438
2 0.607721 0.288235 0.031618 0.048366
2 0.599632 0.206536 0.024265 0.041830
2 0.590441 0.144444 0.017647 0.032680
2 0.572794 0.106536 0.017647 0.032680
2 0.583456 0.087582 0.030147 0.031373
2 0.620588 0.098039 0.038235 0.031373
2 0.434926 0.132680 0.038971 0.035294
2 0.458456 0.111111 0.018382 0.039216
2 0.444485 0.092157 0.030147 0.030065
0 0.215074 0.554248 0.018382 0.065359
0 0.203309 0.558170 0.012500 0.057516
0 0.293382 0.264706 0.008824 0.045752
2 0.663235 0.058824 0.022059 0.026144
2 0.670588 0.035948 0.013235 0.024837
0 0.573529 0.166667 0.010294 0.032680
0 0.550368 0.158824 0.006618 0.027451
2 0.516176 0.070588 0.011765 0.033987
2 0.514338 0.052288 0.015441 0.026144
2 0.491544 0.063399 0.011029 0.030065
2 0.548529 0.048366 0.019118 0.028758
2 0.545588 0.028105 0.013235 0.019608
2 0.523897 0.027451 0.013971 0.023529
2 0.525368 0.009150 0.012500 0.015686
2 0.489338 0.018954 0.013971 0.024837
2 0.504044 0.011111 0.013971 0.022222
0 0.572794 0.030065 0.002941 0.023529