2 0.257292 0.972222 0.116667 0.055556
2 0.244792 0.898148 0.118750 0.096296
2 0.281250 0.810185 0.089583 0.057407
2 0.302083 0.775000 0.091667 0.068519
2 0.304688 0.741667 0.088542 0.068519
0 0.348438 0.863889 0.011458 0.061111
0 0.442188 0.922222 0.015625 0.059259
0 0.423958 0.718519 0.010417 0.040741
2 0.500521 0.795370 0.038542 0.090741
2 0.547917 0.775000 0.035417 0.068519
0 0.593750 0.797222 0.010417 0.057407
0 0.613542 0.785185 0.010417 0.051852
0 0.980729 0.891667 0.023958 0.042593
0 0.979167 0.880556 0.016667 0.038889
0 0.963542 0.871296 0.014583 0.038889
0 0.978125 0.790741 0.012500 0.033333
0 0.964583 0.783333 0.010417 0.037037
0 0.989583 0.481481 0.006250 0.014815
0 0.976562 0.492593 0.007292 0.025926
0 0.951042 0.493519 0.006250 0.027778
0 0.996354 0.635185 0.007292 0.025926
0 0.598958 0.730556 0.014583 0.046296
0 0.610938 0.732407 0.011458 0.046296
0 0.616146 0.653704 0.011458 0.029630
0 0.519792 0.640741 0.008333 0.029630
0 0.420312 0.599074 0.009375 0.031481
0 0.565104 0.562963 0.007292 0.018519
0 0.563542 0.572222 0.004167 0.018519
0 0.566667 0.572222 0.006250 0.018519
2 0.575521 0.408333 0.013542 0.020370
2 0.561979 0.392593 0.011458 0.018519
0 0.590104 0.379630 0.003125 0.014815
0 0.590625 0.377778 0.002083 0.014815
0 0.576562 0.387037 0.003125 0.011111
0 0.586458 0.382407 0.002083 0.016667
0 0.583854 0.372222 0.003125 0.014815
2 0.555208 0.362963 0.014583 0.014815
2 0.554167 0.356481 0.018750 0.016667
0 0.590104 0.347222 0.003125 0.009259
0 0.567708 0.366667 0.004167 0.014815
0 0.567187 0.366667 0.003125 0.011111
0 0.571354 0.359259 0.003125 0.011111
0 0.582812 0.328704 0.003125 0.009259
2 0.575521 0.317593 0.007292 0.012963
2 0.584896 0.299074 0.005208 0.009259
2 0.584375 0.274074 0.004167 0.007407
2 0.597396 0.274074 0.005208 0.007407
0 0.297396 0.484259 0.005208 0.024074
0 0.303646 0.425926 0.005208 0.014815
0 0.917708 0.548148 0.008333 0.029630