2 0.150000 0.439216 0.038235 0.028758
2 0.248897 0.437908 0.037500 0.028758
0 0.134191 0.159477 0.006618 0.010458
0 0.820221 0.067320 0.008088 0.014379
0 0.876103 0.045098 0.006618 0.016993
0 0.882353 0.050327 0.005882 0.011765
0 0.915441 0.025490 0.007353 0.014379
0 0.783456 0.200000 0.009559 0.013072
2 0.813603 0.411765 0.037500 0.028758
2 0.502574 0.929412 0.013971 0.060131
2 0.420956 0.488235 0.036029 0.058824
2 0.731618 0.458170 0.038235 0.030065
0 0.621691 0.783660 0.005147 0.009150
0 0.621324 0.792157 0.005882 0.007843
0 0.608824 0.193464 0.004412 0.007843
0 0.594853 0.194118 0.004412 0.011765
0 0.596324 0.183007 0.005882 0.007843
2 0.600735 0.146405 0.020588 0.065359
0 0.633088 0.071242 0.005882 0.009150
0 0.638971 0.071895 0.004412 0.007843
2 0.467279 0.244444 0.012500 0.060131
2 0.332353 0.429412 0.036765 0.035294
2 0.237132 0.542484 0.037500 0.028758
0 0.226103 0.177778 0.003676 0.010458
0 0.034191 0.073856 0.008088 0.011765
0 0.081985 0.123529 0.006618 0.011765
0 0.015441 0.136601 0.008824 0.009150
0 0.061029 0.164052 0.007353 0.011765
0 0.094118 0.154902 0.007353 0.011765
0 0.129044 0.188235 0.005147 0.013072
0 0.004779 0.216993 0.008088 0.013072
0 0.012868 0.213072 0.009559 0.010458
0 0.006618 0.241830 0.010294 0.007843
0 0.041544 0.176471 0.006618 0.010458
0 0.048529 0.184314 0.004412 0.007843
0 0.163971 0.182353 0.007353 0.009150
0 0.098529 0.267320 0.002941 0.006536
0 0.155147 0.307190 0.007353 0.007843
0 0.176103 0.244444 0.005147 0.010458
0 0.199265 0.224183 0.008824 0.011765
2 0.162868 0.147059 0.037500 0.032680
0 0.182353 0.146405 0.008824 0.007843
2 0.011029 0.795425 0.022059 0.061438
2 0.141176 0.790196 0.039706 0.027451