2 0.908824 0.963399 0.150000 0.073203
2 0.872059 0.895425 0.139706 0.099346
0 0.563235 0.747059 0.016176 0.045752
2 0.351838 0.760131 0.077206 0.145098
2 0.358824 0.585621 0.097059 0.073203
0 0.287868 0.453595 0.013971 0.052288
0 0.316176 0.443791 0.013235 0.050980
2 0.363235 0.352941 0.070588 0.065359
2 0.396691 0.297386 0.025735 0.058824
0 0.692279 0.432680 0.006618 0.041830
0 0.690074 0.416993 0.009559 0.039216
0 0.629779 0.392157 0.011029 0.049673
0 0.620588 0.390850 0.010294 0.044444
0 0.596324 0.340523 0.008824 0.043137
0 0.664706 0.320915 0.008824 0.037908
0 0.656618 0.321569 0.007353 0.039216
2 0.575000 0.224183 0.027941 0.040523
2 0.566544 0.148366 0.021324 0.037908
2 0.368015 0.141830 0.016912 0.032680
2 0.392279 0.138562 0.018382 0.033987
0 0.397059 0.167320 0.005882 0.031373
2 0.415809 0.148366 0.019853 0.032680
2 0.546324 0.113072 0.016176 0.032680
2 0.549632 0.090196 0.016912 0.031373
0 0.530515 0.107190 0.008088 0.028758
0 0.581985 0.077778 0.006618 0.024837
2 0.566912 0.040523 0.014706 0.023529
2 0.554779 0.019608 0.013971 0.020915
0 0.556618 0.006536 0.002941 0.013072
0 0.549632 0.008497 0.003676 0.016993
2 0.541544 0.033333 0.012500 0.022222
2 0.503676 0.016993 0.013235 0.020915
2 0.435294 0.079739 0.038235 0.028758
2 0.394118 0.089542 0.035294 0.030065
2 0.450000 0.008497 0.023529 0.016993
0 0.468382 0.006536 0.004412 0.013072
0 0.486029 0.007190 0.004412 0.014379