0 0.324265 0.964706 0.026471 0.062745
2 0.502941 0.264052 0.032353 0.065359
0 0.590809 0.243791 0.009559 0.043137
0 0.660662 0.203268 0.008088 0.043137
0 0.669485 0.205229 0.008088 0.044444
0 0.652574 0.152288 0.008088 0.043137
0 0.651471 0.116993 0.007353 0.035294
0 0.641912 0.113725 0.007353 0.033987
2 0.825735 0.128105 0.044118 0.039216
2 0.881250 0.207843 0.050735 0.039216
0 0.683456 0.007843 0.006618 0.015686
0 0.394485 0.083007 0.008088 0.032680
0 0.405882 0.054902 0.007353 0.028758
0 0.394118 0.024183 0.010294 0.027451
0 0.285662 0.101961 0.008088 0.036601
0 0.292647 0.107843 0.005882 0.024837
2 0.310662 0.063399 0.053676 0.040523
2 0.673162 0.660131 0.062500 0.138562
0 0.708456 0.812418 0.016912 0.074510
0 0.722426 0.847059 0.022794 0.062745
0 0.923529 0.768627 0.017647 0.094118
2 0.438971 0.215686 0.025000 0.070588
2 0.349265 0.252288 0.033824 0.073203
2 0.365809 0.183007 0.033088 0.057516
2 0.515074 0.163399 0.027206 0.047059
2 0.492647 0.062745 0.022059 0.036601
2 0.522426 0.030719 0.019853 0.035294
2 0.480147 0.120915 0.027941 0.050980