2 0.467708 0.452315 0.047917 0.125000
2 0.497396 0.674074 0.083333 0.174074
2 0.462500 0.908796 0.106250 0.180556
0 0.132292 0.769444 0.029167 0.061111
0 0.021094 0.661111 0.025521 0.066667
0 0.177865 0.391204 0.022396 0.056481
0 0.191146 0.399074 0.015625 0.040741
0 0.210156 0.310185 0.018229 0.050000
0 0.217708 0.313889 0.014583 0.044444
0 0.250521 0.296759 0.019792 0.045370
2 0.330990 0.196296 0.081771 0.085185
2 0.194792 0.122222 0.068750 0.087037
0 0.044010 0.048148 0.016146 0.051852
0 0.667188 0.423611 0.015625 0.054630
0 0.662240 0.396296 0.013021 0.061111
0 0.668490 0.371296 0.010937 0.061111
0 0.703646 0.364352 0.021875 0.060185
2 0.828906 0.243056 0.080729 0.067593
2 0.923698 0.206944 0.079687 0.063889
2 0.726302 0.212037 0.078646 0.064815
2 0.706510 0.166667 0.083854 0.061111
2 0.682292 0.133333 0.080208 0.055556
2 0.678125 0.098611 0.064583 0.049074
2 0.587240 0.167130 0.077604 0.062037
2 0.589583 0.125926 0.071875 0.053704
2 0.547396 0.225000 0.077083 0.064815
2 0.978125 0.131019 0.043750 0.056481