2 0.657721 0.890850 0.105147 0.173856
0 0.609559 0.677124 0.014706 0.067974
2 0.654412 0.706536 0.066176 0.176471
0 0.587500 0.549020 0.013235 0.067974
2 0.627574 0.512418 0.047794 0.094118
2 0.527941 0.376471 0.039706 0.083660
2 0.483824 0.335294 0.036765 0.087582
2 0.612500 0.291503 0.035294 0.067974
0 0.583088 0.159477 0.008824 0.036601
0 0.555882 0.178431 0.008824 0.035294
2 0.798529 0.169935 0.042647 0.047059
2 0.785294 0.128105 0.039706 0.049673
2 0.758456 0.171242 0.038971 0.060131
2 0.748897 0.127451 0.038971 0.053595
2 0.720588 0.134641 0.030882 0.052288
2 0.719118 0.175817 0.036765 0.048366
2 0.686029 0.129412 0.032353 0.049673
2 0.647426 0.132026 0.027206 0.049673
2 0.618750 0.044444 0.024265 0.036601
2 0.638603 0.019608 0.024265 0.033987
2 0.648529 0.047059 0.022059 0.036601
2 0.679779 0.042484 0.022794 0.040523
2 0.705882 0.043791 0.025000 0.035294
2 0.734559 0.041830 0.027941 0.033987
2 0.743015 0.016340 0.027206 0.032680
2 0.717647 0.016340 0.029412 0.032680
2 0.690809 0.016993 0.025735 0.033987
2 0.424632 0.358170 0.040441 0.094118
2 0.334926 0.483660 0.050735 0.088889
2 0.390809 0.765359 0.068382 0.192157
2 0.390074 0.764052 0.068382 0.192157
2 0.237132 0.875163 0.096324 0.200000
2 0.380882 0.321569 0.045588 0.096732
2 0.325000 0.268627 0.075000 0.056209
2 0.306985 0.318301 0.061029 0.066667
2 0.251838 0.375163 0.094853 0.065359
2 0.300735 0.431373 0.052941 0.096732
2 0.233824 0.407190 0.080882 0.053595
2 0.219485 0.448366 0.100735 0.078431
2 0.229412 0.488889 0.086765 0.081046
2 0.175368 0.692810 0.109559 0.096732
2 0.148162 0.791503 0.125735 0.124183
2 0.084926 0.948366 0.150735 0.103268
2 0.351471 0.154248 0.064706 0.047059
2 0.365074 0.119608 0.055147 0.043137
2 0.397426 0.051634 0.046324 0.037908
2 0.399632 0.037908 0.049265 0.039216