2 0.926042 0.961574 0.133333 0.076852
0 0.774479 0.958796 0.028125 0.063889
2 0.482031 0.490278 0.020313 0.036111
2 0.397396 0.516667 0.054167 0.046296
2 0.430729 0.488426 0.036458 0.036111
2 0.396354 0.483333 0.026042 0.037037
2 0.465885 0.456019 0.019271 0.030556
2 0.413021 0.408333 0.016667 0.027778
2 0.405729 0.371296 0.016667 0.022222
0 0.357292 0.418519 0.004167 0.025926
0 0.360938 0.412500 0.004167 0.023148
0 0.365104 0.406019 0.004167 0.025000
0 0.559115 0.384722 0.004687 0.025000
0 0.411198 0.332870 0.004687 0.017593
2 0.467187 0.333333 0.011458 0.016667
2 0.511979 0.332870 0.012500 0.015741
2 0.462760 0.317593 0.010937 0.014815
2 0.499740 0.306944 0.009896 0.015741
2 0.514844 0.307407 0.008854 0.012963
0 0.527083 0.300463 0.003125 0.012037
2 0.468750 0.291204 0.009375 0.013889
2 0.487240 0.282407 0.007812 0.011111
2 0.467448 0.268519 0.006771 0.009259
2 0.482552 0.267130 0.006771 0.008333
2 0.492188 0.265278 0.006250 0.008333
2 0.516406 0.270833 0.007812 0.010185
2 0.479167 0.260185 0.006250 0.009259
2 0.486719 0.258333 0.006771 0.009259
2 0.494531 0.252778 0.005729 0.009259
2 0.523177 0.257407 0.005729 0.007407
2 0.515104 0.251389 0.006250 0.008333
0 0.533854 0.279630 0.002083 0.009259
2 0.989323 0.467130 0.021354 0.032407
2 0.981250 0.461111 0.037500 0.025926
2 0.970833 0.451852 0.042708 0.024074
2 0.950781 0.436574 0.043229 0.025000
0 0.920573 0.437037 0.004687 0.027778
2 0.989323 0.440278 0.021354 0.023148
2 0.984375 0.433333 0.031250 0.020370
2 0.977604 0.425463 0.042708 0.023148
2 0.936198 0.406481 0.029687 0.020370
2 0.928906 0.401389 0.029687 0.019444
2 0.922135 0.395833 0.029687 0.019444
2 0.917708 0.389815 0.028125 0.018519
2 0.991406 0.387500 0.017188 0.021296
2 0.980208 0.376389 0.031250 0.019444
2 0.967969 0.372685 0.027604 0.017593
2 0.963021 0.366204 0.030208 0.021296
2 0.942187 0.360185 0.029167 0.020370
2 0.923438 0.352778 0.021875 0.020370
2 0.893750 0.342130 0.023958 0.017593
2 0.889844 0.336574 0.022396 0.015741
2 0.883073 0.334722 0.017188 0.015741
2 0.875521 0.331481 0.020833 0.014815
2 0.810677 0.350926 0.025521 0.016667
2 0.795052 0.342130 0.018229 0.015741
2 0.779948 0.332407 0.022396 0.014815
2 0.792708 0.328704 0.017708 0.012963
2 0.816146 0.336111 0.017708 0.016667
2 0.828385 0.343981 0.021354 0.013889
2 0.805729 0.329167 0.019792 0.013889
2 0.754167 0.310648 0.019792 0.013889
2 0.760156 0.315741 0.019271 0.012963
2 0.840104 0.312963 0.019792 0.012963
2 0.831771 0.311111 0.018750 0.014815
2 0.824479 0.306481 0.017708 0.012963
2 0.813281 0.303241 0.018229 0.013889
2 0.739583 0.291667 0.018750 0.011111
2 0.767188 0.306481 0.016667 0.012963
2 0.761458 0.302778 0.017708 0.012963
2 0.756771 0.301389 0.015625 0.012037
2 0.754167 0.298148 0.016667 0.011111
2 0.748177 0.297222 0.015104 0.012963
2 0.746094 0.295370 0.015104 0.011111
0 0.115625 0.842130 0.013542 0.050926
0 0.136198 0.845370 0.018229 0.057407