0 0.273897 0.090196 0.009559 0.047059
0 0.282353 0.091503 0.008824 0.044444
0 0.220588 0.027451 0.008824 0.036601
0 0.213971 0.026797 0.008824 0.040523
0 0.206985 0.026144 0.008088 0.039216
0 0.181250 0.032680 0.008088 0.039216
0 0.181250 0.024837 0.006618 0.036601
0 0.189706 0.028105 0.008824 0.043137
0 0.195956 0.028758 0.009559 0.041830
2 0.063235 0.145752 0.094118 0.056209
2 0.039338 0.242484 0.078676 0.069281
2 0.226103 0.243137 0.108088 0.070588
2 0.278676 0.160131 0.088235 0.061438
0 0.114706 0.621569 0.041176 0.090196
0 0.110662 0.643137 0.022794 0.060131
2 0.446324 0.183660 0.085294 0.069281
0 0.542647 0.219608 0.020588 0.052288
0 0.447426 0.496078 0.021324 0.103268
0 0.455147 0.488235 0.025000 0.090196
0 0.625000 0.418954 0.023529 0.071895
0 0.755882 0.429412 0.026471 0.087582
0 0.855882 0.398039 0.022059 0.082353
0 0.904044 0.418301 0.027206 0.083660
2 0.586029 0.130065 0.082353 0.050980
2 0.693382 0.241830 0.083824 0.088889
2 0.811765 0.124183 0.075000 0.047059
2 0.491912 0.018301 0.025000 0.036601
0 0.462500 0.049020 0.011765 0.043137
0 0.476471 0.047712 0.010294 0.035294
2 0.930147 0.722222 0.139706 0.239216
0 0.727941 0.024837 0.010294 0.039216
0 0.710662 0.022222 0.012500 0.036601
0 0.677206 0.027451 0.007353 0.033987
0 0.684191 0.032680 0.006618 0.028758
0 0.689338 0.028105 0.008088 0.035294