2 0.287500 0.909150 0.079412 0.181699
2 0.427574 0.148366 0.028676 0.064052
2 0.472426 0.048366 0.027206 0.036601
0 0.897794 0.607190 0.023529 0.077124
0 0.837500 0.492157 0.022059 0.066667
0 0.727574 0.077778 0.011029 0.035294
0 0.754044 0.025490 0.011029 0.035294
0 0.807353 0.596732 0.019118 0.053595
2 0.497059 0.013725 0.020588 0.027451
0 0.645956 0.150327 0.009559 0.026144
0 0.646691 0.159477 0.008088 0.023529
2 0.181618 0.346405 0.051471 0.094118
2 0.041176 0.318954 0.082353 0.049673
2 0.058824 0.281046 0.088235 0.060131
2 0.072794 0.245752 0.094118 0.057516
2 0.086765 0.219608 0.082353 0.049673
2 0.112868 0.185621 0.083088 0.054902
0 0.063235 0.174510 0.013235 0.045752
0 0.080882 0.179085 0.007353 0.023529
0 0.080147 0.166013 0.011765 0.031373
2 0.204044 0.122222 0.052206 0.043137
2 0.274265 0.043137 0.025000 0.044444
2 0.153676 0.102614 0.061765 0.045752
2 0.161397 0.081046 0.062500 0.047059
2 0.183456 0.045752 0.044853 0.036601
2 0.124265 0.013725 0.054412 0.027451
2 0.304412 0.008497 0.032353 0.016993
0 0.901471 0.938562 0.026471 0.086275