2 0.280990 0.843056 0.038021 0.034259
2 0.290625 0.694444 0.035417 0.031481
2 0.299219 0.596759 0.033854 0.026852
2 0.298698 0.563426 0.030729 0.026852
2 0.311719 0.468981 0.033854 0.028704
2 0.373698 0.793056 0.033854 0.028704
2 0.488021 0.951852 0.016667 0.068519
2 0.486979 0.868056 0.016667 0.071296
2 0.546875 0.902315 0.016667 0.058333
2 0.466927 0.583333 0.016146 0.057407
2 0.462500 0.515741 0.016667 0.053704
2 0.455990 0.439352 0.016146 0.056481
2 0.454688 0.382870 0.014583 0.050926
2 0.687760 0.673611 0.018229 0.060185
2 0.682031 0.607870 0.019271 0.063889
2 0.671094 0.526389 0.018229 0.056481
2 0.661979 0.444444 0.017708 0.055556
2 0.654427 0.375000 0.016146 0.050000
2 0.648698 0.317593 0.018229 0.048148
2 0.641406 0.258333 0.015104 0.046296
2 0.634635 0.200463 0.016146 0.049074
2 0.628125 0.134259 0.016667 0.050000
2 0.622656 0.087500 0.013021 0.041667
2 0.615625 0.025926 0.016667 0.042593
2 0.485417 0.049074 0.016667 0.051852
2 0.447135 0.144907 0.011979 0.050926
2 0.426042 0.191667 0.023958 0.038889
2 0.406510 0.167130 0.030729 0.023148
2 0.348438 0.202778 0.033333 0.027778
2 0.372396 0.172685 0.031250 0.026852
2 0.390365 0.140278 0.023438 0.021296
2 0.419271 0.139352 0.029167 0.026852
2 0.416406 0.113426 0.029687 0.025000
2 0.385156 0.119444 0.028646 0.025926
2 0.354427 0.091204 0.027604 0.023148
2 0.433594 0.063426 0.013021 0.047222
2 0.452344 0.018981 0.014063 0.037963
2 0.431510 0.017593 0.011979 0.035185
0 0.718750 0.740278 0.006250 0.012037
0 0.703385 0.703241 0.004687 0.010185
0 0.636719 0.523611 0.004687 0.012037
0 0.637240 0.528241 0.004687 0.008333
0 0.630990 0.275463 0.004687 0.015741
0 0.458333 0.177778 0.005208 0.012963
0 0.438021 0.111574 0.004167 0.013889
0 0.434375 0.110648 0.003125 0.010185
0 0.318229 0.145833 0.005208 0.013889
0 0.325000 0.113889 0.005208 0.012963
0 0.320573 0.114815 0.004687 0.014815
0 0.319010 0.041667 0.004687 0.014815
0 0.282292 0.222222 0.004167 0.012963
0 0.341927 0.293981 0.006771 0.015741
0 0.353125 0.275463 0.006250 0.008333
0 0.351823 0.265741 0.005729 0.012963
0 0.394010 0.236111 0.004687 0.012963
0 0.390885 0.237500 0.004687 0.012037
0 0.407292 0.300000 0.005208 0.012963
0 0.463542 0.369444 0.003125 0.014815
0 0.420052 0.098148 0.003646 0.016667
0 0.442708 0.495370 0.005208 0.012963
0 0.590885 0.488889 0.005729 0.014815
0 0.479427 0.733796 0.005729 0.012037
0 0.464844 0.749074 0.004687 0.009259
0 0.456771 0.742593 0.005208 0.011111
0 0.466667 0.775926 0.004167 0.011111
0 0.470833 0.879167 0.004167 0.012037
0 0.465625 0.876389 0.005208 0.010185
0 0.459635 0.882407 0.004687 0.012963
0 0.510677 0.857870 0.004687 0.015741
0 0.500781 0.854630 0.006771 0.014815
0 0.469792 0.693056 0.006250 0.012037
0 0.460156 0.695370 0.005729 0.012963
0 0.500781 0.932870 0.004687 0.013889
0 0.205990 0.201852 0.005729 0.016667
0 0.176823 0.201852 0.004687 0.016667
0 0.161979 0.189815 0.006250 0.014815
0 0.157031 0.178704 0.003646 0.012963
0 0.175260 0.125000 0.006771 0.018519
0 0.144010 0.226852 0.004687 0.012963
0 0.139844 0.226852 0.003646 0.011111
0 0.109375 0.205093 0.006250 0.015741
0 0.070833 0.205556 0.010417 0.014815
0 0.061719 0.219907 0.004687 0.013889
0 0.060937 0.225463 0.005208 0.010185
0 0.038802 0.212963 0.009896 0.016667
0 0.097656 0.106019 0.005729 0.015741
0 0.193490 0.045833 0.005729 0.017593
0 0.030208 0.044444 0.007292 0.014815
0 0.057292 0.095370 0.006250 0.012963
0 0.080990 0.111111 0.007812 0.014815
0 0.049479 0.106944 0.004167 0.012037
0 0.054688 0.109259 0.006250 0.009259
0 0.173437 0.147222 0.007292 0.012963
0 0.176042 0.018519 0.004167 0.018519
0 0.057813 0.124074 0.005208 0.011111
0 0.062500 0.121296 0.005208 0.011111
0 0.066406 0.127315 0.003646 0.012037
0 0.057813 0.137500 0.006250 0.010185
0 0.124740 0.154167 0.006771 0.015741
0 0.282813 0.214352 0.003125 0.013889