0 0.336765 0.277778 0.020588 0.071895
0 0.363603 0.278431 0.025735 0.081046
0 0.415074 0.394771 0.016912 0.088889
0 0.428676 0.374510 0.020588 0.077124
2 0.350735 0.537908 0.073529 0.220915
0 0.294853 0.963399 0.023529 0.073203
0 0.366176 0.830719 0.026471 0.074510
0 0.377941 0.939216 0.038235 0.084967
0 0.445221 0.770588 0.027206 0.077124
0 0.472059 0.773856 0.022059 0.052288
0 0.497426 0.768627 0.025735 0.083660
0 0.431618 0.928758 0.026471 0.095425
0 0.500368 0.888889 0.030147 0.094118
0 0.511765 0.967974 0.023529 0.061438
0 0.568382 0.838562 0.035294 0.098039
0 0.666176 0.815033 0.029412 0.079739
0 0.681618 0.841830 0.022059 0.054902
0 0.701103 0.931373 0.031618 0.087582
0 0.729779 0.893464 0.033088 0.082353
0 0.725368 0.945752 0.031618 0.084967
0 0.741176 0.378431 0.020588 0.074510
0 0.945588 0.919608 0.041176 0.090196
0 0.985662 0.973203 0.027206 0.053595
0 0.120588 0.964052 0.027941 0.071895