2 0.513971 0.718954 0.052941 0.149020
2 0.097426 0.816993 0.156618 0.120261
2 0.177574 0.685621 0.141912 0.111111
0 0.097794 0.436601 0.013235 0.062745
0 0.106985 0.425490 0.015441 0.040523
0 0.370588 0.232680 0.007353 0.036601
0 0.390441 0.190850 0.008824 0.031373
2 0.432721 0.270588 0.031618 0.067974
0 0.378676 0.442484 0.014706 0.061438
2 0.492279 0.368627 0.036029 0.070588
2 0.489706 0.209150 0.023529 0.041830
0 0.287868 0.090850 0.005147 0.022222
0 0.337868 0.071895 0.009559 0.023529
0 0.276103 0.043791 0.005147 0.024837
0 0.282721 0.043137 0.005147 0.023529
2 0.799632 0.796078 0.149265 0.120261
2 0.727206 0.647712 0.101471 0.095425
2 0.853309 0.609150 0.086029 0.138562
0 0.765441 0.580392 0.017647 0.065359
0 0.779779 0.582353 0.016912 0.064052
0 0.688971 0.419608 0.016176 0.049673
2 0.653676 0.390196 0.080882 0.069281
0 0.542279 0.275163 0.009559 0.037908
0 0.530147 0.190196 0.005882 0.037908
2 0.509191 0.137255 0.021324 0.039216
0 0.503676 0.094771 0.007353 0.019608
2 0.424632 0.128758 0.021324 0.048366
0 0.387500 0.101961 0.008824 0.033987
2 0.422059 0.077124 0.042647 0.033987
2 0.447059 0.065359 0.016176 0.031373
0 0.461765 0.090196 0.005882 0.020915
0 0.458824 0.088889 0.007353 0.026144
0 0.500368 0.040523 0.005147 0.018301
2 0.481618 0.049020 0.016176 0.024837
0 0.394853 0.028105 0.005882 0.022222
2 0.445588 0.011111 0.014706 0.022222