0 0.903676 0.131373 0.011765 0.043137
0 0.914706 0.113725 0.013235 0.041830
0 0.924632 0.126797 0.009559 0.041830
0 0.943750 0.133333 0.011029 0.047059
0 0.957721 0.139216 0.016912 0.056209
0 0.992279 0.135294 0.011029 0.053595
0 0.389338 0.026797 0.011029 0.037908
0 0.572059 0.033333 0.008824 0.043137
0 0.577574 0.037255 0.006618 0.050980
0 0.727574 0.334641 0.015441 0.070588
0 0.734559 0.394771 0.025000 0.075817
0 0.700000 0.381699 0.017647 0.073203
0 0.702941 0.364706 0.014706 0.070588
0 0.124632 0.026797 0.012500 0.045752
0 0.114706 0.030065 0.013235 0.047059
0 0.105882 0.028105 0.011765 0.050980
0 0.093015 0.027451 0.012500 0.047059
0 0.080147 0.030719 0.011765 0.048366
0 0.073529 0.023529 0.010294 0.044444
0 0.046691 0.024837 0.013971 0.047059
0 0.048529 0.092157 0.008824 0.048366
0 0.052574 0.105229 0.013971 0.056209
0 0.048162 0.133987 0.019853 0.061438
0 0.019118 0.122876 0.016176 0.060131
0 0.006618 0.124183 0.013235 0.052288