2 0.416146 0.518519 0.030208 0.051852
2 0.504687 0.450000 0.023958 0.040741
2 0.468750 0.374074 0.020833 0.033333
2 0.435417 0.380556 0.020833 0.035185
2 0.495312 0.332407 0.017708 0.031481
2 0.468750 0.326852 0.018750 0.027778
2 0.726562 0.320370 0.034375 0.029630
2 0.728125 0.310185 0.033333 0.027778
2 0.726562 0.281481 0.023958 0.025926
0 0.446875 0.712963 0.012500 0.044444
0 0.510417 0.740741 0.012500 0.044444
0 0.500521 0.604630 0.007292 0.038889
0 0.176563 0.810185 0.013542 0.035185
0 0.216667 0.591667 0.012500 0.031481
0 0.295312 0.446296 0.005208 0.018519
0 0.164583 0.522222 0.006250 0.029630
0 0.350521 0.325926 0.005208 0.018519
0 0.393750 0.312037 0.004167 0.016667
0 0.411458 0.281481 0.004167 0.014815
0 0.414062 0.284259 0.005208 0.012963
0 0.387500 0.299074 0.004167 0.012963
0 0.476562 0.243519 0.003125 0.012963
0 0.334896 0.310185 0.005208 0.016667
0 0.325000 0.336111 0.004167 0.020370
0 0.372917 0.287037 0.004167 0.018519
0 0.369792 0.281481 0.004167 0.014815
0 0.394271 0.286111 0.005208 0.016667
0 0.379688 0.276852 0.005208 0.020370
2 0.409896 0.262037 0.011458 0.016667
2 0.411979 0.254630 0.011458 0.016667
2 0.414583 0.216667 0.006250 0.014815
0 0.294271 0.335185 0.005208 0.018519
0 0.468229 0.237037 0.003125 0.011111
0 0.434896 0.274074 0.003125 0.011111
0 0.432292 0.275000 0.004167 0.012963
0 0.428646 0.275926 0.003125 0.011111
0 0.481771 0.224074 0.003125 0.014815
2 0.390625 0.265741 0.008333 0.012963
0 0.400521 0.235185 0.003125 0.014815
0 0.405208 0.240741 0.004167 0.014815
0 0.044271 0.974074 0.032292 0.048148
0 0.143750 0.766667 0.018750 0.044444