2 0.042279 0.963399 0.084559 0.073203
2 0.279779 0.892810 0.150735 0.112418
0 0.331985 0.662092 0.019853 0.050980
2 0.067279 0.632026 0.102206 0.069281
2 0.352206 0.495425 0.070588 0.039216
2 0.371324 0.481046 0.075000 0.049673
2 0.447059 0.541176 0.036765 0.067974
2 0.493015 0.540523 0.036029 0.069281
2 0.516544 0.403268 0.024265 0.040523
2 0.525000 0.370588 0.022059 0.035294
2 0.420221 0.434641 0.061029 0.045752
2 0.419853 0.415686 0.063235 0.036601
2 0.436397 0.400000 0.058088 0.039216
0 0.497426 0.376471 0.008088 0.028758
0 0.497059 0.377778 0.007353 0.026144
2 0.458088 0.341830 0.044118 0.030065
2 0.466176 0.327451 0.044118 0.027451
0 0.502574 0.336601 0.005147 0.027451
0 0.507721 0.340523 0.006618 0.030065
0 0.508824 0.315686 0.004412 0.027451
0 0.513603 0.313725 0.005147 0.028758
0 0.576838 0.377124 0.006618 0.032680
2 0.586029 0.380392 0.023529 0.033987
0 0.623162 0.694118 0.015441 0.065359
0 0.636397 0.670588 0.011029 0.065359
0 0.645221 0.680392 0.012500 0.058824
2 0.740809 0.634641 0.103676 0.082353
0 0.664338 0.561438 0.011029 0.048366
0 0.668015 0.516340 0.006618 0.047059
0 0.693015 0.522222 0.012500 0.043137
0 0.705515 0.503268 0.008088 0.044444
0 0.740809 0.509804 0.011029 0.036601
2 0.471691 0.307190 0.031618 0.020915
2 0.483088 0.288889 0.029412 0.020915
2 0.513603 0.286275 0.015441 0.023529
0 0.527574 0.288235 0.003676 0.014379
0 0.527574 0.288889 0.005147 0.020915
0 0.535294 0.281699 0.005882 0.024837
0 0.530515 0.271895 0.003676 0.018301
0 0.535662 0.250980 0.003676 0.018301
0 0.576838 0.293464 0.003676 0.022222
0 0.580147 0.294118 0.004412 0.026144
0 0.584559 0.298693 0.002941 0.024837
0 0.587500 0.301307 0.004412 0.019608
0 0.576471 0.258824 0.004412 0.018301
0 0.580515 0.258170 0.003676 0.019608
2 0.610662 0.257516 0.027206 0.018301
2 0.595221 0.236601 0.016912 0.018301
2 0.525735 0.243791 0.014706 0.019608
2 0.522059 0.233987 0.022059 0.015686
2 0.519118 0.224837 0.023529 0.015686
0 0.530882 0.222876 0.004412 0.014379
2 0.558824 0.202614 0.008824 0.015686
2 0.527941 0.201307 0.022059 0.015686
2 0.592279 0.221569 0.019853 0.014379
2 0.622426 0.311111 0.031618 0.031373