2 0.149632 0.850327 0.127206 0.121569
2 0.251471 0.901961 0.104412 0.164706
2 0.328309 0.746405 0.061029 0.120261
0 0.177941 0.642484 0.014706 0.037908
0 0.216544 0.643137 0.013971 0.054902
0 0.234559 0.639216 0.013235 0.054902
0 0.170221 0.572549 0.012500 0.047059
0 0.361765 0.562745 0.016176 0.045752
0 0.386029 0.559477 0.014706 0.052288
0 0.378309 0.496078 0.009559 0.037908
0 0.301471 0.463399 0.008824 0.040523
0 0.247059 0.363399 0.008824 0.031373
2 0.204044 0.301961 0.034559 0.031373
2 0.243015 0.306536 0.033088 0.030065
2 0.237132 0.322222 0.046324 0.030065
2 0.292647 0.324183 0.048529 0.028758
0 0.291544 0.330065 0.008088 0.027451
0 0.665074 0.778431 0.013971 0.050980
0 0.761397 0.698039 0.019853 0.044444
2 0.943750 0.351634 0.052206 0.036601
2 0.988235 0.356863 0.023529 0.028758
0 0.906250 0.361438 0.008088 0.022222
2 0.743015 0.383007 0.053676 0.033987
0 0.726471 0.450327 0.011765 0.030065
0 0.638971 0.377124 0.008824 0.024837
2 0.580515 0.361438 0.046324 0.040523
0 0.399632 0.362092 0.006618 0.028758
0 0.472059 0.380392 0.007353 0.028758
0 0.420588 0.371242 0.008824 0.026144
2 0.359559 0.456209 0.064706 0.049673
0 0.377941 0.367974 0.007353 0.032680
0 0.474265 0.322222 0.005882 0.019608
0 0.380147 0.352941 0.004412 0.031373
0 0.384559 0.352941 0.007353 0.033987
2 0.525000 0.285621 0.016176 0.027451
2 0.493015 0.284967 0.018382 0.033987
2 0.490441 0.269935 0.014706 0.024837
2 0.485294 0.252288 0.014706 0.023529
2 0.484191 0.239216 0.012500 0.020915
2 0.485662 0.227451 0.012500 0.020915
2 0.484191 0.202614 0.012500 0.020915
0 0.456250 0.217647 0.003676 0.019608
0 0.459559 0.162092 0.002941 0.013072
0 0.472059 0.167320 0.002941 0.015686
0 0.465809 0.131373 0.002206 0.014379
0 0.502574 0.124837 0.002206 0.011765
0 0.495956 0.133333 0.002206 0.010458
2 0.529044 0.160131 0.018382 0.014379
2 0.511397 0.131373 0.006618 0.009150
2 0.502574 0.110458 0.005147 0.009150
2 0.494485 0.100000 0.006618 0.009150
2 0.474265 0.100000 0.005882 0.009150
2 0.470956 0.086928 0.003676 0.006536
2 0.469485 0.084314 0.003676 0.006536
0 0.481618 0.088889 0.001471 0.007843