2 0.176148 0.661874 0.072547 0.049165
0 0.510438 0.562152 0.007307 0.033395
2 0.700678 0.674861 0.073591 0.052876
2 0.693372 0.633117 0.055846 0.045455
2 0.689457 0.608534 0.062630 0.046382
2 0.563935 0.449907 0.028706 0.033395
2 0.587422 0.432282 0.019311 0.027829
0 0.627088 0.358998 0.004697 0.018553
2 0.566023 0.333024 0.025574 0.016698
2 0.578288 0.326531 0.022965 0.014842
2 0.590814 0.307050 0.013570 0.016698
0 0.658403 0.333488 0.003653 0.017625
2 0.693633 0.333952 0.025052 0.018553
0 0.575157 0.562152 0.008351 0.033395
0 0.608038 0.521336 0.007307 0.024119
0 0.636221 0.379406 0.004175 0.018553
0 0.523225 0.782931 0.008873 0.040816