0 0.230950 0.391002 0.005741 0.019481
2 0.338727 0.339054 0.016701 0.025046
2 0.415971 0.371521 0.017745 0.030612
2 0.418841 0.434137 0.021399 0.038961
2 0.469990 0.418831 0.017223 0.039889
2 0.456681 0.507885 0.024008 0.038033
2 0.484603 0.490260 0.025574 0.039889
2 0.501827 0.408627 0.033925 0.030612
0 0.515658 0.414657 0.004175 0.018553
2 0.505219 0.539889 0.027140 0.053803
2 0.547495 0.708256 0.040710 0.075139
2 0.624739 0.678571 0.037578 0.069573
0 0.670929 0.667904 0.003653 0.022263
0 0.676931 0.631725 0.003132 0.024119
2 0.725470 0.621985 0.050104 0.034323
2 0.772704 0.595083 0.048539 0.041744
2 0.614301 0.954545 0.049061 0.089054
2 0.547495 0.963358 0.041754 0.071429