2 0.334375 0.977778 0.056250 0.044444
2 0.407292 0.931944 0.077083 0.052778
2 0.427083 0.870833 0.070833 0.058333
2 0.453125 0.700000 0.064583 0.038889
2 0.616667 0.661111 0.054167 0.033333
2 0.450000 0.584722 0.050000 0.041667
2 0.591667 0.556944 0.045833 0.030556
2 0.457292 0.462500 0.043750 0.025000
2 0.437500 0.415278 0.041667 0.019444
0 0.540625 0.583333 0.006250 0.022222
2 0.628125 0.256944 0.014583 0.019444
2 0.432292 0.266667 0.031250 0.016667
2 0.437500 0.250000 0.025000 0.016667
2 0.503125 0.144444 0.018750 0.011111
2 0.495833 0.131944 0.020833 0.013889
2 0.490625 0.106944 0.018750 0.008333
2 0.487500 0.080556 0.016667 0.011111
2 0.896875 0.263889 0.027083 0.022222
2 0.809375 0.169444 0.022917 0.016667
2 0.421875 0.184722 0.022917 0.013889