2 0.188929 0.907619 0.130714 0.184762
2 0.918571 0.828571 0.160000 0.207619
2 0.373214 0.583810 0.143571 0.146667
2 0.852143 0.653333 0.194286 0.146667
2 0.410357 0.388095 0.087857 0.082857
0 0.337143 0.277143 0.018571 0.060952
0 0.400000 0.311905 0.067143 0.075238
0 0.388929 0.260000 0.039286 0.055238
2 0.390357 0.197143 0.057857 0.043810
2 0.373571 0.163810 0.032857 0.036190
2 0.336786 0.146667 0.056429 0.040000
2 0.362857 0.100476 0.028571 0.037143
2 0.356786 0.077619 0.029286 0.025714
2 0.354286 0.064762 0.021429 0.019048
2 0.342857 0.056667 0.022857 0.027619
2 0.338571 0.030000 0.021429 0.025714
2 0.805357 0.558095 0.160714 0.108571
2 0.759286 0.484286 0.117143 0.090476
2 0.708214 0.428095 0.125000 0.094286
2 0.675000 0.370000 0.101429 0.086667
2 0.643929 0.331905 0.089286 0.067619
2 0.627500 0.293333 0.115000 0.057143
2 0.627500 0.268571 0.086429 0.053333
2 0.611429 0.250000 0.095714 0.048571
2 0.604643 0.231905 0.086429 0.042857
2 0.588214 0.211429 0.086429 0.047619
2 0.563929 0.180476 0.075000 0.039048
2 0.544643 0.164286 0.067857 0.037143
2 0.543214 0.149048 0.066429 0.040952
2 0.519643 0.095238 0.026429 0.030476
2 0.495357 0.087143 0.027857 0.029524
2 0.481786 0.072381 0.027857 0.026667
2 0.470714 0.060476 0.024286 0.025714
2 0.458571 0.047619 0.022857 0.022857
2 0.445000 0.037143 0.022857 0.022857
2 0.435000 0.029048 0.022857 0.020000
2 0.426071 0.023810 0.020714 0.022857
2 0.409643 0.013333 0.023571 0.022857