0 0.887526 0.216141 0.004697 0.011132
0 0.874478 0.147495 0.007829 0.016698
2 0.577766 0.333488 0.028184 0.036178
2 0.639614 0.388683 0.029749 0.044527
2 0.635177 0.500000 0.027140 0.050093
2 0.617432 0.480983 0.026096 0.052876
2 0.596033 0.584879 0.033403 0.054731
2 0.577766 0.641929 0.034447 0.051948
2 0.371347 0.535714 0.016180 0.054731
2 0.180324 0.410482 0.037056 0.038033
2 0.460073 0.881725 0.037056 0.062152
2 0.411013 0.974954 0.034969 0.048237
2 0.262526 0.211967 0.028184 0.041744
0 0.143267 0.262523 0.006785 0.016698
2 0.130480 0.182746 0.022965 0.044527
2 0.050365 0.068646 0.020355 0.038961
2 0.014092 0.016234 0.028184 0.032468
2 0.701722 0.017625 0.025574 0.031540
2 0.007829 0.780612 0.015658 0.039889