2 0.541786 0.214286 0.010714 0.007619
2 0.490000 0.128571 0.002857 0.003810
2 0.484643 0.179048 0.003571 0.005714
2 0.501786 0.188095 0.003571 0.006667
2 0.500357 0.193810 0.003571 0.006667
0 0.523571 0.159048 0.001429 0.007619
2 0.526071 0.160952 0.003571 0.005714
2 0.492500 0.220000 0.005000 0.007619
2 0.497500 0.258571 0.005000 0.008571
2 0.530714 0.308571 0.015714 0.009524
2 0.472857 0.264762 0.005714 0.009524
2 0.547857 0.235714 0.012857 0.006667
2 0.549286 0.239524 0.011429 0.006667
2 0.550000 0.243333 0.011429 0.006667
2 0.549643 0.248095 0.012143 0.008571
2 0.551071 0.251905 0.012143 0.006667
2 0.528929 0.300000 0.016429 0.009524
2 0.535714 0.339048 0.017143 0.013333
0 0.542500 0.432857 0.003571 0.010476
2 0.556429 0.447143 0.022857 0.012381
2 0.560000 0.455238 0.021429 0.009524
2 0.471071 0.563810 0.013571 0.028571
2 0.467500 0.693810 0.017857 0.040952
2 0.022857 0.627143 0.040000 0.021905
2 0.103929 0.529048 0.033571 0.016190
2 0.243571 0.406190 0.015714 0.018095
2 0.316786 0.368571 0.013571 0.019048
2 0.192500 0.435714 0.017857 0.020000
2 0.140357 0.516190 0.032143 0.017143
2 0.096429 0.546667 0.032857 0.020952
0 0.169643 0.515714 0.005000 0.014286
0 0.320000 0.337619 0.002857 0.008571
2 0.354286 0.240476 0.007143 0.008571
2 0.325000 0.255714 0.011429 0.006667
2 0.319286 0.262381 0.010000 0.008571
2 0.311786 0.271429 0.013571 0.009524
2 0.638929 0.471429 0.025000 0.015238
2 0.502857 0.156190 0.004286 0.005714