2 0.238257 0.452690 0.037056 0.027829
2 0.266962 0.336271 0.036013 0.028757
2 0.322808 0.111317 0.029749 0.024119
2 0.326983 0.083488 0.027662 0.020408
2 0.342902 0.026902 0.027140 0.022263
2 0.519050 0.203154 0.030793 0.027829
2 0.591336 0.070501 0.027140 0.020408
2 0.557672 0.150742 0.013048 0.038033
2 0.589770 0.183210 0.020877 0.038033
2 0.590553 0.112245 0.028706 0.024119
2 0.591597 0.092301 0.026618 0.023191
2 0.592902 0.050093 0.028184 0.022263
2 0.578810 0.294991 0.032359 0.027829
2 0.573330 0.321892 0.029749 0.024119
2 0.573852 0.383581 0.031837 0.026902
2 0.573591 0.414657 0.029228 0.031540
2 0.565762 0.583952 0.034447 0.026902
0 0.573591 0.542208 0.005219 0.015770
2 0.561326 0.622913 0.032881 0.047310
0 0.529228 0.710111 0.004175 0.010204
0 0.525574 0.731447 0.004175 0.008349
2 0.549843 0.842301 0.041232 0.035250
2 0.376305 0.908627 0.030271 0.075139
2 0.352557 0.925788 0.030793 0.072356
2 0.845511 0.480519 0.032359 0.027829
2 0.852296 0.451299 0.034447 0.028757
2 0.770877 0.404917 0.036534 0.041744
2 0.770616 0.371058 0.033925 0.024119
2 0.766180 0.326067 0.031315 0.028757
2 0.851514 0.341373 0.026618 0.044527
2 0.819154 0.205473 0.019311 0.045455
2 0.813935 0.098794 0.029749 0.026902
2 0.731994 0.317718 0.017223 0.045455
0 0.569415 0.239332 0.005219 0.018553