2 0.393750 0.763000 0.074500 0.190000
2 0.389750 0.575667 0.056500 0.123333
2 0.400750 0.460000 0.067500 0.094667
0 0.427250 0.337333 0.015500 0.045333
2 0.395000 0.306333 0.038000 0.063333
0 0.428500 0.281667 0.009000 0.043333
2 0.397750 0.254000 0.034500 0.052000
2 0.399750 0.217000 0.029500 0.044667
0 0.428000 0.236333 0.011000 0.036667
0 0.438000 0.261667 0.008000 0.038000
0 0.434250 0.254000 0.007500 0.036000
2 0.599750 0.329667 0.048500 0.075333
2 0.668250 0.188333 0.038500 0.046000
2 0.742750 0.229333 0.048500 0.040000
2 0.763500 0.149667 0.040000 0.035333
0 0.932500 0.261000 0.015000 0.040667
2 0.920500 0.225667 0.064000 0.038000
2 0.894750 0.205333 0.067500 0.038667
2 0.884000 0.182333 0.060000 0.031333
2 0.847250 0.148000 0.066500 0.029333
2 0.861000 0.135000 0.056000 0.028667
2 0.788000 0.113667 0.046000 0.027333
0 0.806500 0.097333 0.007000 0.021333
0 0.736250 0.089333 0.005500 0.024000
0 0.741750 0.090333 0.004500 0.022000
0 0.677250 0.073667 0.008500 0.023333
0 0.684500 0.073667 0.004000 0.022000
2 0.670750 0.070333 0.020500 0.024667
0 0.716250 0.061000 0.004500 0.012667
0 0.703500 0.043000 0.007000 0.022000
2 0.642750 0.043333 0.027500 0.024000
2 0.609500 0.032333 0.020000 0.019333
0 0.618250 0.093667 0.008500 0.018000
0 0.613250 0.096333 0.004500 0.016667
2 0.482250 0.099000 0.025500 0.034000
2 0.533500 0.060333 0.041000 0.023333
2 0.403250 0.045667 0.018500 0.026000
2 0.408250 0.030333 0.017500 0.020667
2 0.403000 0.009333 0.015000 0.018667
2 0.609750 0.014667 0.024500 0.016000
2 0.620000 0.023000 0.018000 0.016667
0 0.387250 0.068333 0.006500 0.015333
2 0.942750 0.122667 0.042500 0.033333