0 0.013750 0.192000 0.016500 0.022667
2 0.131250 0.439333 0.062500 0.045333
2 0.033250 0.849333 0.065500 0.082667
2 0.082250 0.839000 0.062500 0.084667
2 0.025000 0.971333 0.050000 0.057333
2 0.205000 0.976000 0.066000 0.046667
2 0.280250 0.972333 0.067500 0.055333
2 0.155250 0.805333 0.066500 0.070667
0 0.180250 0.765000 0.015500 0.008667
2 0.253500 0.761000 0.056000 0.055333
2 0.397250 0.916000 0.061500 0.061333
2 0.456500 0.893667 0.064000 0.048667
2 0.510500 0.867667 0.059000 0.060667
2 0.585500 0.835333 0.065000 0.053333
2 0.654750 0.804000 0.059500 0.066667
2 0.708750 0.778333 0.058500 0.072667
2 0.787500 0.733667 0.061000 0.064667
0 0.898000 0.895667 0.018000 0.014000
2 0.849000 0.719000 0.060000 0.054000
2 0.897250 0.694333 0.062500 0.054000
2 0.957250 0.670667 0.062500 0.048000
2 0.980000 0.635667 0.039000 0.050000
0 0.529750 0.566333 0.006500 0.010000
2 0.323000 0.632333 0.010000 0.007333
2 0.394250 0.338000 0.056500 0.044000
2 0.559250 0.276333 0.053500 0.042000
2 0.496250 0.647333 0.056500 0.046667
2 0.712750 0.569000 0.066500 0.044667
2 0.859000 0.510333 0.060000 0.056667
2 0.983000 0.479000 0.033000 0.038000
0 0.893000 0.556000 0.016000 0.013333
0 0.897000 0.554667 0.018000 0.012000
0 0.893250 0.447333 0.017500 0.014667
0 0.944000 0.383667 0.017000 0.012667
0 0.879500 0.350333 0.015000 0.015333