2 0.393006 0.827922 0.053236 0.069573
2 0.949374 0.955473 0.036534 0.087199
0 0.977818 0.863636 0.015136 0.031540
0 0.963987 0.898887 0.015658 0.029685
2 0.836378 0.854824 0.045407 0.084416
0 0.808716 0.205009 0.005741 0.016698
0 0.913622 0.094620 0.005741 0.012987
0 0.917537 0.096011 0.005219 0.012059
2 0.612213 0.668831 0.039666 0.063080
2 0.583768 0.740260 0.031837 0.068646
2 0.487735 0.622913 0.032881 0.054731
2 0.473904 0.576994 0.036534 0.046382
0 0.444676 0.559833 0.008351 0.028757
0 0.430846 0.509276 0.006785 0.024119
0 0.452244 0.482839 0.006785 0.023191
2 0.395094 0.509276 0.039666 0.042672
0 0.300887 0.674397 0.008873 0.018553
2 0.267223 0.454545 0.030271 0.046382
2 0.254175 0.386364 0.031315 0.038033
2 0.175626 0.562152 0.071503 0.081633
2 0.131524 0.509740 0.063674 0.054731
0 0.218946 0.369666 0.006785 0.012059
0 0.114040 0.256494 0.004697 0.015770
0 0.107255 0.256494 0.005741 0.015770
0 0.060282 0.234694 0.005741 0.016698
2 0.060021 0.228200 0.027140 0.020408
0 0.041754 0.190631 0.004175 0.015770