2 0.078214 0.811429 0.017857 0.043810
2 0.250357 0.845714 0.013571 0.043810
2 0.272500 0.841429 0.015000 0.044762
2 0.291429 0.830000 0.012857 0.040952
2 0.304643 0.828571 0.015000 0.040000
2 0.345357 0.691429 0.013571 0.040000
2 0.334643 0.478571 0.010714 0.027619
2 0.340357 0.581905 0.012143 0.034286
2 0.467500 0.566667 0.026429 0.015238
2 0.515000 0.601429 0.017143 0.035238
2 0.539286 0.620476 0.011429 0.037143
2 0.530000 0.565714 0.012857 0.030476
2 0.990357 0.441429 0.019286 0.018095
2 0.446071 0.726190 0.029286 0.021905
2 0.452857 0.746667 0.028571 0.017143
2 0.485000 0.766190 0.025714 0.025714
2 0.523214 0.367143 0.012143 0.031429
2 0.498571 0.364286 0.014286 0.025714
2 0.502857 0.390952 0.012857 0.029524
2 0.512857 0.463810 0.012857 0.032381
2 0.536786 0.452381 0.015000 0.030476
2 0.530000 0.396190 0.014286 0.032381