2 0.361786 0.133883 0.029286 0.024112
2 0.360000 0.181472 0.027143 0.025381
2 0.364286 0.206853 0.021429 0.025381
2 0.350357 0.281091 0.025000 0.021574
2 0.347143 0.305838 0.021429 0.020305
2 0.170000 0.837563 0.018571 0.058376
2 0.211071 0.769670 0.020714 0.059645
2 0.313571 0.473985 0.020000 0.054569
2 0.468929 0.936548 0.015000 0.065990
2 0.427143 0.727157 0.014286 0.058376
0 0.504643 0.583756 0.006429 0.017766
2 0.431786 0.552030 0.015000 0.053299
0 0.824286 0.612944 0.005714 0.012690
2 0.760357 0.714467 0.023571 0.063452
2 0.426429 0.034264 0.011429 0.040609
2 0.426429 0.324239 0.012857 0.046954
2 0.398571 0.416244 0.012857 0.050761
2 0.430714 0.442893 0.012857 0.048223