2 0.146429 0.065238 0.051429 0.109524
2 0.174286 0.201905 0.052857 0.112381
2 0.250714 0.254286 0.045714 0.110476
2 0.290000 0.091905 0.045714 0.109524
0 0.202500 0.315238 0.017857 0.022857
2 0.268571 0.438095 0.038571 0.110476
2 0.220714 0.494286 0.034286 0.114286
2 0.257500 0.614762 0.047857 0.115238
2 0.136429 0.620952 0.085714 0.078095
2 0.156071 0.732857 0.090714 0.073333
2 0.332500 0.695714 0.069286 0.101905
0 0.201786 0.341905 0.013571 0.020952
0 0.304643 0.395714 0.016429 0.021905
0 0.126071 0.566667 0.032143 0.017143
0 0.318571 0.496190 0.015714 0.020952
2 0.043571 0.854762 0.087143 0.063810
2 0.043214 0.759524 0.086429 0.071429
2 0.029286 0.945714 0.058571 0.064762
2 0.365714 0.865238 0.091429 0.065714
0 0.605714 0.727619 0.011429 0.013333
0 0.742857 0.693810 0.017143 0.014286
2 0.731786 0.753810 0.076429 0.056190
0 0.445714 0.539524 0.008571 0.014286
2 0.600357 0.429048 0.050714 0.098095
0 0.526071 0.364762 0.010714 0.020952
0 0.517857 0.294762 0.010000 0.021905
2 0.380000 0.189524 0.044286 0.114286
2 0.585357 0.185714 0.067857 0.095238
0 0.543571 0.081429 0.011429 0.025714
2 0.102143 0.217619 0.050000 0.120952
2 0.807143 0.435714 0.078571 0.069524
2 0.862857 0.513810 0.078571 0.061905
2 0.945357 0.393810 0.075000 0.058095
2 0.966071 0.493333 0.067857 0.047619
2 0.983571 0.693810 0.032857 0.044762