0 0.250000 0.143810 0.012857 0.013333
0 0.232857 0.324286 0.008571 0.012381
0 0.255714 0.321429 0.010000 0.012381
0 0.238214 0.349524 0.007857 0.009524
0 0.230000 0.367619 0.008571 0.009524
0 0.223214 0.369524 0.006429 0.005714
2 0.333571 0.075714 0.042857 0.037143
2 0.325000 0.108095 0.045714 0.037143
2 0.320357 0.136667 0.045000 0.037143
2 0.316429 0.164286 0.037143 0.031429
2 0.309286 0.193333 0.041429 0.036190
2 0.299643 0.252381 0.043571 0.034286
2 0.290714 0.284286 0.042857 0.033333
2 0.287143 0.318571 0.044286 0.033333
2 0.278571 0.349048 0.044286 0.033333
2 0.273571 0.381905 0.045714 0.032381
2 0.265000 0.413333 0.045714 0.030476
2 0.260357 0.442857 0.046429 0.034286
2 0.247857 0.503810 0.045714 0.034286
2 0.243214 0.535238 0.043571 0.032381
2 0.237500 0.573333 0.045000 0.032381
2 0.231786 0.601429 0.045000 0.029524
2 0.183214 0.853810 0.050714 0.035238
2 0.178214 0.888571 0.052143 0.038095
2 0.168929 0.922857 0.053571 0.036190
0 0.116429 0.980476 0.008571 0.016190
2 0.370357 0.734762 0.027857 0.067619
2 0.398929 0.567143 0.023571 0.060000
0 0.453214 0.404286 0.007857 0.016190
0 0.361429 0.418571 0.008571 0.008571
0 0.497857 0.941429 0.008571 0.018095
2 0.469643 0.969048 0.039286 0.058095
2 0.552143 0.877143 0.028571 0.066667
2 0.569286 0.814762 0.045714 0.033333
0 0.521786 0.831905 0.007857 0.014286
2 0.546071 0.653333 0.017857 0.038095
2 0.603214 0.601429 0.040714 0.027619
2 0.623571 0.473810 0.045714 0.027619
2 0.595357 0.206190 0.043571 0.037143
2 0.604286 0.161429 0.042857 0.035238
0 0.671429 0.121429 0.007143 0.012381
2 0.728571 0.705714 0.044286 0.030476