0 0.941429 0.762857 0.008571 0.019048
2 0.403571 0.974762 0.051429 0.050476
2 0.305357 0.904762 0.043571 0.053333
2 0.272143 0.793810 0.030000 0.033333
2 0.205714 0.734286 0.025714 0.024762
2 0.177857 0.698571 0.018571 0.020000
2 0.197500 0.675714 0.017857 0.018095
2 0.195714 0.653810 0.012857 0.012381
2 0.134286 0.630476 0.012857 0.013333
2 0.134643 0.601905 0.012143 0.009524
2 0.114286 0.584286 0.008571 0.008571
2 0.068214 0.556667 0.007857 0.006667
2 0.083571 0.591429 0.010000 0.009524
2 0.086786 0.615714 0.010714 0.012381
2 0.106786 0.629524 0.010714 0.013333
2 0.112143 0.643333 0.012857 0.016190
2 0.112857 0.659524 0.014286 0.012381
2 0.113929 0.672857 0.019286 0.018095
2 0.116786 0.680000 0.016429 0.022857
2 0.121071 0.695714 0.019286 0.020000
2 0.122500 0.710952 0.019286 0.021905
2 0.133571 0.724762 0.020000 0.024762
2 0.136071 0.745714 0.020714 0.026667
2 0.145714 0.774286 0.024286 0.028571
2 0.151786 0.801905 0.027857 0.040000
2 0.163571 0.838095 0.030000 0.043810
2 0.168929 0.879048 0.035000 0.047619
2 0.202143 0.967619 0.044286 0.064762
2 0.122500 0.929048 0.039286 0.067619
2 0.145714 0.984286 0.041429 0.031429
2 0.115714 0.864762 0.031429 0.049524
2 0.116429 0.832381 0.028571 0.038095
2 0.109286 0.801905 0.027143 0.038095
2 0.106786 0.768571 0.025000 0.036190
2 0.101786 0.730952 0.017857 0.025714
2 0.096071 0.715238 0.017857 0.022857
2 0.091071 0.699524 0.019286 0.021905
2 0.089643 0.677143 0.012143 0.019048
0 0.067500 0.707143 0.006429 0.016190
2 0.069643 0.653333 0.015000 0.022857
2 0.066071 0.620000 0.007857 0.015238
2 0.066429 0.596667 0.007143 0.020000