2 0.209551 0.951763 0.060021 0.094620
0 0.344468 0.687848 0.014614 0.043599
0 0.217641 0.628942 0.013570 0.040816
2 0.571503 0.617347 0.035491 0.108534
0 0.553758 0.528757 0.010438 0.031540
0 0.547756 0.467069 0.009916 0.028757
0 0.590553 0.352505 0.006785 0.042672
0 0.504175 0.271336 0.009395 0.028757
2 0.422234 0.372449 0.032359 0.076994
2 0.475731 0.247681 0.024530 0.057514
0 0.329332 0.458720 0.013570 0.041744
0 0.504697 0.164657 0.008351 0.028757
2 0.488779 0.129870 0.019311 0.040816
2 0.450157 0.035250 0.016180 0.033395
0 0.517745 0.084879 0.006263 0.023191
0 0.522443 0.083024 0.006263 0.028757
0 0.527140 0.082096 0.006263 0.028757
0 0.530532 0.082560 0.005741 0.027829
2 0.503653 0.037570 0.016701 0.038033
0 0.523747 0.022263 0.006785 0.020408
0 0.588466 0.176252 0.008873 0.035250
0 0.647443 0.169759 0.007829 0.027829
0 0.628653 0.032004 0.004697 0.021336