2 0.096071 0.417513 0.036429 0.053299
2 0.131071 0.644036 0.030714 0.085025
2 0.456071 0.197335 0.023571 0.046954
2 0.384643 0.822335 0.047857 0.126904
2 0.177857 0.360406 0.025714 0.053299
2 0.168929 0.230330 0.025000 0.036802
2 0.181071 0.202411 0.020714 0.029188
2 0.190000 0.173858 0.024286 0.035533
2 0.201071 0.151015 0.020714 0.027919
2 0.232143 0.080584 0.017143 0.026650
2 0.246429 0.077411 0.017143 0.022843
2 0.242500 0.047589 0.026429 0.024112
2 0.256786 0.027919 0.015000 0.025381
2 0.265000 0.017766 0.015714 0.017766
2 0.593929 0.284898 0.025000 0.064721
2 0.675000 0.546954 0.035714 0.096447
2 0.602143 0.078680 0.020000 0.038071
2 0.591786 0.017132 0.016429 0.034264
0 0.824286 0.366751 0.007143 0.032995
0 0.818929 0.371193 0.006429 0.029188
0 0.799286 0.408629 0.008571 0.027919
0 0.787500 0.401650 0.006429 0.016497
0 0.738929 0.371193 0.007857 0.013959
0 0.738929 0.361675 0.006429 0.015228
0 0.715714 0.282995 0.004286 0.025381
0 0.789643 0.210025 0.006429 0.026650
0 0.746786 0.171954 0.003571 0.024112
0 0.751429 0.171320 0.004286 0.025381
0 0.752143 0.151650 0.004286 0.019036
0 0.747500 0.151650 0.003571 0.021574
0 0.712143 0.259518 0.005714 0.019036
0 0.707143 0.255711 0.002857 0.008883
0 0.706071 0.247462 0.006429 0.017766
0 0.722857 0.225888 0.004286 0.010152
0 0.712500 0.214467 0.003571 0.022843
0 0.717857 0.208122 0.004286 0.022843
0 0.707857 0.213198 0.004286 0.017766
0 0.697500 0.216371 0.005000 0.026650
0 0.711786 0.195431 0.005000 0.017766
0 0.742857 0.131980 0.004286 0.020305
0 0.751786 0.104061 0.003571 0.020305
0 0.748214 0.104695 0.003571 0.021574
0 0.743214 0.099619 0.005000 0.016497
0 0.745000 0.069162 0.004286 0.019036
0 0.732857 0.037437 0.005714 0.019036
0 0.717500 0.039975 0.003571 0.019036
0 0.713929 0.039975 0.002143 0.019036
0 0.728929 0.019670 0.003571 0.016497
0 0.731786 0.027284 0.005000 0.013959
0 0.698929 0.007614 0.005000 0.012690
0 0.662143 0.013959 0.004286 0.010152
0 0.659643 0.014594 0.003571 0.006345
0 0.640714 0.019036 0.002857 0.007614
0 0.642857 0.019036 0.002857 0.007614
0 0.644286 0.019036 0.004286 0.007614
0 0.419643 0.383249 0.009286 0.027919
0 0.937143 0.756980 0.012857 0.034264
0 0.930714 0.748096 0.010000 0.034264