0 0.442857 0.286190 0.021429 0.050476
0 0.342857 0.296667 0.015714 0.052381
0 0.817500 0.022381 0.020714 0.044762
0 0.547143 0.675714 0.028571 0.052381
0 0.688214 0.714762 0.027857 0.058095
0 0.532857 0.481429 0.015714 0.050476
0 0.548929 0.471429 0.016429 0.051429
0 0.736071 0.482381 0.022143 0.040952
0 0.775714 0.510952 0.024286 0.048571
0 0.784643 0.501429 0.025000 0.048571
0 0.771429 0.433810 0.024286 0.060000
0 0.787500 0.351905 0.020714 0.048571
0 0.810000 0.362381 0.010000 0.046667
0 0.870357 0.330952 0.027857 0.054286
0 0.924286 0.160476 0.027143 0.048571
0 0.981071 0.167619 0.029286 0.047619
0 0.935714 0.530476 0.031429 0.028571
0 0.903214 0.651429 0.025000 0.043810
0 0.932500 0.649524 0.040714 0.051429
0 0.228929 0.802381 0.045000 0.063810
0 0.252143 0.920476 0.035714 0.052381