2 0.413929 0.880476 0.083571 0.166667
2 0.459643 0.683810 0.062143 0.144762
2 0.551429 0.794762 0.070000 0.168571
2 0.481071 0.568571 0.046429 0.099048
2 0.790714 0.568571 0.060000 0.087619
2 0.819286 0.712857 0.074286 0.120952
2 0.899286 0.680476 0.077143 0.109524
2 0.872857 0.892857 0.105714 0.181905
2 0.957143 0.893333 0.085714 0.179048
2 0.953571 0.358095 0.092857 0.085714
2 0.828929 0.338571 0.070714 0.061905
2 0.552500 0.328095 0.035000 0.052381
2 0.558214 0.387143 0.049286 0.061905
0 0.613929 0.409048 0.015000 0.027619
2 0.643929 0.302381 0.033571 0.046667
2 0.560000 0.232381 0.045714 0.032381
0 0.886071 0.264286 0.006429 0.020000
0 0.867143 0.234762 0.015714 0.027619
0 0.877857 0.195714 0.010000 0.020000
0 0.933571 0.205714 0.007143 0.017143
0 0.951071 0.200000 0.006429 0.017143
0 0.982500 0.203333 0.006429 0.020000
0 0.979286 0.201429 0.005714 0.018095
0 0.883214 0.137143 0.007857 0.015238
2 0.977857 0.160952 0.044286 0.026667
2 0.860357 0.119524 0.040714 0.021905
2 0.817143 0.151429 0.018571 0.022857
2 0.781429 0.156190 0.018571 0.026667
2 0.776786 0.180476 0.045000 0.023810
2 0.718571 0.142381 0.025714 0.031429
2 0.689286 0.146667 0.024286 0.020952
0 0.554286 0.159524 0.007143 0.014286
2 0.080714 0.198571 0.042857 0.018095
2 0.115357 0.205238 0.042143 0.016190
2 0.104643 0.220952 0.043571 0.020952
2 0.156429 0.197143 0.042857 0.019048
2 0.178214 0.212857 0.043571 0.021905
2 0.228929 0.208571 0.043571 0.020952
2 0.274643 0.186190 0.037857 0.021905
2 0.292500 0.208571 0.040714 0.022857
2 0.354286 0.212381 0.041429 0.026667
0 0.491071 0.434762 0.010714 0.029524
0 0.450714 0.458095 0.015714 0.036190
0 0.538214 0.164762 0.005000 0.015238
0 0.542143 0.161905 0.005714 0.013333
0 0.585357 0.113810 0.005000 0.010476
2 0.029286 0.575714 0.055714 0.046667
2 0.020357 0.542381 0.036429 0.044762
0 0.161429 0.582381 0.020000 0.037143
2 0.975714 0.713810 0.048571 0.115238