2 0.511429 0.796954 0.018571 0.068528
2 0.535000 0.791244 0.020000 0.072335
2 0.560000 0.800127 0.020000 0.069797
2 0.550000 0.701777 0.018571 0.063452
2 0.544286 0.621193 0.018571 0.062183
2 0.826071 0.855964 0.040714 0.039340
2 0.525714 0.236041 0.014286 0.055838
0 0.662500 0.250000 0.006429 0.017766
0 0.661786 0.171320 0.005000 0.015228
0 0.667500 0.161802 0.005000 0.013959
0 0.673571 0.161168 0.005714 0.020305
0 0.129643 0.298223 0.010714 0.017766
0 0.143214 0.307107 0.012143 0.020305
0 0.190714 0.011421 0.007143 0.020305