2 0.892250 0.732000 0.041500 0.094667
2 0.737750 0.675667 0.034500 0.084667
2 0.700250 0.657667 0.032500 0.083333
2 0.658500 0.648333 0.033000 0.072667
2 0.605750 0.632333 0.038500 0.086000
2 0.591750 0.862667 0.069500 0.104000
0 0.201500 0.617000 0.012000 0.020667
2 0.105000 0.671000 0.061000 0.082000
2 0.025500 0.476000 0.051000 0.060000
2 0.111250 0.496000 0.029500 0.060000
2 0.147250 0.508000 0.044500 0.070667
2 0.232250 0.520333 0.037500 0.055333
2 0.261250 0.537333 0.037500 0.068000
2 0.321750 0.561000 0.037500 0.072667
2 0.292000 0.464333 0.064000 0.039333
2 0.403000 0.401333 0.034000 0.056000
0 0.203250 0.390667 0.007500 0.014667
0 0.205000 0.406333 0.007000 0.012667
0 0.190500 0.395667 0.008000 0.012667
2 0.530500 0.428667 0.032000 0.061333
2 0.496500 0.413333 0.035000 0.062667