2 0.400313 0.876160 0.033403 0.065863
2 0.379175 0.719388 0.033925 0.067718
2 0.380219 0.640074 0.042276 0.040816
2 0.470251 0.568646 0.026096 0.050093
2 0.511221 0.459184 0.023486 0.048237
0 0.502088 0.430427 0.005219 0.022263
2 0.535230 0.384045 0.019311 0.040816
2 0.504436 0.269944 0.026618 0.020408
2 0.513309 0.260204 0.025574 0.021336
2 0.529228 0.219388 0.026096 0.023191
2 0.549061 0.179499 0.016701 0.019481
0 0.569154 0.139610 0.003653 0.010204
2 0.552975 0.148887 0.021399 0.017625
2 0.533142 0.143785 0.016180 0.018553
0 0.454854 0.113173 0.002610 0.007421
0 0.450157 0.099258 0.002610 0.012987
2 0.458246 0.108071 0.018789 0.015770
2 0.086117 0.218460 0.025052 0.023191
2 0.169102 0.154917 0.019833 0.020408
0 0.247651 0.051020 0.002610 0.011132
2 0.180063 0.033395 0.014614 0.012987
2 0.191545 0.014378 0.015658 0.012059
2 0.175365 0.012059 0.010438 0.012987
2 0.191545 0.007885 0.013570 0.013915
2 0.217380 0.011596 0.010960 0.012059
2 0.222599 0.014842 0.010960 0.011132
2 0.413361 0.079777 0.016701 0.014842
2 0.359342 0.010204 0.012004 0.016698
2 0.369781 0.005102 0.010960 0.010204
0 0.421190 0.065863 0.003132 0.011132
0 0.531837 0.076531 0.003132 0.013915
2 0.686848 0.021800 0.009395 0.012059
2 0.688413 0.011596 0.008351 0.012059