2 0.491786 0.499524 0.019286 0.040952
0 0.671786 0.954762 0.012143 0.025714
2 0.481071 0.240000 0.012143 0.020952
2 0.461786 0.215238 0.012143 0.019048
2 0.531071 0.186190 0.023571 0.018095
2 0.519286 0.139524 0.020000 0.016190
2 0.462143 0.089048 0.007143 0.010476
2 0.469643 0.137619 0.007857 0.014286
2 0.455000 0.123810 0.007143 0.007619
2 0.525000 0.028571 0.007143 0.009524
2 0.537143 0.020476 0.011429 0.008571
2 0.460714 0.190000 0.011429 0.018095
2 0.471429 0.152381 0.010000 0.015238
2 0.475000 0.089048 0.011429 0.012381
2 0.514643 0.030000 0.007857 0.010476
2 0.522500 0.017143 0.006429 0.009524
2 0.366429 0.012857 0.007143 0.010476
2 0.533929 0.029048 0.006429 0.008571
0 0.439286 0.089048 0.002857 0.008571
0 0.434286 0.198095 0.004286 0.007619
0 0.555357 0.270000 0.003571 0.010476
0 0.454643 0.039048 0.003571 0.009524
0 0.476429 0.038095 0.002857 0.009524
0 0.482500 0.037619 0.002143 0.010476
0 0.485357 0.037143 0.003571 0.011429
0 0.458929 0.020476 0.003571 0.008571
0 0.472857 0.019524 0.002857 0.008571
0 0.375000 0.024762 0.002857 0.009524