0 0.015250 0.640333 0.013500 0.016667
0 0.056500 0.622667 0.010000 0.018667
2 0.025250 0.711000 0.050500 0.034000
2 0.079250 0.719667 0.056500 0.035333
2 0.091000 0.643000 0.047000 0.028667
2 0.140500 0.648000 0.045000 0.029333
2 0.200750 0.655000 0.047500 0.030000
2 0.253000 0.660333 0.047000 0.030000
2 0.228000 0.743333 0.054000 0.034667
0 0.299750 0.773667 0.012500 0.020667
0 0.318250 0.674333 0.008500 0.020667
2 0.344500 0.757333 0.058000 0.038667
2 0.465250 0.772667 0.054500 0.040000
2 0.343250 0.553000 0.037500 0.024667
2 0.352250 0.531667 0.039500 0.024667
2 0.438000 0.547000 0.040000 0.024667
2 0.378000 0.609000 0.027000 0.035333
2 0.415250 0.524333 0.023500 0.028667
2 0.410500 0.443667 0.029000 0.020667
2 0.424250 0.426667 0.030500 0.017333
2 0.430500 0.417000 0.029000 0.016667
2 0.437000 0.410000 0.028000 0.016000
2 0.445000 0.403667 0.028000 0.015333
2 0.454000 0.396667 0.027000 0.016000
2 0.486250 0.366000 0.021500 0.014667
2 0.505250 0.349333 0.027500 0.013333
0 0.456750 0.305333 0.004500 0.012000
2 0.459500 0.247667 0.008000 0.010000
2 0.423250 0.675667 0.050500 0.034000
2 0.490000 0.686000 0.050000 0.034667
2 0.554500 0.693000 0.052000 0.034000
2 0.686000 0.707667 0.055000 0.035333
2 0.734500 0.688333 0.039000 0.042000
0 0.538000 0.942667 0.014000 0.030667
0 0.546000 0.937667 0.014000 0.030000
0 0.708750 0.866000 0.012500 0.028000
0 0.723750 0.870000 0.011500 0.025333
0 0.732750 0.864000 0.010500 0.024000
2 0.762250 0.814333 0.065500 0.042000
2 0.838000 0.826667 0.071000 0.042667
2 0.928000 0.838333 0.069000 0.038000
0 0.871250 0.759000 0.012500 0.020667
0 0.930250 0.763000 0.011500 0.023333
2 0.899000 0.739333 0.054000 0.037333
2 0.801250 0.578333 0.045500 0.023333
2 0.785750 0.484000 0.036500 0.021333
2 0.783500 0.473333 0.041000 0.017333
2 0.780750 0.462667 0.032500 0.013333
2 0.702500 0.452333 0.034000 0.019333
2 0.704250 0.442667 0.034500 0.020000
0 0.725750 0.430333 0.006500 0.015333
0 0.747000 0.431667 0.007000 0.015333
2 0.754500 0.415000 0.023000 0.019333
2 0.826000 0.417000 0.029000 0.019333
2 0.833250 0.410667 0.031500 0.018667
0 0.830750 0.356667 0.004500 0.012000
0 0.829000 0.357000 0.003000 0.010000
0 0.827250 0.357667 0.003500 0.010000
2 0.772000 0.351667 0.021000 0.018000
2 0.808750 0.350000 0.023500 0.014667
2 0.793000 0.340667 0.025000 0.012000
2 0.786250 0.334667 0.021500 0.012000
2 0.777750 0.330333 0.022500 0.012667
0 0.943750 0.464667 0.006500 0.010667
0 0.940000 0.458333 0.004000 0.008667
2 0.982250 0.434667 0.035500 0.018667
2 0.977000 0.363333 0.029000 0.014667
2 0.977500 0.357667 0.031000 0.015333
2 0.957250 0.339000 0.012500 0.014000
2 0.951250 0.311333 0.014500 0.012000
0 0.909000 0.283333 0.004000 0.008000
0 0.914500 0.282667 0.003000 0.009333
2 0.020500 0.441667 0.028000 0.018000
2 0.010250 0.448667 0.020500 0.018667