0 0.060000 0.909524 0.010000 0.022857
0 0.377143 0.547143 0.004286 0.012381
2 0.475000 0.301905 0.005714 0.007619
2 0.445000 0.248571 0.004286 0.005714
2 0.632143 0.963333 0.041429 0.073333
2 0.666786 0.960000 0.042143 0.066667
2 0.809286 0.429048 0.012857 0.016190
2 0.802500 0.430952 0.012143 0.018095
2 0.787857 0.431429 0.012857 0.015238
2 0.764286 0.434762 0.014286 0.014286
2 0.728571 0.437619 0.015714 0.014286
2 0.693214 0.442381 0.015000 0.016190
2 0.678929 0.442381 0.012143 0.016190
2 0.696071 0.470476 0.023571 0.015238
2 0.668929 0.442857 0.010714 0.015238
2 0.637500 0.445238 0.010714 0.014286
2 0.611429 0.409524 0.011429 0.007619
2 0.596429 0.383810 0.010000 0.007619
2 0.599286 0.386667 0.011429 0.007619
2 0.602857 0.393810 0.017143 0.012381
2 0.610000 0.400952 0.014286 0.009524
2 0.573929 0.416667 0.019286 0.010476
2 0.572143 0.411905 0.020000 0.010476
2 0.113214 0.460476 0.017857 0.016190
2 0.137857 0.405238 0.014286 0.010476
2 0.122857 0.453810 0.015714 0.012381
2 0.129643 0.445714 0.017857 0.011429
2 0.133929 0.441429 0.013571 0.012381
2 0.280714 0.334762 0.012857 0.008571
2 0.290714 0.328571 0.008571 0.007619
2 0.293214 0.325238 0.010714 0.006667