2 0.552453 0.671614 0.034969 0.042672
2 0.467380 0.561224 0.038100 0.027829
2 0.471033 0.544527 0.024530 0.037106
2 0.451722 0.545455 0.024530 0.040816
2 0.448852 0.496289 0.018789 0.027829
2 0.384395 0.596939 0.024530 0.043599
2 0.381785 0.547774 0.033925 0.030612
2 0.382307 0.535714 0.030793 0.034323
2 0.433194 0.499536 0.020877 0.034323
2 0.446764 0.464286 0.030271 0.025046
2 0.387004 0.469388 0.034969 0.025974
2 0.384134 0.459184 0.032359 0.022263
2 0.381785 0.451299 0.031837 0.021336
2 0.359603 0.238404 0.020877 0.016698
0 0.184760 0.348330 0.005219 0.008349
0 0.272443 0.253711 0.004175 0.013915
0 0.231994 0.163265 0.002610 0.005566
0 0.220251 0.105751 0.002088 0.005566
2 0.225992 0.055659 0.005219 0.009276