2 0.422857 0.615482 0.025714 0.068528
2 0.468571 0.581853 0.024286 0.067259
2 0.395714 0.494924 0.021429 0.043147
2 0.352143 0.524112 0.025714 0.048223
2 0.040000 0.857234 0.027143 0.059645
2 0.032500 0.796320 0.029286 0.049492
2 0.479643 0.320431 0.016429 0.031726
2 0.400357 0.215102 0.010714 0.019036
2 0.405714 0.160533 0.010000 0.019036
2 0.411429 0.110406 0.010000 0.017766
2 0.513571 0.153553 0.010000 0.020305
2 0.518214 0.122462 0.007857 0.016497
2 0.497500 0.069797 0.009286 0.017766
2 0.509643 0.072335 0.007857 0.017766
2 0.291429 0.566624 0.018571 0.036802
0 0.148571 0.307741 0.007143 0.016497
2 0.494643 0.243020 0.012143 0.024112
2 0.354286 0.111041 0.007143 0.011421
2 0.371429 0.113579 0.010000 0.013959
2 0.336071 0.129442 0.012143 0.012690
0 0.620714 0.652284 0.010000 0.027919
0 0.576429 0.656091 0.011429 0.027919
2 0.521429 0.098985 0.008571 0.017766
2 0.528571 0.074239 0.005714 0.016497
2 0.530714 0.055838 0.007143 0.010152
2 0.543571 0.053934 0.007143 0.011421
2 0.542143 0.061548 0.008571 0.011421
2 0.548214 0.039340 0.006429 0.015228
2 0.534643 0.039975 0.007857 0.019036
2 0.485357 0.157360 0.012143 0.020305