2 0.855357 0.972716 0.053571 0.052030
2 0.852143 0.930838 0.051429 0.054569
2 0.683571 0.777919 0.018571 0.073604
0 0.220714 0.741117 0.008571 0.025381
2 0.272857 0.657995 0.027143 0.057107
0 0.268571 0.472081 0.004286 0.022843
0 0.136786 0.578680 0.007857 0.027919
0 0.133571 0.489848 0.007143 0.025381
0 0.152143 0.477792 0.007143 0.021574
0 0.140000 0.413071 0.008571 0.021574
0 0.146429 0.414340 0.004286 0.016497
0 0.252857 0.353426 0.005714 0.021574
0 0.204643 0.324239 0.005000 0.021574
0 0.223571 0.332487 0.004286 0.012690
0 0.289286 0.296320 0.004286 0.019036
0 0.293929 0.296320 0.005000 0.021574
0 0.298929 0.257614 0.003571 0.017766
0 0.296071 0.212563 0.005000 0.019036
0 0.296786 0.213198 0.003571 0.017766
0 0.256429 0.010787 0.004286 0.016497
0 0.236071 0.010152 0.032143 0.020305
0 0.260357 0.013325 0.003571 0.013959
0 0.265000 0.019036 0.002857 0.012690
0 0.266786 0.014594 0.002143 0.013959
0 0.269643 0.020305 0.002143 0.015228
0 0.280714 0.052030 0.002857 0.015228
0 0.284286 0.049492 0.002857 0.012690
0 0.266786 0.053934 0.005000 0.011421
0 0.258214 0.057107 0.005000 0.015228
2 0.298571 0.111675 0.014286 0.022843
2 0.306786 0.136421 0.015000 0.024112
2 0.318929 0.197335 0.012143 0.024112
2 0.321071 0.228426 0.012143 0.027919
2 0.319286 0.267766 0.014286 0.030457
2 0.341786 0.335025 0.015000 0.032995
2 0.348571 0.225888 0.012857 0.025381
2 0.352143 0.124365 0.011429 0.020305
2 0.579286 0.015228 0.012857 0.020305
0 0.629643 0.006980 0.003571 0.013959
2 0.600357 0.070431 0.012143 0.021574
2 0.642857 0.022843 0.011429 0.017766
2 0.719643 0.074873 0.012143 0.025381
2 0.635000 0.253173 0.014286 0.029188
2 0.781071 0.014594 0.010714 0.024112
2 0.803571 0.013959 0.010000 0.025381
2 0.732857 0.371827 0.015714 0.043147
2 0.870714 0.286802 0.015714 0.032995
2 0.968214 0.439721 0.022143 0.036802
2 0.935000 0.463832 0.020000 0.041878
2 0.869286 0.703680 0.037143 0.062183
2 0.533214 0.529822 0.016429 0.044416
2 0.730000 0.541878 0.018571 0.055838
2 0.734643 0.622462 0.017857 0.062183
2 0.747857 0.519670 0.017143 0.044416
2 0.690357 0.683376 0.019286 0.067259