0 0.101514 0.965677 0.005741 0.027829
0 0.077766 0.985622 0.010438 0.021336
0 0.048278 0.754638 0.007829 0.023191
0 0.055324 0.757885 0.008351 0.016698
0 0.018267 0.044063 0.006263 0.013915
0 0.046451 0.030612 0.005219 0.014842
2 0.323591 0.156772 0.026096 0.024119
2 0.332985 0.185065 0.025052 0.025046
2 0.343685 0.207792 0.029749 0.025974
2 0.349165 0.219852 0.030271 0.025974
2 0.353862 0.233302 0.027140 0.026902
2 0.356472 0.247217 0.027140 0.028757
2 0.382046 0.301020 0.032359 0.030612
2 0.416754 0.347866 0.032881 0.029685
2 0.415710 0.379870 0.032881 0.038033
0 0.427192 0.446660 0.003653 0.023191
0 0.433194 0.456401 0.004175 0.012987
0 0.439718 0.457792 0.006785 0.010204
0 0.442850 0.449443 0.006785 0.012059
0 0.434760 0.446660 0.005219 0.010204
2 0.463727 0.772263 0.050626 0.060297
0 0.420668 0.426252 0.005219 0.017625
2 0.306367 0.391002 0.031315 0.038033
2 0.218685 0.110390 0.020877 0.020408
0 0.218424 0.050093 0.003653 0.014842
0 0.215031 0.045918 0.003132 0.012059
2 0.306367 0.023191 0.017745 0.018553
2 0.606994 0.703618 0.046973 0.065863
2 0.621868 0.678571 0.044363 0.056586
0 0.744259 0.665121 0.008351 0.029685
0 0.749217 0.698516 0.008873 0.029685
2 0.851775 0.374768 0.027140 0.038961
2 0.881524 0.355288 0.034447 0.035250
2 0.913883 0.333488 0.033403 0.038033
2 0.906837 0.252319 0.027662 0.027829
2 0.929541 0.238404 0.031315 0.027829
0 0.975470 0.275510 0.006263 0.016698