0 0.467500 0.216667 0.003571 0.008571
0 0.457857 0.222857 0.004286 0.009524
0 0.473214 0.212381 0.002143 0.007619
2 0.408571 0.375238 0.017143 0.030476
2 0.415357 0.358571 0.013571 0.023810
2 0.421786 0.339048 0.012143 0.022857
2 0.426429 0.319048 0.015714 0.022857
2 0.429286 0.301429 0.010000 0.014286
0 0.404286 0.338095 0.002857 0.015238
0 0.381071 0.381429 0.003571 0.016190
0 0.405357 0.314286 0.003571 0.013333
2 0.366786 0.511905 0.029286 0.052381
2 0.329643 0.628095 0.037857 0.069524
2 0.446786 0.713810 0.039286 0.119048
2 0.603929 0.681429 0.040714 0.065714
2 0.570714 0.467619 0.022857 0.034286
2 0.533929 0.495714 0.023571 0.050476
2 0.507857 0.321905 0.015714 0.020952
2 0.558929 0.314286 0.013571 0.019048
0 0.681071 0.472381 0.006429 0.015238
0 0.672857 0.469048 0.005714 0.010476
0 0.656786 0.469524 0.005000 0.011429
0 0.626429 0.378571 0.002857 0.006667
0 0.618214 0.359048 0.002143 0.007619
0 0.625714 0.359524 0.004286 0.008571
0 0.568571 0.215714 0.004286 0.004762
0 0.545000 0.230000 0.004286 0.006667
2 0.518214 0.125238 0.003571 0.008571
2 0.512857 0.124762 0.002857 0.007619
2 0.514643 0.142857 0.005000 0.007619
2 0.521071 0.137619 0.003571 0.006667
2 0.519286 0.175238 0.007143 0.007619
2 0.507143 0.172381 0.005714 0.007619
2 0.498929 0.173333 0.007857 0.005714
2 0.510714 0.183810 0.010000 0.011429
2 0.497500 0.181905 0.006429 0.009524
2 0.518929 0.182857 0.006429 0.007619
2 0.522857 0.197619 0.005714 0.014286
2 0.530714 0.207143 0.005714 0.010476
2 0.537857 0.215714 0.010000 0.008571
2 0.528929 0.238571 0.010714 0.010476
2 0.509286 0.235714 0.011429 0.010476
2 0.507143 0.268571 0.012857 0.015238
2 0.530000 0.265714 0.008571 0.011429
0 0.547500 0.172381 0.002143 0.003810
0 0.553214 0.181905 0.002143 0.005714
2 0.617143 0.318095 0.015714 0.019048
2 0.598214 0.308095 0.009286 0.016190
2 0.671071 0.236667 0.022143 0.021905
0 0.670357 0.210952 0.005000 0.014286
0 0.664286 0.209524 0.005714 0.011429
0 0.590357 0.264286 0.002143 0.004762
0 0.583929 0.265714 0.003571 0.005714