2 0.210357 0.552857 0.057857 0.141905
2 0.112143 0.894762 0.065714 0.170476
2 0.225000 0.381905 0.047143 0.100952
2 0.244286 0.221905 0.050000 0.120000
2 0.051071 0.123333 0.096429 0.061905
2 0.058929 0.073810 0.099286 0.058095
2 0.040000 0.183333 0.080000 0.056190
2 0.036786 0.240952 0.073571 0.060952
2 0.025000 0.432381 0.050000 0.060952
2 0.023929 0.502381 0.047857 0.058095
2 0.195000 0.735714 0.061429 0.140000
2 0.123214 0.687619 0.067857 0.135238
2 0.173214 0.920952 0.070714 0.156190
2 0.749286 0.871905 0.060000 0.176190
2 0.727500 0.272381 0.047857 0.118095
2 0.814643 0.129524 0.059286 0.112381
2 0.635000 0.304286 0.042857 0.130476
2 0.651429 0.456667 0.047143 0.130476
2 0.672857 0.611429 0.047143 0.106667
2 0.636071 0.045238 0.037857 0.090476
0 0.842857 0.403810 0.024286 0.032381
0 0.815357 0.286667 0.019286 0.034286
0 0.810000 0.385238 0.018571 0.025714
0 0.782857 0.521429 0.017143 0.033333
0 0.841786 0.100952 0.019286 0.040000
0 0.823929 0.012857 0.016429 0.025714
0 0.125000 0.566667 0.025714 0.024762
0 0.110714 0.559524 0.024286 0.025714
0 0.079643 0.488571 0.023571 0.022857
0 0.165000 0.186667 0.024286 0.036190
0 0.388571 0.346667 0.014286 0.024762
0 0.287500 0.320952 0.015000 0.026667
0 0.342500 0.167619 0.015000 0.026667