2 0.457143 0.873333 0.070000 0.133333
2 0.458929 0.568571 0.057857 0.064762
2 0.512143 0.520952 0.050000 0.051429
2 0.562143 0.470952 0.048571 0.048571
2 0.610357 0.420476 0.035000 0.042857
2 0.631786 0.448095 0.043571 0.046667
2 0.675357 0.402381 0.036429 0.042857
2 0.709286 0.369048 0.032857 0.039048
2 0.691429 0.350952 0.032857 0.037143
2 0.746429 0.332857 0.030000 0.031429
2 0.770000 0.304286 0.024286 0.027619
2 0.802143 0.271905 0.025714 0.029524
2 0.817500 0.229048 0.020714 0.025714
2 0.373571 0.639048 0.068571 0.072381
2 0.287500 0.736190 0.080714 0.085714
2 0.167857 0.849048 0.097143 0.113333
2 0.255714 0.833810 0.092857 0.111429
2 0.351071 0.725714 0.072143 0.091429
2 0.439643 0.646667 0.069286 0.080000
2 0.528929 0.559048 0.047857 0.060952
2 0.577500 0.501905 0.043571 0.051429
0 0.505000 0.373333 0.011429 0.030476
0 0.450000 0.436190 0.011429 0.026667
0 0.303214 0.595714 0.013571 0.023810