0 0.124250 0.800000 0.071500 0.044000
0 0.199500 0.805333 0.044000 0.056000
0 0.027500 0.843667 0.055000 0.054000
0 0.036750 0.412000 0.046500 0.062667
0 0.057000 0.395333 0.029000 0.037333
0 0.112250 0.404000 0.046500 0.060000
0 0.304500 0.572667 0.036000 0.049333
0 0.377000 0.611333 0.036000 0.056000
0 0.449500 0.484000 0.019000 0.054667
0 0.585250 0.436667 0.024500 0.064000
0 0.672500 0.668333 0.032000 0.054000
0 0.639500 0.747000 0.031000 0.047333
0 0.608000 0.822333 0.021000 0.028667
0 0.642500 0.870667 0.055000 0.076000