2 0.524286 0.597143 0.017143 0.038095
2 0.509286 0.359048 0.010000 0.015238
2 0.469643 0.224286 0.005000 0.006667
2 0.486786 0.257619 0.005000 0.008571
2 0.526071 0.264286 0.005000 0.008571
2 0.432857 0.286667 0.008571 0.007619
0 0.477500 0.353810 0.002143 0.008571
2 0.367857 0.376667 0.015714 0.010476
2 0.368929 0.367619 0.015000 0.009524
2 0.149643 0.646667 0.055000 0.036190
2 0.089286 0.715238 0.061429 0.043810
2 0.070357 0.748571 0.067857 0.049524
2 0.069286 0.772381 0.068571 0.047619
2 0.066786 0.806190 0.079286 0.060000
2 0.151429 0.670000 0.057143 0.037143
2 0.274643 0.509524 0.032143 0.020952
2 0.286071 0.490952 0.032143 0.020000
2 0.287143 0.479524 0.028571 0.016190
2 0.296429 0.470000 0.027143 0.016190
2 0.298929 0.460952 0.029286 0.015238
2 0.304286 0.452381 0.027143 0.015238
0 0.254643 0.598095 0.005000 0.017143
0 0.248571 0.614762 0.004286 0.016190
0 0.161786 0.718095 0.007857 0.019048