2 0.045000 0.424762 0.027143 0.043810
2 0.179643 0.508571 0.025000 0.041905
2 0.296071 0.556667 0.017857 0.040952
2 0.374643 0.940476 0.016429 0.046667
2 0.558571 0.993333 0.012857 0.013333
2 0.576786 0.988571 0.015000 0.022857
2 0.631071 0.984286 0.015000 0.031429
2 0.352500 0.458095 0.015000 0.041905
2 0.370714 0.455238 0.014286 0.036190
2 0.388571 0.450952 0.014286 0.040952
0 0.479643 0.452381 0.003571 0.007619
2 0.506071 0.426190 0.015000 0.040952
2 0.580357 0.411429 0.015000 0.041905
0 0.602143 0.485238 0.004286 0.006667
2 0.463214 0.541905 0.015000 0.043810
2 0.604643 0.515714 0.013571 0.037143
0 0.648214 0.361905 0.006429 0.005714
0 0.661786 0.363810 0.005000 0.003810
0 0.981429 0.107619 0.007143 0.007619
2 0.835714 0.069048 0.027143 0.027619
2 0.818929 0.109048 0.026429 0.027619
2 0.867500 0.142381 0.026429 0.025714
2 0.917143 0.429524 0.018571 0.026667
2 0.830357 0.416190 0.020714 0.036190
0 0.743929 0.458571 0.006429 0.006667
0 0.188571 0.473810 0.005714 0.004762
0 0.821786 0.876190 0.009286 0.007619
2 0.845000 0.832857 0.017143 0.039048
2 0.763214 0.854286 0.016429 0.040000
2 0.733929 0.860952 0.016429 0.043810
2 0.600714 0.884286 0.014286 0.042857
2 0.582857 0.887619 0.014286 0.043810
2 0.564286 0.893333 0.017143 0.043810
2 0.546429 0.895238 0.014286 0.038095