2 0.094643 0.045685 0.012143 0.015228
2 0.100357 0.033629 0.010714 0.016497
2 0.112143 0.048223 0.011429 0.015228
2 0.108571 0.060279 0.010000 0.013959
2 0.220714 0.103426 0.011429 0.013959
2 0.276071 0.216371 0.013571 0.016497
2 0.289643 0.250635 0.013571 0.019036
2 0.301429 0.181472 0.012857 0.015228
0 0.306786 0.258883 0.003571 0.010152
0 0.179286 0.451777 0.004286 0.010152
0 0.175714 0.453680 0.004286 0.008883
0 0.036429 0.388325 0.004286 0.007614
2 0.123929 0.985406 0.020714 0.024112
2 0.261786 0.724619 0.017857 0.022843
2 0.308929 0.707487 0.020714 0.026650
2 0.306786 0.683376 0.016429 0.019036
2 0.412857 0.100254 0.012857 0.015228
2 0.339286 0.220812 0.012857 0.020305
2 0.337500 0.279822 0.013571 0.019036
0 0.355714 0.199239 0.004286 0.007614
2 0.487143 0.390863 0.015714 0.020305
2 0.493214 0.414975 0.015000 0.020305
2 0.505000 0.409264 0.014286 0.021574
0 0.316429 0.840736 0.004286 0.011421
2 0.325000 0.755076 0.021429 0.030457
0 0.427500 0.509518 0.002143 0.008883
2 0.401429 0.548858 0.017143 0.024112
2 0.429643 0.555203 0.019286 0.021574
2 0.453214 0.536168 0.016429 0.019036
2 0.440357 0.631345 0.019286 0.024112
2 0.344286 0.675127 0.020000 0.025381
2 0.366429 0.655457 0.020000 0.024112
2 0.437143 0.593274 0.018571 0.021574
2 0.459286 0.572335 0.017143 0.022843
0 0.556071 0.375635 0.002143 0.007614
0 0.428571 0.486675 0.002857 0.006345
0 0.463214 0.500635 0.002143 0.006345
0 0.472857 0.493020 0.002857 0.008883
0 0.469643 0.482234 0.002143 0.007614
0 0.471429 0.505711 0.002857 0.008883
0 0.460714 0.505076 0.002857 0.010152
0 0.478571 0.493020 0.002857 0.008883
0 0.476786 0.481599 0.002143 0.008883
0 0.472500 0.478426 0.003571 0.007614
0 0.483571 0.484137 0.002857 0.008883
2 0.494286 0.451777 0.017143 0.020305
2 0.548929 0.506980 0.017857 0.016497
0 0.512143 0.540609 0.002857 0.007614
2 0.633214 0.468909 0.017857 0.021574
2 0.727143 0.424492 0.015714 0.021574
2 0.948214 0.043147 0.009286 0.020305
2 0.834286 0.015863 0.011429 0.019036
2 0.855357 0.093909 0.009286 0.017766
2 0.852857 0.124365 0.011429 0.020305
2 0.850357 0.250000 0.012143 0.020305
0 0.939643 0.404188 0.005000 0.008883
2 0.756071 0.395939 0.016429 0.020305