0 0.414405 0.685529 0.021921 0.096475
0 0.504436 0.250000 0.007829 0.041744
0 0.497912 0.229128 0.007307 0.038961
0 0.492954 0.244898 0.004697 0.027829
0 0.488518 0.261596 0.006263 0.025974
0 0.476514 0.258349 0.009395 0.034323
2 0.495564 0.055195 0.026618 0.019481
0 0.563413 0.178571 0.005741 0.026902
0 0.567850 0.183210 0.004175 0.017625
2 0.723904 0.361781 0.091858 0.061224
0 0.647182 0.110390 0.005219 0.025974
0 0.586378 0.024583 0.003653 0.017625
2 0.896399 0.686456 0.099687 0.204082
2 0.294363 0.924861 0.172234 0.142857
0 0.647965 0.694805 0.029749 0.087199
0 0.553236 0.083024 0.003132 0.017625
0 0.562109 0.074212 0.006263 0.016698