2 0.421750 0.838667 0.066500 0.158667
2 0.426500 0.585667 0.045000 0.087333
2 0.238500 0.636000 0.061000 0.106667
2 0.251250 0.556333 0.045500 0.066000
2 0.097250 0.602667 0.121500 0.073333
2 0.134000 0.540667 0.106000 0.064000
2 0.278500 0.431000 0.038000 0.058000
2 0.325000 0.409667 0.031000 0.046000
2 0.311250 0.364667 0.029500 0.036000
2 0.247500 0.390000 0.034000 0.045333
0 0.340750 0.261000 0.005500 0.018000
0 0.366250 0.267333 0.006500 0.017333
0 0.151250 0.639667 0.016500 0.050000
0 0.179500 0.644000 0.021000 0.052000
0 0.195250 0.639333 0.021500 0.054667
2 0.320750 0.216667 0.035500 0.020000
2 0.407000 0.183667 0.014000 0.016667
2 0.300500 0.194667 0.019000 0.014667
2 0.310000 0.182000 0.028000 0.012000
2 0.338750 0.177333 0.011500 0.014667
2 0.341500 0.166333 0.011000 0.012667
2 0.327000 0.171333 0.010000 0.012000
2 0.356250 0.163333 0.011500 0.013333
2 0.382500 0.166667 0.011000 0.013333
0 0.350000 0.162000 0.004000 0.012000
2 0.380500 0.141000 0.009000 0.010000
2 0.346250 0.148333 0.010500 0.011333
2 0.348250 0.138333 0.009500 0.010000
2 0.351000 0.118000 0.012000 0.008000
2 0.356250 0.107333 0.005500 0.006667
2 0.383500 0.112333 0.007000 0.007333
2 0.414500 0.081333 0.008000 0.005333
2 0.415250 0.096000 0.004500 0.008000
2 0.432750 0.121667 0.006500 0.007333
2 0.444500 0.137333 0.009000 0.009333
2 0.474500 0.146667 0.015000 0.009333
2 0.485500 0.157000 0.015000 0.008667
2 0.490000 0.160667 0.018000 0.010667
0 0.447250 0.127000 0.002500 0.007333
0 0.503750 0.181000 0.003500 0.014000
0 0.513750 0.171667 0.004500 0.010000
2 0.511500 0.183000 0.013000 0.014000
2 0.541000 0.215333 0.018000 0.016000
2 0.549000 0.225000 0.018000 0.018000
2 0.572250 0.247333 0.021500 0.021333
2 0.583750 0.262333 0.022500 0.020667
2 0.597250 0.277667 0.022500 0.023333
2 0.575000 0.199667 0.030000 0.015333
2 0.525500 0.207333 0.005000 0.016000
2 0.628750 0.317000 0.031500 0.027333
0 0.594250 0.243667 0.005500 0.018000
0 0.609250 0.213000 0.005500 0.010000
2 0.749500 0.447333 0.050000 0.041333
2 0.821250 0.548333 0.070500 0.066000
0 0.802500 0.539667 0.012000 0.038000
2 0.980000 0.735667 0.040000 0.064667
2 0.878250 0.241333 0.020500 0.021333
2 0.826750 0.236000 0.030500 0.021333
2 0.809750 0.224000 0.024500 0.017333
2 0.793000 0.220333 0.020000 0.016667
2 0.775750 0.212667 0.021500 0.016000
2 0.758000 0.205667 0.021000 0.016667
2 0.730000 0.190333 0.020000 0.012667
2 0.715000 0.185333 0.015000 0.013333
2 0.704750 0.180000 0.017500 0.014667
2 0.694750 0.174667 0.015500 0.013333
2 0.868000 0.283333 0.032000 0.016000
2 0.889250 0.296333 0.044500 0.020667
2 0.922750 0.314667 0.047500 0.025333
2 0.973750 0.305000 0.045500 0.024667
2 0.062000 0.831333 0.124000 0.102667
2 0.019250 0.940000 0.038500 0.089333