0 0.475731 0.916976 0.008873 0.028757
2 0.452505 0.589981 0.044885 0.064935
2 0.480950 0.520408 0.040188 0.059369
2 0.423017 0.528293 0.040188 0.054731
0 0.598121 0.458256 0.007307 0.027829
2 0.578027 0.380334 0.031837 0.048237
2 0.523747 0.396568 0.033925 0.052876
2 0.504436 0.414657 0.037056 0.048237
2 0.485125 0.430891 0.041232 0.049165
2 0.468685 0.470779 0.043841 0.034323
2 0.411013 0.499072 0.044363 0.051948
2 0.367693 0.454082 0.042276 0.051020
2 0.279749 0.537106 0.036534 0.053803
2 0.311587 0.593692 0.037578 0.066790
2 0.161795 0.954545 0.048017 0.089054
2 0.198591 0.924861 0.047495 0.098330
2 0.250261 0.831169 0.060021 0.092764
2 0.312630 0.767161 0.052192 0.089054
2 0.199374 0.248145 0.025052 0.039889
0 0.803758 0.400278 0.006263 0.021336
0 0.721555 0.114100 0.004697 0.014842
0 0.820981 0.086735 0.005219 0.021336
0 0.804802 0.089054 0.004175 0.011132
0 0.781837 0.091373 0.006263 0.021336
0 0.751305 0.082096 0.007829 0.019481
2 0.912578 0.036178 0.018267 0.029685
0 0.933716 0.166976 0.008351 0.020408
2 0.831942 0.073748 0.018789 0.028757
2 0.658925 0.053340 0.029749 0.028757
2 0.629175 0.079314 0.029749 0.032468
2 0.604906 0.078850 0.028184 0.027829
2 0.537056 0.109926 0.030271 0.039889
2 0.504436 0.090445 0.029749 0.030612
2 0.474948 0.069573 0.028184 0.033395
2 0.513570 0.012523 0.025052 0.025046