2 0.025574 0.436456 0.048017 0.032468
2 0.047234 0.413729 0.028706 0.031540
0 0.044624 0.645640 0.010960 0.040816
0 0.063413 0.630798 0.013048 0.048237
2 0.382829 0.706865 0.056889 0.053803
2 0.401879 0.573748 0.050104 0.039889
0 0.431106 0.306586 0.004175 0.013915
0 0.474426 0.202226 0.004175 0.014842
2 0.443894 0.100649 0.008873 0.012059
2 0.453027 0.101113 0.008351 0.011132
2 0.468685 0.101113 0.008351 0.014842
0 0.533664 0.129870 0.003653 0.007421
0 0.505480 0.159091 0.003653 0.010204
0 0.540449 0.181354 0.003653 0.012059
0 0.552192 0.195733 0.003132 0.009276
0 0.515397 0.254174 0.003653 0.012987
0 0.515919 0.178571 0.003653 0.008349
0 0.542797 0.285250 0.004175 0.010204
0 0.524530 0.422078 0.005219 0.016698
0 0.503653 0.446197 0.006263 0.016698
0 0.512004 0.449907 0.006263 0.020408
2 0.552975 0.660946 0.026618 0.064007
0 0.712683 0.852505 0.009916 0.031540
0 0.716075 0.876160 0.011482 0.021336
2 0.577244 0.482375 0.020877 0.038961
0 0.487996 0.354360 0.004175 0.022263
0 0.585856 0.340445 0.003653 0.016698
0 0.491127 0.272263 0.003132 0.013915
2 0.534186 0.271336 0.012004 0.021336
2 0.528445 0.248609 0.012004 0.018553
2 0.543580 0.083952 0.005741 0.008349
0 0.548017 0.081633 0.002088 0.009276
0 0.538622 0.076531 0.002088 0.006494
0 0.530271 0.064007 0.002088 0.007421
0 0.534447 0.063544 0.002088 0.006494
2 0.529489 0.044527 0.004697 0.007421
2 0.526096 0.041280 0.004175 0.010204
2 0.524530 0.038033 0.004175 0.007421
2 0.523747 0.034323 0.004697 0.007421
0 0.518789 0.059369 0.001044 0.003711
0 0.518267 0.056122 0.002088 0.004638
0 0.514614 0.050093 0.002088 0.005566
0 0.526879 0.054267 0.001566 0.004638
2 0.519833 0.026902 0.003132 0.005566