0 0.854750 0.922667 0.016500 0.044000
0 0.952250 0.886667 0.016500 0.021333
0 0.972000 0.751000 0.023000 0.031333
0 0.949750 0.719667 0.012500 0.027333
0 0.993250 0.744333 0.013500 0.022000
0 0.768500 0.611000 0.007000 0.027333
2 0.844750 0.519667 0.041500 0.024667
2 0.944250 0.502667 0.045500 0.025333
2 0.575500 0.542333 0.043000 0.026000
2 0.628750 0.528333 0.039500 0.020667
2 0.666250 0.518000 0.036500 0.022667
2 0.704750 0.505000 0.036500 0.023333
0 0.769000 0.430333 0.005000 0.012667
0 0.782000 0.435333 0.005000 0.016000
0 0.779250 0.430333 0.004500 0.012667
2 0.796750 0.433333 0.026500 0.017333
2 0.495250 0.516667 0.039500 0.024000
2 0.436500 0.535667 0.040000 0.026000
2 0.388750 0.556333 0.048500 0.038000
2 0.244250 0.433000 0.015500 0.018000
2 0.118750 0.443333 0.017500 0.021333
0 0.576250 0.409000 0.003500 0.014000
0 0.649000 0.391667 0.004000 0.010000
2 0.411750 0.371000 0.003500 0.008667
0 0.350000 0.347333 0.003000 0.008000
0 0.333250 0.350333 0.002500 0.008667
0 0.024500 0.491333 0.006000 0.014667
0 0.037250 0.487333 0.006500 0.012000
0 0.051500 0.451667 0.006000 0.010000
2 0.074000 0.418667 0.016000 0.017333
2 0.139000 0.387000 0.012000 0.015333
2 0.103500 0.374333 0.010000 0.011333
0 0.098250 0.383333 0.003500 0.009333
2 0.135000 0.372000 0.010000 0.010667
2 0.117000 0.366333 0.010000 0.010000
2 0.143500 0.345333 0.009000 0.008000
2 0.117750 0.354333 0.013500 0.010000
2 0.121250 0.349333 0.011500 0.008000
2 0.151000 0.334000 0.007000 0.008000
2 0.122500 0.341333 0.009000 0.008000
2 0.126500 0.335667 0.008000 0.007333
0 0.207000 0.346667 0.002000 0.006667
2 0.211000 0.334000 0.006000 0.006667
2 0.133500 0.327000 0.007000 0.007333
2 0.137250 0.323667 0.012500 0.006000
2 0.141500 0.321333 0.013000 0.005333
2 0.159500 0.314667 0.005000 0.005333
2 0.166750 0.312000 0.005500 0.005333
2 0.140000 0.319000 0.013000 0.006000
2 0.142750 0.315333 0.006500 0.004000
2 0.152000 0.311667 0.006000 0.004667
2 0.194750 0.304333 0.004500 0.004667
2 0.186250 0.303667 0.008500 0.004667
2 0.173750 0.301667 0.006500 0.004667