2 0.308929 0.854061 0.032143 0.096447
2 0.536786 0.526650 0.022143 0.083756
2 0.499643 0.492386 0.020714 0.063452
2 0.354643 0.426396 0.023571 0.058376
2 0.393571 0.352157 0.020000 0.049492
2 0.497500 0.257614 0.019286 0.050761
2 0.434286 0.166244 0.017143 0.040609
2 0.375357 0.228426 0.020714 0.040609
2 0.399286 0.011421 0.012857 0.022843
2 0.088214 0.468274 0.040714 0.038071
2 0.319286 0.012056 0.018571 0.016497
2 0.178929 0.077411 0.013571 0.025381
0 0.342857 0.022843 0.004286 0.017766
0 0.316429 0.060279 0.005714 0.016497
0 0.307500 0.079949 0.006429 0.015228
0 0.353929 0.109772 0.006429 0.019036
0 0.346429 0.165609 0.004286 0.013959
0 0.317857 0.131980 0.004286 0.015228
0 0.328571 0.196066 0.007143 0.016497
0 0.313929 0.290609 0.007857 0.022843
0 0.299643 0.236041 0.005000 0.012690
0 0.263571 0.381345 0.008571 0.019036
0 0.266071 0.410533 0.006429 0.013959
0 0.192143 0.772208 0.007143 0.026650
0 0.604286 0.708122 0.012857 0.022843
0 0.648929 0.699239 0.009286 0.025381
0 0.715714 0.656091 0.007143 0.020305
0 0.753929 0.666244 0.006429 0.022843
0 0.763571 0.687183 0.007143 0.024112
0 0.752143 0.720812 0.010000 0.022843
0 0.672143 0.739848 0.007143 0.017766
0 0.670357 0.755711 0.006429 0.019036
0 0.663571 0.766497 0.007143 0.020305
0 0.655357 0.769670 0.006429 0.024112
0 0.711429 0.907995 0.010000 0.019036
0 0.696429 0.915609 0.007143 0.021574
0 0.805357 0.911168 0.007857 0.027919
0 0.793214 0.849619 0.010714 0.019036
0 0.777143 0.769670 0.008571 0.016497
2 0.255714 0.042513 0.012857 0.029188
0 0.350714 0.166244 0.005714 0.022843
0 0.197857 0.776650 0.008571 0.022843
0 0.780357 0.777284 0.012143 0.019036
0 0.790357 0.840102 0.009286 0.020305
0 0.708214 0.922589 0.006429 0.015228
0 0.256071 0.299492 0.007857 0.027919