2 0.090714 0.194762 0.082857 0.042857
0 0.016071 0.258571 0.022143 0.050476
0 0.044286 0.271429 0.020000 0.045714
0 0.092857 0.235238 0.017143 0.049524
2 0.097500 0.157619 0.050714 0.031429
2 0.334286 0.324762 0.051429 0.070476
2 0.262500 0.409048 0.067857 0.109524
2 0.266071 0.330476 0.052143 0.066667
2 0.205357 0.338571 0.062143 0.075238
2 0.130714 0.338095 0.070000 0.076190
2 0.050714 0.339524 0.085714 0.096190
2 0.021786 0.422857 0.043571 0.106667
2 0.092143 0.410476 0.098571 0.135238
2 0.159286 0.091905 0.031429 0.018095
2 0.173214 0.088095 0.030714 0.016190
2 0.171071 0.076190 0.030714 0.017143
2 0.182500 0.077143 0.025000 0.019048
2 0.184286 0.070476 0.027143 0.020952
2 0.187500 0.067143 0.025000 0.020000
2 0.187143 0.056190 0.017143 0.013333
2 0.185714 0.045238 0.017143 0.016190
2 0.136786 0.069048 0.022143 0.018095
2 0.159643 0.060000 0.019286 0.013333
2 0.459643 0.036667 0.010714 0.008571
2 0.442857 0.083810 0.018571 0.020952
0 0.353571 0.045238 0.005714 0.014286
0 0.361786 0.058095 0.005000 0.017143
0 0.365357 0.060476 0.002143 0.018095
0 0.373214 0.066190 0.002143 0.014286
0 0.378214 0.070000 0.005000 0.014286
0 0.349286 0.287143 0.020000 0.056190
0 0.442857 0.150000 0.008571 0.023810
0 0.421786 0.098095 0.006429 0.015238
0 0.440000 0.155714 0.008571 0.027619
0 0.444643 0.191905 0.010714 0.039048
0 0.456786 0.191905 0.012143 0.037143
0 0.482143 0.227143 0.012857 0.042857
0 0.431786 0.320952 0.019286 0.059048
0 0.457143 0.320000 0.014286 0.059048
0 0.477500 0.318571 0.010714 0.058095
0 0.467143 0.308571 0.014286 0.053333
0 0.500714 0.302381 0.010000 0.052381
0 0.506429 0.306667 0.011429 0.043810
0 0.623929 0.306190 0.012143 0.058095
0 0.525714 0.390476 0.014286 0.070476
0 0.534643 0.189524 0.006429 0.019048
2 0.473571 0.035714 0.010000 0.008571
2 0.567857 0.050000 0.014286 0.018095
0 0.522857 0.053333 0.004286 0.011429
0 0.528929 0.048095 0.002143 0.012381
0 0.532857 0.054286 0.005714 0.017143
2 0.373571 0.678571 0.107143 0.223810
2 0.347143 0.899524 0.144286 0.200952
2 0.650357 0.263333 0.067857 0.050476
2 0.838571 0.336190 0.175714 0.129524
2 0.753571 0.151429 0.037143 0.026667
0 0.685714 0.111429 0.008571 0.013333
2 0.736786 0.109048 0.032143 0.018095
0 0.824643 0.148095 0.007857 0.021905