0 0.029489 0.714750 0.020355 0.043599
0 0.083768 0.689239 0.032881 0.079777
2 0.401357 0.644249 0.080376 0.217996
0 0.432411 0.537106 0.016180 0.057514
0 0.455115 0.561688 0.015658 0.067718
0 0.458768 0.544527 0.015658 0.064935
0 0.501827 0.622913 0.024530 0.065863
0 0.491388 0.444341 0.017223 0.057514
0 0.453549 0.445269 0.015658 0.061224
2 0.468424 0.373840 0.051670 0.107607
0 0.491388 0.284787 0.010960 0.048237
0 0.504436 0.292672 0.017223 0.049165
0 0.584290 0.592301 0.020355 0.056586
0 0.615605 0.953154 0.023486 0.038033
0 0.623695 0.948516 0.028184 0.051020
0 0.683977 0.964750 0.018267 0.068646
0 0.709290 0.662338 0.030271 0.046382
0 0.698852 0.605751 0.022965 0.051948
0 0.656054 0.284787 0.015658 0.038961
0 0.490084 0.232375 0.009395 0.043599
0 0.543841 0.223098 0.011482 0.034323
0 0.604906 0.179963 0.013570 0.035250
0 0.520355 0.166976 0.008351 0.040816
0 0.546973 0.133581 0.007307 0.044527
0 0.553497 0.134045 0.006785 0.032468
0 0.555846 0.134508 0.005219 0.024119
0 0.622390 0.132653 0.008873 0.031540
0 0.558977 0.091373 0.006263 0.034323
0 0.555063 0.087199 0.005741 0.033395
0 0.569154 0.085807 0.007829 0.023191
0 0.646660 0.067254 0.008351 0.034323
0 0.610386 0.070501 0.007829 0.027829
0 0.605950 0.055195 0.004175 0.023191
0 0.601775 0.045455 0.005219 0.016698
0 0.602035 0.049629 0.005741 0.028757
2 0.587944 0.048237 0.028706 0.042672
0 0.623695 0.032931 0.005219 0.015770
0 0.624739 0.029685 0.006263 0.024119
0 0.659447 0.041280 0.008873 0.028757