2 0.407881 0.913729 0.073591 0.063080
2 0.383612 0.982375 0.086639 0.033395
2 0.519833 0.705009 0.032359 0.096475
2 0.467641 0.556122 0.051148 0.043599
2 0.518006 0.333024 0.039144 0.025974
2 0.502610 0.266234 0.020877 0.025974
2 0.581942 0.120594 0.026096 0.016698
2 0.606994 0.111317 0.024008 0.020408
2 0.589248 0.103896 0.020877 0.012987
2 0.739301 0.128942 0.024530 0.020408
2 0.808455 0.134972 0.025052 0.017625
2 0.644833 0.052412 0.009916 0.019481
2 0.655271 0.060297 0.007829 0.020408
2 0.653706 0.017625 0.007829 0.020408
2 0.641701 0.006030 0.006785 0.012059
2 0.730950 0.221243 0.016180 0.025046
0 0.527401 0.521800 0.004697 0.025046
0 0.536534 0.504638 0.004175 0.025974
0 0.533664 0.493043 0.005741 0.026902
0 0.926670 0.589054 0.007829 0.018553
0 0.796712 0.105751 0.003653 0.014842
0 0.887787 0.108998 0.004175 0.010204
0 0.796973 0.220315 0.003132 0.012059
0 0.449374 0.366419 0.004175 0.022263