2 0.540000 0.908629 0.030000 0.078680
2 0.421071 0.510787 0.029286 0.046954
2 0.447857 0.420685 0.024286 0.034264
2 0.492500 0.333122 0.017857 0.026650
2 0.653929 0.503807 0.019286 0.035533
2 0.613571 0.288071 0.010000 0.020305
2 0.583571 0.340102 0.012857 0.030457
2 0.587143 0.287437 0.011429 0.016497
2 0.542143 0.241117 0.012857 0.020305
2 0.579286 0.199239 0.010000 0.017766
2 0.562500 0.196701 0.010714 0.022843
2 0.583929 0.146574 0.010714 0.019036
2 0.616071 0.411168 0.012143 0.027919
2 0.571429 0.127538 0.008571 0.011421
2 0.591071 0.119924 0.006429 0.013959
2 0.566071 0.107234 0.007857 0.013959
2 0.596429 0.101523 0.007143 0.012690
2 0.571071 0.092640 0.006429 0.010152
2 0.598214 0.084391 0.007857 0.019036
2 0.584286 0.055203 0.007143 0.011421
2 0.607857 0.048223 0.005714 0.010152
2 0.592857 0.055203 0.005714 0.011421
2 0.598929 0.036802 0.006429 0.010152
2 0.622500 0.027919 0.005000 0.007614
2 0.639286 0.033629 0.005714 0.008883
2 0.657500 0.026015 0.006429 0.006345
2 0.645714 0.026650 0.007143 0.010152
2 0.691786 0.017132 0.007857 0.008883
2 0.685357 0.015228 0.007857 0.010152
2 0.704286 0.277284 0.012857 0.016497
2 0.603571 0.198604 0.008571 0.016497
0 0.894286 0.644670 0.007143 0.022843
0 0.805000 0.640228 0.008571 0.024112
0 0.904286 0.634518 0.010000 0.025381
2 0.189286 0.278553 0.022857 0.019036
0 0.364643 0.437183 0.006429 0.016497
2 0.150357 0.277919 0.017857 0.015228
2 0.021429 0.251904 0.014286 0.011421
2 0.032500 0.246827 0.010714 0.011421
2 0.038214 0.243020 0.017857 0.011421
2 0.045714 0.237944 0.017143 0.011421
2 0.093214 0.218274 0.013571 0.012690
2 0.100000 0.216371 0.012857 0.011421
2 0.105714 0.213198 0.014286 0.012690
2 0.113571 0.207487 0.014286 0.011421
2 0.119643 0.206218 0.012143 0.011421
2 0.122857 0.201777 0.011429 0.012690
2 0.130357 0.199239 0.010714 0.012690
2 0.133571 0.195431 0.010000 0.012690