2 0.929643 0.829048 0.140714 0.197143
2 0.225714 0.921429 0.120000 0.157143
2 0.445357 0.906667 0.193571 0.186667
2 0.295357 0.661905 0.160714 0.121905
2 0.168929 0.465714 0.135000 0.080000
2 0.162857 0.422857 0.125714 0.072381
2 0.155714 0.390952 0.111429 0.061905
2 0.172143 0.350476 0.048571 0.055238
2 0.268214 0.384762 0.059286 0.070476
2 0.037500 0.246667 0.036429 0.041905
2 0.036429 0.214286 0.032857 0.038095
2 0.074643 0.212381 0.033571 0.043810
2 0.061429 0.168571 0.030000 0.038095
2 0.054643 0.150000 0.027857 0.031429
2 0.022500 0.079048 0.015000 0.017143
2 0.017500 0.071429 0.013571 0.017143
2 0.112500 0.170000 0.026429 0.031429
2 0.100000 0.155714 0.024286 0.029524
2 0.089643 0.138571 0.023571 0.027619
2 0.079643 0.127619 0.020714 0.026667
2 0.038214 0.069048 0.013571 0.018095
2 0.433929 0.449524 0.077857 0.087619
2 0.525714 0.445714 0.087143 0.089524
2 0.577500 0.309524 0.056429 0.043810
2 0.499643 0.265714 0.052143 0.036190
2 0.386786 0.326190 0.060714 0.056190
2 0.398571 0.200476 0.041429 0.031429
2 0.268571 0.173810 0.034286 0.027619
2 0.233214 0.135714 0.019286 0.021905
2 0.345714 0.168095 0.030000 0.027619
2 0.324643 0.154762 0.029286 0.027619
2 0.304643 0.141905 0.023571 0.022857
0 0.140714 0.109524 0.007143 0.015238
2 0.166786 0.076667 0.016429 0.018095
2 0.211071 0.066190 0.019286 0.014286
2 0.175357 0.059524 0.017857 0.014286
2 0.154286 0.047619 0.011429 0.013333
0 0.131071 0.046667 0.003571 0.007619
0 0.076429 0.038095 0.007143 0.015238
0 0.087857 0.012857 0.002857 0.008571
0 0.066429 0.476667 0.024286 0.058095
0 0.076429 0.416667 0.021429 0.048571
0 0.034286 0.181905 0.012857 0.030476
0 0.541429 0.252857 0.010000 0.027619
0 0.555714 0.258571 0.008571 0.031429
0 0.654286 0.327143 0.014286 0.035238
2 0.886429 0.454762 0.030000 0.048571
0 0.888214 0.453333 0.016429 0.045714
0 0.975000 0.486190 0.022857 0.050476
0 0.991429 0.495714 0.014286 0.050476
2 0.875000 0.540952 0.111429 0.097143
2 0.278929 0.226667 0.037857 0.045714
0 0.654286 0.309524 0.014286 0.032381
0 0.770000 0.391429 0.015714 0.040000
2 0.162857 0.242857 0.034286 0.051429