2 0.468214 0.586929 0.020714 0.082487
2 0.549286 0.482868 0.022857 0.064721
2 0.588929 0.461929 0.025000 0.063452
2 0.596786 0.378807 0.043571 0.036802
2 0.431429 0.465736 0.024286 0.060914
2 0.398571 0.448604 0.041429 0.036802
2 0.412500 0.368655 0.040714 0.049492
2 0.411786 0.308376 0.037857 0.050761
2 0.410714 0.262690 0.035714 0.030457
2 0.403571 0.210660 0.014286 0.045685
2 0.507500 0.147843 0.013571 0.041878
2 0.393214 0.720812 0.049286 0.048223
2 0.304286 0.690990 0.024286 0.082487
2 0.339643 0.614848 0.026429 0.074873
2 0.243214 0.772843 0.053571 0.045685
2 0.253929 0.694162 0.056429 0.050761
2 0.205714 0.605330 0.031429 0.071066
2 0.305714 0.491751 0.045714 0.034264
2 0.207143 0.482868 0.051429 0.039340
2 0.230357 0.339467 0.040714 0.034264
0 0.316071 0.014594 0.005000 0.021574
0 0.311786 0.066624 0.005000 0.019036
0 0.315357 0.095812 0.006429 0.021574
0 0.326786 0.029188 0.005000 0.022843
0 0.330000 0.024746 0.005714 0.019036
0 0.290357 0.180203 0.005000 0.015228
0 0.297500 0.175127 0.005000 0.015228
0 0.302500 0.175127 0.005000 0.022843
0 0.270000 0.253173 0.005714 0.021574
0 0.264286 0.288706 0.007143 0.024112
0 0.257143 0.284264 0.005714 0.020305
0 0.227143 0.229695 0.007143 0.022843
0 0.218571 0.242386 0.005714 0.022843
0 0.417500 0.154822 0.006429 0.022843
0 0.426071 0.150381 0.005000 0.019036
0 0.414643 0.130711 0.005000 0.025381
0 0.420000 0.134518 0.005714 0.025381
0 0.412500 0.147843 0.006429 0.019036
0 0.433214 0.147208 0.006429 0.017766
0 0.551786 0.167513 0.005000 0.025381
0 0.556429 0.165609 0.004286 0.026650
0 0.561429 0.164340 0.005714 0.029188
0 0.365000 0.533629 0.005714 0.021574
0 0.366429 0.539340 0.005714 0.022843
0 0.203571 0.692893 0.010000 0.027919
0 0.144286 0.623096 0.010000 0.022843
0 0.168929 0.504442 0.010714 0.024112
0 0.210357 0.833122 0.013571 0.024112
0 0.141071 0.875635 0.010714 0.030457
2 0.095000 0.969543 0.041429 0.055838
2 0.217143 0.988579 0.061429 0.020305
2 0.371429 0.985406 0.060000 0.026650
2 0.313214 0.395305 0.042143 0.031726
2 0.318571 0.369924 0.032857 0.029188
2 0.320000 0.335025 0.038571 0.038071
2 0.318571 0.309010 0.042857 0.034264
2 0.321786 0.286168 0.036429 0.029188
2 0.325000 0.263959 0.035714 0.035533
2 0.326071 0.204949 0.033571 0.026650
2 0.341429 0.187183 0.031429 0.029188
2 0.337500 0.153553 0.022143 0.025381
2 0.341071 0.135787 0.033571 0.030457
2 0.344643 0.118020 0.030714 0.027919
2 0.354286 0.084391 0.031429 0.029188
2 0.352143 0.069162 0.032857 0.026650
2 0.388571 0.046954 0.020000 0.043147
2 0.350357 0.041878 0.029286 0.025381
2 0.353214 0.024746 0.029286 0.026650
2 0.425714 0.021574 0.030000 0.027919
2 0.597143 0.291878 0.045714 0.038071
2 0.586071 0.230330 0.040714 0.034264
2 0.581786 0.133883 0.027857 0.034264
2 0.579643 0.109772 0.039286 0.031726
2 0.567500 0.040609 0.013571 0.043147