2 0.480357 0.297619 0.009286 0.016190
2 0.657857 0.293810 0.018571 0.012381
2 0.639286 0.975238 0.060000 0.049524
2 0.586786 0.870476 0.025000 0.064762
2 0.535000 0.650952 0.017143 0.037143
2 0.895357 0.685238 0.045000 0.040952
2 0.938571 0.843810 0.050000 0.072381
2 0.980000 0.690476 0.040000 0.028571
2 0.911429 0.841905 0.044286 0.070476
0 0.590714 0.993810 0.008571 0.012381
0 0.610714 0.672857 0.004286 0.016190
0 0.617500 0.673810 0.006429 0.016190
0 0.828214 0.773810 0.009286 0.021905
0 0.790000 0.664762 0.008571 0.017143
0 0.790357 0.658095 0.006429 0.017143
0 0.797143 0.662381 0.005714 0.016190
2 0.437857 0.289524 0.012857 0.009524