2 0.619000 0.598000 0.219000 0.112000
2 0.598000 0.507333 0.164000 0.090667
2 0.591000 0.434667 0.153000 0.089333
2 0.611750 0.374667 0.143500 0.082667
2 0.616750 0.240667 0.102500 0.064000
2 0.599250 0.206333 0.098500 0.054000
2 0.597750 0.139333 0.077500 0.041333
2 0.603500 0.124667 0.076000 0.037333
2 0.667750 0.083667 0.029500 0.036667
2 0.593000 0.032333 0.049000 0.024667
2 0.598500 0.024000 0.049000 0.021333
2 0.593000 0.011000 0.043000 0.022000
2 0.704750 0.029667 0.025500 0.030000
0 0.642750 0.036000 0.006500 0.020000
0 0.820500 0.387333 0.027000 0.073333
0 0.815000 0.368000 0.031000 0.066667
2 0.748250 0.105667 0.065500 0.038000
2 0.748250 0.083667 0.070500 0.031333
2 0.769250 0.075667 0.063500 0.030000
2 0.792000 0.071667 0.057000 0.026000
2 0.787000 0.060333 0.054000 0.022000