0 0.430250 0.765333 0.038500 0.105333
0 0.675250 0.818667 0.038500 0.117333
0 0.656250 0.815333 0.020500 0.037333
0 0.593000 0.790667 0.041000 0.092000
0 0.932250 0.806333 0.070500 0.108667
0 0.463750 0.815667 0.026500 0.067333
0 0.478750 0.828333 0.030500 0.116667
0 0.376750 0.817333 0.031500 0.052000
0 0.375250 0.849667 0.040500 0.082000
0 0.532500 0.784333 0.019000 0.040667
0 0.519750 0.807333 0.039500 0.093333
0 0.874250 0.984333 0.072500 0.030000
0 0.462250 0.807333 0.025500 0.062667
0 0.529750 0.758667 0.028500 0.042667
0 0.530000 0.750000 0.039000 0.093333