2 0.577857 0.036190 0.018571 0.047619
2 0.591071 0.128571 0.017857 0.043810
2 0.605357 0.298571 0.020714 0.052381
2 0.635357 0.457143 0.029286 0.049524
2 0.547500 0.425238 0.020714 0.054286
2 0.498571 0.489524 0.047143 0.032381
0 0.665000 0.543333 0.008571 0.012381
2 0.801429 0.555238 0.040000 0.030476
2 0.779286 0.577143 0.050000 0.040000
2 0.855000 0.568571 0.048571 0.032381
2 0.984643 0.593810 0.030714 0.033333
0 0.829286 0.632857 0.008571 0.010476
0 0.835357 0.634286 0.007857 0.009524
2 0.675000 0.849524 0.050000 0.032381
2 0.499286 0.833333 0.054286 0.032381
2 0.369286 0.808095 0.052857 0.033333
2 0.283571 0.790000 0.057143 0.035238
2 0.227857 0.777143 0.052857 0.036190
0 0.349286 0.725238 0.008571 0.010476
0 0.298929 0.734762 0.009286 0.010476
2 0.022143 0.734762 0.044286 0.033333
2 0.017857 0.668095 0.035714 0.042857
2 0.021071 0.522857 0.042143 0.030476
2 0.033214 0.485238 0.049286 0.031429
0 0.035714 0.418095 0.004286 0.011429
0 0.031071 0.416667 0.005000 0.010476
0 0.107500 0.433333 0.009286 0.011429
2 0.119286 0.470476 0.050000 0.032381
2 0.095714 0.497143 0.044286 0.028571
2 0.152500 0.508571 0.043571 0.030476
2 0.210000 0.524286 0.042857 0.031429
2 0.142143 0.418095 0.047143 0.030476
2 0.193571 0.427143 0.050000 0.025714
0 0.278571 0.628571 0.010000 0.011429
0 0.406786 0.526667 0.009286 0.011429
0 0.443571 0.610952 0.007143 0.010476
0 0.437857 0.610952 0.007143 0.008571
0 0.470714 0.502857 0.005714 0.009524
2 0.446429 0.482857 0.044286 0.028571
2 0.393214 0.469048 0.047857 0.031429
2 0.333571 0.457143 0.048571 0.032381