2 0.879958 0.082560 0.057411 0.076067
2 0.720251 0.224954 0.061587 0.084416
2 0.825939 0.133581 0.065240 0.089054
0 0.335595 0.578850 0.008351 0.012987
0 0.335856 0.594156 0.007829 0.013915
0 0.340814 0.613636 0.009395 0.015770
0 0.354906 0.613636 0.009395 0.012059
0 0.343685 0.598794 0.008873 0.015770
0 0.350470 0.602041 0.006785 0.014842
0 0.352296 0.569573 0.008351 0.018553
0 0.341858 0.568646 0.008351 0.012987
0 0.346555 0.558905 0.009395 0.015770
2 0.202244 0.690167 0.070459 0.090909
2 0.082724 0.844620 0.050626 0.108534
0 0.825939 0.052876 0.009916 0.018553