2 0.299286 0.914762 0.147143 0.170476
2 0.356071 0.711429 0.087857 0.131429
2 0.406429 0.489524 0.054286 0.070476
2 0.653571 0.622857 0.164286 0.095238
2 0.609286 0.547619 0.125714 0.068571
2 0.600714 0.466190 0.100000 0.042857
2 0.573571 0.419048 0.081429 0.053333
2 0.545000 0.397143 0.032857 0.055238
2 0.736786 0.557143 0.086429 0.108571
2 0.684643 0.453810 0.060714 0.084762
2 0.415357 0.428095 0.045000 0.065714
2 0.431786 0.382857 0.042143 0.064762
2 0.436786 0.350476 0.029286 0.026667
2 0.437500 0.324762 0.027857 0.036190
2 0.495357 0.286667 0.023571 0.030476
2 0.570000 0.364286 0.078571 0.042857
2 0.552857 0.353333 0.062857 0.024762
2 0.548214 0.335714 0.060714 0.033333
2 0.554643 0.322857 0.062143 0.028571
2 0.551429 0.314286 0.060000 0.036190
2 0.553929 0.303810 0.056429 0.032381
2 0.604643 0.312857 0.030714 0.044762
2 0.159286 0.462381 0.054286 0.082857
2 0.102500 0.433810 0.070714 0.060000
2 0.032857 0.355238 0.065714 0.062857
2 0.090714 0.330476 0.050000 0.043810
2 0.130714 0.302857 0.045714 0.041905
2 0.207143 0.340000 0.045714 0.041905
2 0.203571 0.307619 0.044286 0.034286
2 0.460357 0.218095 0.012143 0.015238
2 0.451786 0.262381 0.016429 0.018095
2 0.454286 0.252857 0.015714 0.016190
2 0.456071 0.243333 0.015000 0.016190
2 0.310714 0.232857 0.014286 0.018095
0 0.504643 0.641429 0.016429 0.075238
0 0.523214 0.640952 0.016429 0.076190
0 0.505714 0.386190 0.011429 0.046667
0 0.482857 0.359048 0.007143 0.036190
0 0.474643 0.357143 0.009286 0.036190
0 0.476071 0.259048 0.006429 0.022857
0 0.468929 0.257619 0.006429 0.018095
0 0.474643 0.232381 0.005000 0.013333
0 0.484286 0.241429 0.005714 0.016190
0 0.488929 0.240476 0.005000 0.014286
0 0.499286 0.239048 0.005714 0.017143
0 0.771429 0.486190 0.017143 0.063810
0 0.877857 0.674762 0.032857 0.075238
0 0.666429 0.339048 0.008571 0.032381
0 0.676071 0.340952 0.009286 0.034286
2 0.532857 0.284286 0.050000 0.025714
2 0.565357 0.260952 0.017857 0.024762
2 0.526429 0.267619 0.042857 0.019048
2 0.530714 0.271429 0.040000 0.015238
2 0.605357 0.248571 0.033571 0.019048
2 0.590000 0.241905 0.030000 0.019048
2 0.579286 0.236190 0.024286 0.015238
2 0.528214 0.258095 0.035000 0.019048
2 0.123929 0.542381 0.057857 0.073333
0 0.966786 0.614762 0.026429 0.065714
0 0.990000 0.634762 0.017143 0.037143