2 0.060000 0.758571 0.120000 0.160952
2 0.119643 0.630952 0.172143 0.157143
2 0.783571 0.887143 0.124286 0.225714
2 0.476786 0.650000 0.136429 0.208571
2 0.623571 0.592381 0.095714 0.150476
2 0.566786 0.479048 0.097857 0.150476
2 0.675357 0.458571 0.085000 0.126667
0 0.530000 0.400952 0.018571 0.057143
2 0.507500 0.298571 0.100714 0.122857
2 0.628214 0.355714 0.089286 0.124762
2 0.592500 0.198095 0.067857 0.085714
2 0.685000 0.252857 0.065714 0.096190
2 0.731786 0.333810 0.076429 0.100000
2 0.776071 0.214762 0.060714 0.075238
2 0.729286 0.163333 0.058571 0.092381
2 0.800714 0.148095 0.044286 0.061905
2 0.780357 0.068571 0.039286 0.059048
2 0.825000 0.093810 0.048571 0.058095
2 0.882143 0.383333 0.084286 0.120952
2 0.915714 0.193333 0.054286 0.080000
2 0.927143 0.141429 0.040000 0.048571
2 0.933214 0.097619 0.043571 0.048571
2 0.856786 0.029048 0.042143 0.052381
2 0.799643 0.031429 0.035000 0.047619
2 0.648571 0.122381 0.055714 0.075238
2 0.632143 0.067619 0.070000 0.045714
2 0.653929 0.053333 0.065000 0.040000
2 0.651071 0.030952 0.059286 0.037143