2 0.636221 0.918831 0.060543 0.106679
2 0.598121 0.657699 0.046973 0.053803
2 0.586117 0.598330 0.026096 0.066790
2 0.629697 0.560297 0.038100 0.055659
0 0.531315 0.570965 0.007307 0.023191
0 0.536013 0.570037 0.007307 0.028757
0 0.666754 0.461967 0.005741 0.018553
0 0.669363 0.458256 0.005741 0.025974
0 0.675104 0.461967 0.003653 0.018553
2 0.726253 0.459647 0.031837 0.045455
2 0.786795 0.397495 0.026618 0.036178
0 0.747390 0.411874 0.006263 0.025974
2 0.959029 0.205473 0.024530 0.017625
2 0.969990 0.191095 0.028706 0.014842
2 0.989040 0.164193 0.019833 0.022263