2 0.918500 0.975667 0.082000 0.048667
2 0.814000 0.970667 0.076000 0.058667
0 0.884000 0.761333 0.025000 0.040000
0 0.865250 0.727000 0.029500 0.042000
2 0.719250 0.736333 0.097500 0.147333
2 0.769750 0.663000 0.102500 0.118000
0 0.721750 0.595667 0.015500 0.042000
0 0.698000 0.616667 0.012000 0.038667
0 0.682250 0.595000 0.014500 0.039333
2 0.664750 0.873333 0.074500 0.188000
2 0.577500 0.895667 0.069000 0.192667
2 0.400000 0.758000 0.128000 0.086667
2 0.352750 0.603667 0.104500 0.086000
2 0.558000 0.602667 0.062000 0.121333
2 0.608500 0.598000 0.065000 0.114667
2 0.665500 0.550333 0.097000 0.076667
2 0.706000 0.443667 0.057000 0.067333
2 0.670500 0.383333 0.035000 0.057333
0 0.674000 0.444333 0.011000 0.036667
0 0.653000 0.421000 0.008000 0.028667
2 0.646750 0.471333 0.039500 0.074667
0 0.617000 0.480333 0.012000 0.038000
0 0.623000 0.461000 0.011000 0.031333
0 0.623000 0.423333 0.015000 0.032000
2 0.580500 0.426000 0.068000 0.077333
0 0.556250 0.500333 0.013500 0.023333
2 0.417750 0.529333 0.085500 0.072000
0 0.429750 0.486333 0.009500 0.040667
0 0.502250 0.434667 0.011500 0.024000
0 0.493750 0.421667 0.011500 0.023333
0 0.559500 0.337000 0.009000 0.035333
2 0.482500 0.331000 0.057000 0.048667
2 0.440750 0.418333 0.053500 0.062000
2 0.265500 0.515000 0.083000 0.067333
2 0.218250 0.564333 0.076500 0.086000
0 0.228250 0.418667 0.020500 0.028000
0 0.216250 0.410667 0.012500 0.038667
0 0.333750 0.358000 0.010500 0.029333
2 0.420000 0.317667 0.050000 0.062000
2 0.440750 0.286333 0.041500 0.040667
2 0.391500 0.240333 0.037000 0.040667
0 0.332500 0.200333 0.009000 0.028667
2 0.338500 0.188000 0.033000 0.032000
0 0.314500 0.184000 0.007000 0.028000
0 0.716750 0.200333 0.013500 0.018000
2 0.445250 0.044333 0.029500 0.020667
2 0.454500 0.008333 0.021000 0.012667
2 0.435250 0.004667 0.014500 0.009333
2 0.293750 0.110000 0.032500 0.024000
2 0.271000 0.120667 0.020000 0.022667
0 0.257250 0.098000 0.007500 0.020000
2 0.235000 0.084333 0.018000 0.018000
2 0.208750 0.086000 0.018500 0.021333
0 0.191250 0.196000 0.008500 0.020000
2 0.200000 0.053000 0.013000 0.015333
2 0.195500 0.044000 0.014000 0.014667
2 0.188500 0.039333 0.011000 0.014667
2 0.164250 0.013667 0.012500 0.015333
2 0.157750 0.008000 0.008500 0.012000
0 0.144250 0.010667 0.004500 0.012000
2 0.102750 0.187333 0.040500 0.026667
2 0.110500 0.146000 0.038000 0.028000
2 0.102750 0.136667 0.031500 0.021333
2 0.084750 0.137000 0.037500 0.020667
2 0.077000 0.130333 0.039000 0.020667
2 0.054250 0.123333 0.032500 0.020000
2 0.045500 0.113333 0.028000 0.021333
2 0.082250 0.091000 0.025500 0.024667