2 0.351786 0.920952 0.060714 0.158095
2 0.364643 0.774286 0.047857 0.125714
2 0.372500 0.634286 0.043571 0.112381
2 0.387143 0.531429 0.038571 0.080000
2 0.434286 0.389048 0.031429 0.069524
2 0.395000 0.376190 0.030000 0.060952
2 0.447857 0.206667 0.022857 0.043810
2 0.411429 0.208571 0.022857 0.040000
2 0.423214 0.096190 0.019286 0.034286
2 0.428214 0.053333 0.016429 0.028571
2 0.428571 0.031429 0.015714 0.020952
2 0.494643 0.027619 0.016429 0.026667
2 0.496429 0.076190 0.018571 0.032381
2 0.500714 0.136667 0.020000 0.037143
2 0.418571 0.144286 0.020000 0.035238
2 0.417143 0.175238 0.021429 0.040000
2 0.579643 0.564762 0.039286 0.083810
2 0.556429 0.895238 0.047143 0.148571
2 0.535000 0.585238 0.037143 0.080952
0 0.643929 0.717619 0.017857 0.037143
2 0.531786 0.077619 0.019286 0.037143
2 0.564286 0.273333 0.054286 0.032381
2 0.595714 0.317619 0.064286 0.039048
2 0.525000 0.058571 0.015714 0.029524
2 0.591071 0.351429 0.060714 0.049524
2 0.620357 0.390952 0.053571 0.040952
0 0.612500 0.427143 0.012143 0.031429
0 0.735357 0.559048 0.015000 0.030476
0 0.669286 0.355714 0.011429 0.027619
0 0.602857 0.177619 0.010000 0.025714
0 0.560000 0.127143 0.008571 0.023810
0 0.553571 0.135238 0.008571 0.024762
0 0.542500 0.210000 0.009286 0.025714
0 0.477143 0.073810 0.007143 0.018095
0 0.550000 0.076667 0.007143 0.023810
0 0.542143 0.020476 0.007143 0.018095
0 0.531071 0.033333 0.005000 0.020952
0 0.535714 0.032857 0.005714 0.021905
0 0.619643 0.164762 0.006429 0.024762
0 0.517500 0.181905 0.006429 0.026667
0 0.531786 0.190952 0.006429 0.027619
0 0.571786 0.050952 0.007857 0.016190
0 0.527143 0.175238 0.004286 0.020952
0 0.531071 0.174286 0.005000 0.015238
0 0.950000 0.657619 0.021429 0.031429
0 0.932143 0.595714 0.018571 0.033333
2 0.095000 0.425714 0.075714 0.066667
0 0.155714 0.354762 0.015714 0.031429
2 0.037857 0.684286 0.074286 0.122857