2 0.161786 0.554286 0.065000 0.160000
2 0.456786 0.358571 0.056429 0.160952
2 0.164643 0.367143 0.062143 0.147619
2 0.168929 0.188095 0.057857 0.147619
2 0.089286 0.465238 0.070000 0.176190
2 0.094286 0.066190 0.065714 0.132381
0 0.051786 0.341905 0.029286 0.036190
0 0.031429 0.350952 0.040000 0.037143
2 0.888929 0.084762 0.116429 0.076190
2 0.666071 0.266190 0.057857 0.145714
2 0.881429 0.029048 0.110000 0.058095
2 0.677143 0.451429 0.055714 0.148571
2 0.696786 0.641905 0.063571 0.150476
2 0.713571 0.860000 0.064286 0.175238
2 0.562857 0.685238 0.057143 0.168571
0 0.063571 0.657143 0.034286 0.024762