2 0.428750 0.237000 0.037500 0.026000
2 0.448000 0.214667 0.042000 0.030667
2 0.718250 0.040667 0.009500 0.014667
2 0.729250 0.041000 0.009500 0.014000
2 0.718250 0.026333 0.007500 0.012667
2 0.409500 0.324667 0.038000 0.048000
2 0.515250 0.159333 0.019500 0.014667
2 0.542500 0.096333 0.026000 0.016667
2 0.520750 0.111333 0.029500 0.016000
2 0.373250 0.228333 0.044500 0.028667
2 0.635250 0.503333 0.038500 0.090667
2 0.505250 0.526667 0.053500 0.080000
0 0.272000 0.852000 0.023000 0.048000
0 0.377000 0.854667 0.023000 0.048000
0 0.409500 0.785333 0.022000 0.037333
0 0.412750 0.632667 0.020500 0.036000
0 0.490500 0.486333 0.017000 0.039333
0 0.590000 0.344667 0.008000 0.026667
0 0.546000 0.285000 0.010000 0.022000
0 0.497500 0.239667 0.008000 0.024667
0 0.641250 0.200667 0.008500 0.018667
0 0.662250 0.145333 0.005500 0.013333
0 0.676000 0.136667 0.006000 0.013333
0 0.692000 0.089333 0.004000 0.010667
0 0.476500 0.163333 0.006000 0.020000
0 0.551250 0.336667 0.007500 0.022667
0 0.542500 0.336333 0.008000 0.026000
0 0.533500 0.297667 0.008000 0.026000
0 0.561750 0.242000 0.006500 0.025333
0 0.620000 0.227667 0.006000 0.022000
0 0.623500 0.213000 0.006000 0.022000
0 0.614500 0.217000 0.006000 0.022000
0 0.607500 0.229333 0.004000 0.014667
0 0.614250 0.225333 0.004500 0.014667
0 0.631250 0.194333 0.006500 0.027333
0 0.669750 0.122667 0.004500 0.017333
0 0.696500 0.061000 0.003000 0.012667
0 0.668000 0.084333 0.003000 0.014000
0 0.582500 0.400000 0.008000 0.026667
0 0.573000 0.415333 0.008000 0.026667
0 0.570250 0.426667 0.007500 0.026667
0 0.485750 0.445333 0.010500 0.034667
0 0.479750 0.449333 0.010500 0.034667
0 0.470750 0.452333 0.007500 0.031333
0 0.467500 0.519000 0.009000 0.026000
0 0.458750 0.512333 0.009500 0.030000
0 0.426500 0.561000 0.013000 0.040667
0 0.416500 0.565000 0.009000 0.036667
0 0.458250 0.593667 0.013500 0.035333
0 0.428000 0.537667 0.010000 0.031333
0 0.448500 0.682667 0.017000 0.041333
0 0.376500 0.688000 0.016000 0.045333
0 0.460250 0.732667 0.013500 0.032000
0 0.447000 0.749333 0.012000 0.040000
0 0.381500 0.700667 0.019000 0.026667
0 0.398500 0.681333 0.010000 0.022667
0 0.389250 0.684333 0.008500 0.026000
0 0.349000 0.676333 0.018000 0.043333
0 0.325000 0.659000 0.014000 0.034000
0 0.314000 0.700000 0.019000 0.036000
0 0.367250 0.980000 0.022500 0.040000
0 0.485250 0.771667 0.010500 0.040667
0 0.373250 0.736667 0.009500 0.028000
0 0.449250 0.488333 0.010500 0.030000
0 0.460250 0.489000 0.008500 0.031333
0 0.460500 0.441000 0.009000 0.020667
0 0.463750 0.427333 0.009500 0.028000
0 0.484250 0.475000 0.010500 0.031333
0 0.623500 0.264667 0.005000 0.017333
0 0.569750 0.236667 0.007500 0.018667
0 0.647000 0.149000 0.007000 0.019333
0 0.663000 0.129667 0.005000 0.018000
0 0.660250 0.114333 0.003500 0.016667
0 0.662250 0.114000 0.003500 0.020000
0 0.664750 0.117333 0.003500 0.016000
0 0.667000 0.114667 0.003000 0.013333
0 0.704500 0.097667 0.004000 0.015333
0 0.695250 0.300667 0.007500 0.025333
0 0.697250 0.295667 0.009500 0.019333
0 0.692500 0.343333 0.010000 0.020000
0 0.690750 0.334000 0.007500 0.013333
0 0.684750 0.333000 0.007500 0.012667
0 0.681000 0.344000 0.010000 0.020000
0 0.706750 0.057333 0.003500 0.012000
0 0.660500 0.182667 0.006000 0.020000
0 0.586750 0.224333 0.007500 0.020667
0 0.586500 0.236333 0.006000 0.014000
0 0.530500 0.315667 0.008000 0.016667