2 0.253571 0.087619 0.021429 0.013333
2 0.284286 0.095714 0.025714 0.018095
2 0.301071 0.100000 0.026429 0.017143
2 0.323571 0.104762 0.031429 0.020952
2 0.286071 0.075714 0.027857 0.018095
2 0.312143 0.082381 0.025714 0.018095
2 0.287500 0.065714 0.026429 0.013333
0 0.272500 0.126190 0.005000 0.018095
2 0.355357 0.109524 0.032143 0.019048
2 0.384286 0.117143 0.025714 0.019048
2 0.402500 0.119524 0.029286 0.018095
2 0.423214 0.124286 0.025000 0.021905
0 0.376786 0.137619 0.007857 0.021905
2 0.463214 0.092857 0.029286 0.020000
2 0.475714 0.097619 0.027143 0.020000
2 0.493214 0.099524 0.026429 0.021905
2 0.434643 0.176190 0.043571 0.030476
2 0.611071 0.067619 0.017857 0.017143
0 0.620357 0.144286 0.003571 0.020000
2 0.818571 0.040476 0.008571 0.012381
0 0.004286 0.219048 0.008571 0.028571
0 0.014643 0.228095 0.010714 0.027619
0 0.154643 0.290952 0.010714 0.035238
0 0.142500 0.512381 0.020714 0.049524
0 0.170000 0.754286 0.025714 0.059048
0 0.612500 0.978095 0.036429 0.043810
0 0.633214 0.972857 0.019286 0.054286
0 0.656071 0.771905 0.026429 0.061905
2 0.674643 0.427619 0.055000 0.078095
2 0.663929 0.359524 0.036429 0.061905
2 0.641429 0.273333 0.024286 0.043810
0 0.729286 0.358095 0.011429 0.032381
0 0.736786 0.330952 0.009286 0.027619
2 0.736071 0.155238 0.022143 0.026667
2 0.729286 0.126667 0.024286 0.024762
2 0.750357 0.131429 0.020714 0.028571
2 0.763571 0.117143 0.018571 0.022857
2 0.776429 0.140000 0.018571 0.026667
2 0.786786 0.129048 0.015000 0.023810
2 0.795000 0.113810 0.018571 0.021905
2 0.823214 0.114286 0.013571 0.022857
2 0.811071 0.127619 0.020714 0.028571
2 0.805357 0.147143 0.017857 0.021905
0 0.929643 0.114286 0.006429 0.013333
0 0.937857 0.100952 0.005714 0.017143
0 0.987500 0.292381 0.013571 0.030476
0 0.871786 0.213810 0.007857 0.023810
0 0.713571 0.084762 0.004286 0.013333
0 0.512857 0.293810 0.014286 0.037143
0 0.483929 0.302857 0.007857 0.038095
0 0.476786 0.285238 0.007857 0.035238
0 0.424643 0.298571 0.016429 0.029524
0 0.333929 0.300476 0.019286 0.029524
0 0.328571 0.288571 0.015714 0.032381
0 0.301429 0.272857 0.012857 0.035238
0 0.228214 0.292381 0.012143 0.032381
2 0.286071 0.387619 0.099286 0.062857
0 0.382500 0.427619 0.012143 0.041905
0 0.422143 0.435238 0.010000 0.040000
0 0.251786 0.763810 0.025000 0.062857
0 0.747143 0.676190 0.018571 0.062857
0 0.766071 0.679048 0.016429 0.064762