2 0.534286 0.509048 0.037143 0.082857
2 0.505000 0.496190 0.038571 0.081905
2 0.391071 0.546667 0.040714 0.087619
2 0.361071 0.527619 0.037857 0.080000
2 0.266071 0.488571 0.039286 0.083810
2 0.234643 0.476667 0.036429 0.077143
2 0.176429 0.451429 0.038571 0.083810
2 0.142143 0.439048 0.038571 0.068571
2 0.110357 0.423333 0.039286 0.079048
2 0.078929 0.413333 0.043571 0.078095
2 0.255000 0.393810 0.041429 0.073333
2 0.229286 0.381429 0.034286 0.079048
2 0.196786 0.368095 0.036429 0.075238
2 0.163929 0.354286 0.039286 0.080000
2 0.135000 0.343333 0.038571 0.080952
2 0.106786 0.333333 0.040714 0.081905
2 0.076071 0.321905 0.045000 0.089524
2 0.048571 0.310476 0.038571 0.087619
2 0.018929 0.292857 0.037857 0.079048
2 0.381071 0.441905 0.042143 0.074286
2 0.414286 0.457619 0.038571 0.073333
2 0.448929 0.468571 0.036429 0.087619
2 0.473214 0.484762 0.040714 0.093333
2 0.683929 0.368571 0.090714 0.066667
2 0.266071 0.190000 0.087857 0.065714
2 0.959286 0.177619 0.061429 0.048571
2 0.923571 0.076190 0.028571 0.072381