0 0.579643 0.137690 0.002143 0.011421
0 0.564643 0.135152 0.002143 0.011421
0 0.566429 0.144670 0.002857 0.012690
0 0.627143 0.136421 0.002857 0.013959
2 0.735000 0.186548 0.008571 0.015228
2 0.723571 0.246827 0.011429 0.021574
2 0.642143 0.189086 0.012857 0.010152
0 0.567143 0.222081 0.002857 0.012690
0 0.603929 0.209391 0.003571 0.010152
0 0.587500 0.206218 0.002143 0.011421
0 0.582857 0.208756 0.002857 0.011421
0 0.595357 0.206218 0.002143 0.011421
0 0.617143 0.217005 0.002857 0.012690
0 0.515714 0.258249 0.002857 0.013959
0 0.517500 0.260152 0.003571 0.012690
0 0.659643 0.258883 0.002143 0.015228
0 0.645000 0.288071 0.002857 0.015228
0 0.648571 0.285533 0.002857 0.015228
0 0.642857 0.279822 0.002857 0.013959
0 0.645000 0.278553 0.002857 0.013959
0 0.637143 0.308376 0.002857 0.015228
0 0.631429 0.311548 0.002857 0.016497
0 0.621786 0.334391 0.003571 0.013959
0 0.617500 0.339467 0.005000 0.016497
0 0.608571 0.345812 0.004286 0.016497
0 0.613214 0.345178 0.003571 0.017766
0 0.629286 0.497462 0.005714 0.025381
0 0.631071 0.508883 0.005000 0.027919
0 0.687143 0.623096 0.010000 0.032995
0 0.680357 0.616751 0.006429 0.025381
0 0.630714 0.597081 0.007143 0.031726
0 0.634643 0.638959 0.006429 0.031726
0 0.260357 0.680203 0.006429 0.035533
0 0.347857 0.477157 0.005714 0.025381
0 0.352500 0.477792 0.005000 0.021574
0 0.443214 0.308376 0.005000 0.017766
0 0.434286 0.326142 0.004286 0.017766
0 0.404286 0.365482 0.004286 0.022843
0 0.409643 0.364213 0.005000 0.022843
0 0.381786 0.427030 0.005000 0.026650
2 0.512143 0.281091 0.014286 0.016497
2 0.455714 0.331218 0.024286 0.017766