2 0.179286 0.294286 0.002857 0.003810
2 0.172143 0.291905 0.002857 0.002857
2 0.230000 0.330000 0.005714 0.004762
2 0.238214 0.340952 0.005000 0.005714
2 0.264643 0.347619 0.006429 0.005714
2 0.292857 0.363810 0.007143 0.007619
2 0.975357 0.658095 0.036429 0.026667
2 0.977143 0.647143 0.035714 0.021905
2 0.563929 0.504286 0.020714 0.014286
2 0.817500 0.566190 0.012143 0.016190
0 0.900000 0.499048 0.002857 0.009524
2 0.800357 0.453810 0.010714 0.012381
2 0.930000 0.411429 0.007143 0.007619
2 0.972500 0.365238 0.006429 0.006667
0 0.949643 0.403810 0.003571 0.003810
2 0.985357 0.352857 0.003571 0.006667
2 0.988929 0.342857 0.003571 0.005714
2 0.997500 0.331429 0.002143 0.005714
0 0.974643 0.434762 0.003571 0.008571