2 0.351786 0.932857 0.145000 0.134286
2 0.199286 0.911905 0.177143 0.176190
2 0.144643 0.826667 0.173571 0.190476
2 0.501786 0.720000 0.120714 0.154286
2 0.430000 0.654286 0.112857 0.118095
2 0.337500 0.632381 0.115000 0.116190
0 0.334286 0.465714 0.020000 0.038095
0 0.360000 0.444286 0.014286 0.048571
0 0.331786 0.460000 0.012143 0.026667
0 0.362857 0.432381 0.008571 0.028571
2 0.209286 0.393810 0.088571 0.071429
2 0.145000 0.397619 0.087143 0.071429
2 0.250000 0.330000 0.080000 0.060000
2 0.339286 0.284286 0.064286 0.052381
2 0.506786 0.181429 0.042143 0.040952
0 0.108214 0.310000 0.017857 0.040952
0 0.027500 0.215238 0.016429 0.032381
0 0.048214 0.193810 0.013571 0.033333
0 0.176786 0.050000 0.006429 0.016190
2 0.034286 0.105238 0.052857 0.025714
2 0.066786 0.089524 0.045000 0.020952
2 0.038571 0.042857 0.045714 0.020952
2 0.027857 0.038095 0.035714 0.020952
2 0.016429 0.036667 0.032857 0.021905
2 0.055000 0.028571 0.041429 0.020952
2 0.015000 0.015714 0.030000 0.014286
2 0.012143 0.034286 0.024286 0.024762
2 0.101429 0.009048 0.025714 0.018095
2 0.085000 0.007143 0.021429 0.014286
0 0.648214 0.508095 0.013571 0.048571
0 0.670357 0.483810 0.015000 0.043810
0 0.587500 0.138571 0.007857 0.025714
0 0.552857 0.124762 0.005714 0.028571
0 0.538929 0.114286 0.005000 0.026667
0 0.570000 0.114286 0.005714 0.017143
2 0.943929 0.266667 0.055000 0.066667
2 0.550000 0.054762 0.031429 0.020000
2 0.363571 0.040476 0.024286 0.016190
2 0.377857 0.029524 0.018571 0.015238
2 0.299286 0.029524 0.021429 0.017143
0 0.875000 0.045714 0.008571 0.019048
0 0.933214 0.034762 0.006429 0.018095