0 0.927750 0.920333 0.020500 0.046000
0 0.856000 0.948000 0.023000 0.056000
0 0.822000 0.857667 0.015000 0.048667
0 0.825500 0.846000 0.012000 0.040000
0 0.709250 0.801667 0.016500 0.047333
0 0.682750 0.827000 0.011500 0.038000
0 0.724500 0.841000 0.019000 0.042000
0 0.630750 0.657667 0.009500 0.034000
0 0.583000 0.718667 0.012000 0.026667
0 0.566500 0.726333 0.012000 0.035333
2 0.578750 0.676000 0.046500 0.060000
0 0.572250 0.696000 0.012500 0.033333
0 0.547750 0.693667 0.009500 0.023333
0 0.510000 0.688000 0.011000 0.033333
0 0.483500 0.648333 0.009000 0.028667
0 0.477500 0.653667 0.005000 0.020667
0 0.533500 0.631333 0.009000 0.032000
0 0.482750 0.607333 0.007500 0.029333
0 0.504250 0.617333 0.007500 0.028000
0 0.511750 0.619333 0.007500 0.030667
0 0.526250 0.587667 0.007500 0.024667
0 0.521250 0.583333 0.006500 0.025333
0 0.534250 0.584667 0.005500 0.022667
0 0.534750 0.576667 0.006500 0.018667
0 0.521500 0.560667 0.005000 0.025333
0 0.506500 0.547333 0.007000 0.022667
0 0.490500 0.555000 0.008000 0.020667
0 0.528500 0.556000 0.007000 0.022667
0 0.533000 0.553333 0.006000 0.022667
0 0.509750 0.565667 0.008500 0.022000
0 0.516750 0.533000 0.007500 0.019333
0 0.525250 0.531000 0.004500 0.019333
0 0.489750 0.529333 0.007500 0.021333
0 0.505750 0.511667 0.005500 0.020667
0 0.498750 0.515667 0.005500 0.020667
0 0.503000 0.492000 0.006000 0.016000
0 0.494000 0.484000 0.005000 0.018667
0 0.497750 0.485333 0.003500 0.014667
0 0.502750 0.464000 0.005500 0.016000
0 0.489500 0.463333 0.004000 0.016000
0 0.522000 0.467333 0.005000 0.017333
2 0.536000 0.468333 0.005000 0.014000
0 0.514250 0.471667 0.005500 0.014000
2 0.410000 0.384667 0.016000 0.012000
2 0.389500 0.385667 0.018000 0.010000
2 0.378500 0.389333 0.011000 0.012000
2 0.376250 0.393333 0.013500 0.012000
2 0.349750 0.398333 0.010500 0.011333
2 0.341750 0.374333 0.016500 0.008667
2 0.346750 0.385000 0.017500 0.008667
2 0.341000 0.389333 0.019000 0.009333
2 0.306750 0.391000 0.020500 0.010000
2 0.243000 0.890000 0.058000 0.096000
0 0.296250 0.888333 0.015500 0.050000
0 0.295250 0.880333 0.009500 0.024667
0 0.313750 0.876333 0.020500 0.039333
2 0.190000 0.751000 0.051000 0.074000
2 0.055500 0.794000 0.049000 0.078667
0 0.160000 0.706667 0.010000 0.033333
2 0.044000 0.731000 0.041000 0.055333
2 0.038750 0.680333 0.038500 0.054000
2 0.092500 0.644333 0.036000 0.042000
0 0.218500 0.672000 0.011000 0.033333
2 0.149500 0.658667 0.037000 0.049333
2 0.038000 0.642333 0.031000 0.039333
2 0.059500 0.597000 0.039000 0.034000
2 0.117250 0.585333 0.030500 0.034667
2 0.098750 0.549000 0.048500 0.020667
0 0.129500 0.543000 0.008000 0.022000
0 0.127750 0.553667 0.005500 0.019333
2 0.053750 0.548333 0.027500 0.023333
2 0.039750 0.530000 0.030500 0.022667
2 0.010500 0.546333 0.021000 0.023333
2 0.012000 0.524667 0.022000 0.021333
2 0.212250 0.357000 0.013500 0.006000
0 0.365250 0.562000 0.006500 0.014667
0 0.368750 0.564667 0.007500 0.017333
0 0.374500 0.559333 0.007000 0.013333
0 0.376000 0.562000 0.006000 0.014667
0 0.330500 0.548333 0.007000 0.014000
0 0.326250 0.451000 0.005500 0.015333
0 0.313000 0.455000 0.005000 0.014000
0 0.305750 0.465333 0.005500 0.016000
0 0.307250 0.463667 0.004500 0.016667
0 0.290250 0.481333 0.005500 0.013333
0 0.346250 0.419000 0.003500 0.012667
0 0.342000 0.420667 0.004000 0.012000
0 0.337500 0.425000 0.004000 0.012667
0 0.281750 0.474667 0.004500 0.013333
0 0.276000 0.483000 0.007000 0.010000
0 0.268250 0.487667 0.006500 0.011333
2 0.304250 0.403000 0.012500 0.011333