2 0.554286 0.618020 0.021429 0.050761
2 0.564643 0.700508 0.022143 0.055838
2 0.628214 0.879442 0.027857 0.071066
2 0.580000 0.618655 0.021429 0.052030
2 0.593214 0.684010 0.023571 0.055838
2 0.651786 0.511421 0.025000 0.050761
2 0.728214 0.538071 0.025000 0.058376
2 0.590357 0.269670 0.015000 0.026650
2 0.523214 0.386421 0.027857 0.024112
2 0.594643 0.128173 0.015000 0.025381
2 0.549643 0.305203 0.012143 0.029188
2 0.574286 0.777919 0.020000 0.058376
2 0.585714 0.862310 0.025714 0.079949
2 0.236429 0.460025 0.032857 0.024112
2 0.636786 0.966371 0.027857 0.064721
0 0.671786 0.352157 0.006429 0.013959
0 0.895000 0.855964 0.008571 0.029188
2 0.528929 0.182741 0.012143 0.020305
2 0.497500 0.091371 0.010714 0.022843
2 0.607500 0.611675 0.015000 0.043147
2 0.641071 0.777284 0.026429 0.064721