2 0.695714 0.629524 0.032857 0.055238
2 0.774643 0.735714 0.045000 0.079048
2 0.690714 0.509524 0.027143 0.034286
2 0.650714 0.466190 0.021429 0.029524
2 0.671786 0.441905 0.017857 0.024762
2 0.717857 0.396667 0.030000 0.021905
2 0.644643 0.373810 0.029286 0.018095
2 0.526071 0.342381 0.025000 0.016190
2 0.568214 0.335714 0.020714 0.016190
2 0.591429 0.306667 0.015714 0.015238
2 0.543929 0.303333 0.012143 0.018095
2 0.528571 0.303333 0.012857 0.020000
2 0.558214 0.295238 0.010714 0.015238
2 0.528571 0.279524 0.011429 0.014286
2 0.522857 0.268095 0.011429 0.014286
2 0.736429 0.363810 0.028571 0.019048
2 0.757143 0.355714 0.030000 0.016190
2 0.716071 0.323333 0.025000 0.016190
2 0.733214 0.322381 0.016429 0.018095
2 0.761071 0.326667 0.026429 0.013333
2 0.759286 0.323810 0.025714 0.015238
2 0.756071 0.318571 0.020714 0.014286
2 0.811071 0.316667 0.026429 0.016190
2 0.816786 0.320952 0.027857 0.013333
2 0.821071 0.327143 0.027857 0.014286
0 0.453929 0.396190 0.006429 0.011429
0 0.492143 0.386667 0.004286 0.009524
0 0.607857 0.334762 0.004286 0.012381
0 0.649643 0.350952 0.005000 0.010476
0 0.636429 0.331905 0.005714 0.010476
0 0.643929 0.335238 0.005000 0.009524
0 0.661429 0.339048 0.005714 0.009524
0 0.677500 0.341905 0.005000 0.011429
0 0.697143 0.329048 0.004286 0.010476
0 0.689286 0.323810 0.002857 0.013333
0 0.675714 0.321905 0.004286 0.013333
0 0.696429 0.325714 0.004286 0.013333
0 0.644643 0.316190 0.005000 0.013333
0 0.465000 0.416667 0.005714 0.016190
0 0.448214 0.384286 0.005000 0.014286
0 0.753929 0.438571 0.006429 0.018095
0 0.736429 0.496190 0.007143 0.019048
0 0.784286 0.629524 0.008571 0.013333
0 0.601786 0.598571 0.009286 0.014286
0 0.576071 0.641429 0.009286 0.016190
0 0.516071 0.730952 0.013571 0.025714
0 0.755714 0.501905 0.011429 0.015238
0 0.850357 0.593333 0.012143 0.019048
0 0.847500 0.587143 0.013571 0.023810
0 0.843571 0.582381 0.014286 0.020000
0 0.465357 0.840952 0.009286 0.026667
0 0.502143 0.730000 0.007143 0.035238
0 0.460714 0.657619 0.008571 0.025714
0 0.468929 0.579524 0.007857 0.023810
2 0.855714 0.363810 0.031429 0.015238