2 0.217857 0.742381 0.067143 0.172381
2 0.239286 0.544762 0.058571 0.144762
2 0.365000 0.487619 0.055714 0.156190
2 0.265714 0.217619 0.054286 0.117143
0 0.062143 0.491429 0.035714 0.028571
0 0.308214 0.330952 0.019286 0.031429
2 0.761429 0.874762 0.064286 0.180000
2 0.745000 0.659524 0.060000 0.151429
2 0.729643 0.480000 0.059286 0.144762
2 0.806429 0.566190 0.061429 0.162857
2 0.970357 0.415714 0.059286 0.069524
0 0.785000 0.340476 0.022857 0.035238
0 0.800357 0.334286 0.017857 0.036190
0 0.899643 0.764286 0.030714 0.021905
0 0.673214 0.614286 0.019286 0.028571
2 0.197143 0.937143 0.082857 0.123810