2 0.697500 0.818571 0.147857 0.122857
2 0.726429 0.748571 0.141429 0.120000
2 0.760714 0.561905 0.078571 0.064762
2 0.766786 0.532381 0.096429 0.059048
2 0.765000 0.494762 0.092857 0.058095
2 0.768929 0.469048 0.083571 0.052381
2 0.776071 0.451429 0.075000 0.045714
2 0.779286 0.426190 0.065714 0.044762
2 0.672857 0.472857 0.082857 0.060000
0 0.707143 0.511429 0.011429 0.038095
2 0.929286 0.475238 0.048571 0.062857
2 0.919643 0.394762 0.036429 0.042857
2 0.787143 0.377619 0.068571 0.040952
2 0.796071 0.327143 0.057857 0.037143
2 0.726786 0.327143 0.040714 0.035238
2 0.899643 0.325238 0.026429 0.029524
2 0.894286 0.299524 0.025714 0.029524
2 0.889286 0.271429 0.020000 0.022857
2 0.900357 0.258095 0.040714 0.020952
2 0.802143 0.308571 0.050000 0.024762
2 0.685000 0.077619 0.020000 0.008571
2 0.568929 0.158571 0.012143 0.012381
2 0.566071 0.184286 0.016429 0.014286
2 0.584643 0.169524 0.010714 0.015238
2 0.611071 0.180476 0.015000 0.012381
2 0.622143 0.175238 0.012857 0.011429
2 0.630357 0.169524 0.012143 0.011429
2 0.645000 0.169048 0.012857 0.010476
2 0.645357 0.183810 0.013571 0.013333
2 0.655000 0.176667 0.011429 0.012381
0 0.611071 0.168571 0.003571 0.011429
0 0.619286 0.159048 0.002857 0.011429
0 0.546429 0.166667 0.002857 0.009524
0 0.504286 0.169524 0.002857 0.011429
0 0.496071 0.171905 0.002143 0.012381
0 0.470357 0.182857 0.002143 0.013333
0 0.471429 0.202857 0.004286 0.015238
0 0.676429 0.269524 0.002857 0.007619
0 0.635000 0.317619 0.005714 0.020000
0 0.667500 0.373333 0.006429 0.030476
0 0.604286 0.374762 0.005714 0.020000
0 0.587857 0.398571 0.007143 0.023810
0 0.428929 0.624286 0.012143 0.044762
0 0.439286 0.626190 0.012857 0.046667
0 0.353929 0.751429 0.016429 0.057143
0 0.369286 0.752857 0.012857 0.060000
2 0.584643 0.230952 0.020714 0.018095
0 0.150714 0.302381 0.007143 0.021905