0 0.422756 0.322820 0.006263 0.025974
2 0.445720 0.370594 0.022965 0.052876
2 0.477035 0.374304 0.021921 0.043599
2 0.846033 0.802412 0.070981 0.129870
2 0.897704 0.807050 0.079332 0.126160
0 0.606733 0.420223 0.009916 0.038961
2 0.612735 0.429499 0.032359 0.046382
2 0.572025 0.458256 0.027140 0.051948
2 0.567850 0.402134 0.019833 0.039889
0 0.639092 0.325139 0.009916 0.028757
0 0.627871 0.332096 0.007307 0.025974
0 0.616649 0.367347 0.005741 0.020408
0 0.606994 0.333488 0.006263 0.026902
0 0.609603 0.329314 0.006263 0.025974
0 0.645616 0.278293 0.005219 0.024119
0 0.480689 0.339518 0.006263 0.025974
2 0.532098 0.320965 0.028706 0.046382
0 0.543319 0.317254 0.006263 0.027829
0 0.532620 0.305195 0.006785 0.025974
0 0.552192 0.314471 0.006263 0.027829
0 0.538622 0.296846 0.004175 0.020408
0 0.552192 0.366883 0.007307 0.023191
0 0.544102 0.548701 0.010960 0.032468
0 0.565501 0.606215 0.009916 0.049165
0 0.564718 0.614100 0.008351 0.048237
0 0.565762 0.604824 0.006263 0.024119
0 0.552714 0.659091 0.008351 0.030612
0 0.547756 0.674861 0.006785 0.023191
0 0.558716 0.671150 0.010960 0.028757
0 0.554019 0.689239 0.008873 0.031540
0 0.562891 0.671614 0.010960 0.051948
0 0.559238 0.229592 0.005741 0.021336
0 0.546973 0.228664 0.005219 0.023191
0 0.586900 0.136364 0.004697 0.016698
0 0.571503 0.141466 0.003132 0.015770
0 0.541754 0.141002 0.004175 0.012987
0 0.514614 0.124304 0.003132 0.009276
2 0.481211 0.135436 0.012526 0.022263
2 0.494781 0.094620 0.012526 0.014842
2 0.455898 0.147495 0.018267 0.018553
2 0.458507 0.144712 0.024530 0.018553
2 0.455376 0.133581 0.009916 0.020408
0 0.367171 0.306122 0.006785 0.024119
2 0.380219 0.282931 0.018267 0.029685
0 0.379697 0.263451 0.006785 0.014842
0 0.382046 0.262523 0.005219 0.016698
2 0.580898 0.099722 0.018789 0.017625
2 0.554280 0.087199 0.009395 0.016698
2 0.495564 0.071892 0.012004 0.012059
2 0.494781 0.057050 0.008351 0.010204
0 0.524269 0.060297 0.002610 0.007421
0 0.524008 0.046382 0.002088 0.011132
2 0.544885 0.046846 0.006263 0.010204
0 0.541493 0.043599 0.002610 0.009276
2 0.537578 0.025046 0.004175 0.011132
0 0.516962 0.051948 0.002610 0.009276
0 0.513309 0.032468 0.001566 0.007421