0 0.103571 0.710000 0.017143 0.016190
0 0.309643 0.795714 0.016429 0.016190
2 0.164643 0.949048 0.086429 0.061905
2 0.472500 0.778095 0.075000 0.051429
0 0.107857 0.506190 0.015714 0.018095
0 0.282500 0.501429 0.016429 0.016190
0 0.279643 0.485714 0.009286 0.019048
2 0.196071 0.598095 0.075000 0.045714
2 0.278929 0.602857 0.066429 0.040000
2 0.429286 0.600476 0.070000 0.044762
2 0.507857 0.604286 0.064286 0.039048
0 0.582857 0.693810 0.008571 0.012381
0 0.575000 0.693333 0.011429 0.015238
0 0.632500 0.667143 0.009286 0.012381
0 0.649286 0.668571 0.014286 0.013333
0 0.702857 0.713810 0.011429 0.018095
0 0.628571 0.649524 0.008571 0.019048
0 0.699286 0.959524 0.014286 0.016190
2 0.722143 0.612381 0.074286 0.041905
0 0.811429 0.715238 0.011429 0.017143
0 0.820000 0.715714 0.008571 0.016190
0 0.896071 0.721905 0.015000 0.017143
0 0.940000 0.666667 0.011429 0.017143
0 0.854643 0.986667 0.013571 0.019048