2 0.415000 0.638095 0.081429 0.140952
2 0.434286 0.514762 0.064286 0.088571
2 0.283571 0.464286 0.064286 0.088571
2 0.237143 0.441429 0.077143 0.088571
2 0.134286 0.420952 0.082857 0.078095
2 0.184643 0.435714 0.075000 0.075238
2 0.618929 0.546667 0.049286 0.108571
2 0.787500 0.585238 0.047857 0.100000
2 0.847857 0.601905 0.055714 0.108571
2 0.917500 0.620476 0.067857 0.124762
2 0.818571 0.747619 0.065714 0.161905
2 0.901429 0.770000 0.074286 0.164762
2 0.677500 0.573810 0.040714 0.107619
2 0.547500 0.668571 0.066429 0.152381
2 0.877143 0.463810 0.101429 0.068571
0 0.487857 0.452381 0.015714 0.045714
0 0.450714 0.366190 0.017143 0.040952
0 0.428214 0.361429 0.013571 0.039048
0 0.614643 0.460000 0.015000 0.043810