2 0.382500 0.778571 0.112143 0.140000
2 0.291429 0.794762 0.108571 0.124762
2 0.249286 0.746190 0.104286 0.086667
2 0.212857 0.718095 0.091429 0.093333
2 0.486071 0.597143 0.096429 0.062857
2 0.279643 0.492381 0.075000 0.047619
2 0.298929 0.464286 0.070714 0.052381
2 0.518929 0.540952 0.085000 0.059048
2 0.553929 0.581905 0.089286 0.060952
2 0.519643 0.463810 0.065000 0.036190
2 0.489286 0.438571 0.060000 0.035238
2 0.434643 0.420952 0.056429 0.032381
2 0.402857 0.433810 0.045714 0.031429
2 0.223929 0.449048 0.060714 0.040952
2 0.195000 0.418571 0.052857 0.037143
2 0.211429 0.384286 0.050000 0.027619
2 0.250000 0.374762 0.045714 0.029524
2 0.309286 0.386667 0.055714 0.032381
2 0.368214 0.402381 0.050714 0.035238
2 0.273571 0.362381 0.044286 0.037143
2 0.237857 0.354286 0.041429 0.032381
2 0.125714 0.345714 0.037143 0.030476
2 0.092857 0.355238 0.030000 0.038095
2 0.063571 0.329048 0.041429 0.021905
0 0.035357 0.307143 0.005000 0.021905
0 0.038214 0.306190 0.005000 0.018095
0 0.042857 0.310000 0.008571 0.021905
0 0.053214 0.311905 0.006429 0.025714
0 0.092857 0.312381 0.008571 0.019048
0 0.179286 0.360476 0.007143 0.020000
0 0.174286 0.352381 0.007143 0.020952
0 0.187857 0.338571 0.008571 0.023810
0 0.195000 0.334762 0.008571 0.025714
0 0.241786 0.318095 0.007857 0.020952
0 0.256071 0.315238 0.005000 0.020952
0 0.263929 0.314286 0.007857 0.020952
2 0.272143 0.331429 0.040000 0.022857
2 0.293929 0.334286 0.037857 0.026667
2 0.304286 0.338571 0.035714 0.021905
2 0.357857 0.350952 0.034286 0.023810
2 0.379643 0.353333 0.036429 0.028571
2 0.403214 0.355714 0.036429 0.025714
2 0.460714 0.369048 0.031429 0.027619
2 0.512857 0.378095 0.030000 0.028571
2 0.538929 0.379048 0.039286 0.036190
2 0.563214 0.389524 0.033571 0.028571
0 0.406071 0.420476 0.009286 0.025714
0 0.413571 0.419524 0.008571 0.027619
0 0.500714 0.440476 0.010000 0.031429
0 0.516786 0.440000 0.006429 0.026667
0 0.521429 0.441905 0.007143 0.024762
0 0.567143 0.423333 0.007143 0.025714
0 0.540357 0.424762 0.010714 0.026667
0 0.586786 0.382857 0.009286 0.022857
0 0.622143 0.364762 0.007143 0.024762
0 0.613929 0.442381 0.006429 0.029524
0 0.624286 0.438095 0.011429 0.034286
0 0.703214 0.469524 0.007857 0.032381
0 0.642143 0.318095 0.004286 0.017143
0 0.632857 0.291905 0.005714 0.016190
0 0.635714 0.281905 0.004286 0.013333
0 0.657500 0.263810 0.003571 0.013333
0 0.650714 0.256190 0.004286 0.015238
0 0.658571 0.251429 0.002857 0.005714
0 0.656429 0.252857 0.002857 0.014286
0 0.643571 0.296190 0.005714 0.017143
0 0.637857 0.344286 0.007143 0.020000
0 0.616429 0.438571 0.007143 0.031429
2 0.572143 0.457619 0.051429 0.037143
2 0.599643 0.514286 0.076429 0.043810
2 0.616786 0.493810 0.070714 0.042857
0 0.661071 0.488095 0.012143 0.035238
0 0.714286 0.462381 0.010000 0.031429
0 0.829286 0.506190 0.008571 0.029524
0 0.824643 0.502381 0.007857 0.033333
0 0.857500 0.486667 0.012143 0.036190
0 0.846071 0.466667 0.009286 0.032381
0 0.772500 0.468095 0.009286 0.023810
0 0.775000 0.461905 0.008571 0.032381
0 0.791429 0.458571 0.010000 0.021905
2 0.739643 0.525714 0.072143 0.043810
2 0.837857 0.572381 0.094286 0.057143
2 0.822857 0.472381 0.032857 0.047619
0 0.841786 0.436190 0.009286 0.022857
0 0.860000 0.460952 0.011429 0.024762
0 0.870714 0.475714 0.010000 0.021905
2 0.694286 0.657619 0.102857 0.077143
0 0.891071 0.730476 0.020714 0.036190
0 0.942143 0.751905 0.020000 0.056190
0 0.960714 0.754762 0.022857 0.063810
0 0.989286 0.907143 0.021429 0.077143
2 0.955357 0.675714 0.089286 0.092381
2 0.968929 0.622857 0.062143 0.049524
0 0.994286 0.545714 0.010000 0.034286
2 0.982500 0.490000 0.035000 0.046667
2 0.934643 0.481429 0.047857 0.050476
2 0.955000 0.456667 0.042857 0.042857
2 0.909643 0.443810 0.039286 0.043810
2 0.867143 0.450952 0.035714 0.039048
2 0.868214 0.428571 0.027857 0.032381
2 0.902500 0.398095 0.033571 0.034286
2 0.875000 0.404762 0.035714 0.034286
2 0.841071 0.403810 0.026429 0.030476
2 0.856071 0.385714 0.026429 0.028571
2 0.881786 0.381429 0.027857 0.027619
2 0.829643 0.383333 0.020714 0.027619
2 0.816786 0.362381 0.019286 0.020000
2 0.848571 0.367143 0.022857 0.021905
2 0.870714 0.364762 0.022857 0.022857
2 0.858214 0.352381 0.022143 0.024762
2 0.833214 0.355714 0.023571 0.025714
2 0.807143 0.352381 0.022857 0.020952
2 0.846071 0.337619 0.022143 0.027619
2 0.822143 0.341905 0.020000 0.019048
2 0.796071 0.337143 0.017857 0.024762
2 0.760000 0.316190 0.015714 0.020952
2 0.781786 0.295714 0.017857 0.016190
2 0.856429 0.310000 0.017143 0.018095
2 0.985357 0.414762 0.029286 0.031429
2 0.914286 0.298571 0.015714 0.018095
0 0.743214 0.297619 0.005000 0.010476
0 0.731071 0.273810 0.002143 0.010476
0 0.728571 0.271429 0.002857 0.009524
0 0.795000 0.410476 0.005714 0.022857
0 0.789286 0.403810 0.004286 0.022857
0 0.787857 0.400952 0.004286 0.024762
0 0.783571 0.395238 0.005714 0.022857
2 0.761786 0.256667 0.010714 0.012381
2 0.740000 0.236190 0.008571 0.009524
2 0.721786 0.233333 0.006429 0.007619
2 0.728571 0.223333 0.005714 0.008571
2 0.758214 0.226190 0.006429 0.006667
0 0.966429 0.303333 0.004286 0.010476
0 0.959286 0.309048 0.004286 0.012381
0 0.955357 0.307619 0.003571 0.013333
0 0.962500 0.309048 0.003571 0.012381
0 0.948929 0.303333 0.005000 0.012381
0 0.944286 0.310000 0.004286 0.014286
0 0.928571 0.303333 0.005714 0.016190
0 0.893571 0.290000 0.004286 0.012381
0 0.895714 0.294286 0.004286 0.009524
0 0.940357 0.300952 0.003571 0.007619
0 0.772143 0.225238 0.002857 0.006667
0 0.798929 0.234762 0.003571 0.006667
0 0.801786 0.238095 0.002143 0.005714
0 0.785000 0.235714 0.002857 0.004762
2 0.688571 0.211429 0.004286 0.005714