2 0.026429 0.771429 0.052857 0.209524
2 0.709643 0.949524 0.175000 0.100952
2 0.186786 0.593333 0.099286 0.211429
2 0.343571 0.816667 0.085714 0.254286
2 0.684643 0.833810 0.183571 0.115238
2 0.649643 0.627619 0.152143 0.091429
2 0.621786 0.410952 0.117857 0.071429
2 0.612500 0.360000 0.112143 0.068571
2 0.440000 0.600952 0.062857 0.173333
2 0.374286 0.586190 0.061429 0.153333
2 0.388571 0.421905 0.052857 0.123810
2 0.407500 0.240952 0.039286 0.072381
2 0.418571 0.146190 0.032857 0.058095
0 0.391071 0.161429 0.010714 0.039048
0 0.451786 0.180000 0.009286 0.034286
0 0.501071 0.013810 0.010714 0.025714
0 0.321429 0.404286 0.012857 0.040952
2 0.138214 0.405714 0.082143 0.121905
2 0.222500 0.189524 0.049286 0.076190
2 0.288929 0.024286 0.039286 0.048571
2 0.266071 0.059524 0.036429 0.058095