2 0.489643 0.839524 0.053571 0.151429
2 0.558214 0.740952 0.045000 0.127619
2 0.477500 0.508095 0.043571 0.119048
2 0.557143 0.438571 0.035714 0.086667
2 0.745714 0.490476 0.084286 0.051429
2 0.902857 0.475714 0.092857 0.056190
2 0.886429 0.260000 0.074286 0.053333
2 0.306429 0.258571 0.034286 0.088571
2 0.154286 0.541905 0.035714 0.081905
2 0.165357 0.323333 0.039286 0.090476
2 0.358929 0.220952 0.032143 0.083810
2 0.311786 0.140952 0.033571 0.083810
2 0.313571 0.044762 0.034286 0.074286
2 0.352857 0.109048 0.031429 0.080952
2 0.629643 0.968095 0.056429 0.061905
2 0.018214 0.472857 0.035000 0.117143
2 0.403214 0.012857 0.026429 0.025714
0 0.754643 0.340476 0.012143 0.023810
0 0.801429 0.371905 0.012857 0.027619
0 0.891071 0.956667 0.023571 0.023810
0 0.957143 0.993810 0.028571 0.012381
0 0.604286 0.006190 0.008571 0.012381
0 0.630000 0.023333 0.011429 0.029524
0 0.634286 0.146190 0.011429 0.031429
0 0.650000 0.149524 0.008571 0.028571
0 0.644643 0.145238 0.005000 0.021905
0 0.655000 0.138095 0.008571 0.024762
0 0.843571 0.322857 0.017143 0.028571
0 0.846071 0.331429 0.020714 0.030476
0 0.683214 0.253810 0.009286 0.023810
0 0.693929 0.271905 0.010714 0.039048
0 0.911071 0.417619 0.017857 0.025714
0 0.617500 0.452381 0.012143 0.019048