0 0.727857 0.952411 0.011429 0.026650
0 0.522500 0.913071 0.007857 0.024112
0 0.495714 0.855330 0.008571 0.030457
0 0.183214 0.965102 0.005000 0.021574
0 0.183214 0.951142 0.007857 0.026650
0 0.175357 0.902284 0.009286 0.030457
0 0.175714 0.805838 0.010000 0.035533
2 0.260357 0.716371 0.022143 0.074873
2 0.288571 0.612310 0.022857 0.057107
2 0.385714 0.257614 0.022857 0.043147
0 0.301429 0.034264 0.004286 0.017766
2 0.353929 0.170685 0.033571 0.031726
2 0.190714 0.102157 0.015714 0.029188
2 0.242500 0.243020 0.016429 0.036802
0 0.104643 0.003807 0.005000 0.007614
0 0.107143 0.046954 0.005714 0.017766
0 0.120357 0.077411 0.005000 0.020305
0 0.118214 0.081853 0.005000 0.019036
0 0.117500 0.108503 0.006429 0.021574
0 0.125000 0.105330 0.005714 0.017766
0 0.122500 0.100254 0.006429 0.020305
0 0.133929 0.104061 0.005000 0.022843
0 0.117143 0.107868 0.005714 0.020305
0 0.117857 0.122462 0.007143 0.021574
0 0.122857 0.140228 0.005714 0.019036
0 0.165357 0.297589 0.006429 0.019036
0 0.170000 0.346447 0.007143 0.022843
0 0.196429 0.436548 0.005714 0.022843
0 0.185714 0.479695 0.005714 0.030457