2 0.358929 0.862944 0.020714 0.043147
2 0.339286 0.592005 0.020000 0.021574
2 0.344286 0.579315 0.021429 0.019036
0 0.339286 0.684010 0.004286 0.020305
0 0.331071 0.715102 0.003571 0.021574
0 0.323571 0.744289 0.004286 0.013959
0 0.326429 0.744289 0.004286 0.011421
0 0.322500 0.735406 0.005000 0.021574
0 0.325357 0.740482 0.005000 0.019036
0 0.329643 0.732234 0.005000 0.022843
2 0.379643 0.602792 0.012143 0.020305
0 0.487500 0.612310 0.003571 0.016497
0 0.357143 0.543782 0.002857 0.013959
0 0.366786 0.560914 0.005000 0.012690
0 0.363929 0.531726 0.002143 0.010152
0 0.377857 0.503807 0.002857 0.012690
0 0.381071 0.504442 0.002143 0.011421
2 0.442857 0.472716 0.008571 0.013959
2 0.418214 0.440355 0.007857 0.012690
2 0.591786 0.341371 0.006429 0.010152
2 0.598571 0.335025 0.004286 0.010152
2 0.605000 0.321701 0.007143 0.006345
2 0.585000 0.331218 0.004286 0.007614
2 0.586429 0.326142 0.004286 0.007614
2 0.461071 0.346447 0.006429 0.010152
2 0.446786 0.399746 0.007857 0.010152
2 0.470714 0.342005 0.005714 0.011421
2 0.448929 0.352792 0.006429 0.010152
2 0.450357 0.315990 0.005000 0.007614
2 0.461071 0.311548 0.003571 0.008883
2 0.461429 0.304569 0.004286 0.005076
2 0.494286 0.333756 0.004286 0.007614
2 0.429286 0.233503 0.004286 0.005076
2 0.431429 0.236675 0.002857 0.003807
2 0.438214 0.239848 0.005000 0.005076
2 0.446071 0.246827 0.003571 0.003807
2 0.461786 0.260787 0.003571 0.006345
2 0.458571 0.271574 0.002857 0.007614
2 0.451429 0.281091 0.002857 0.006345
2 0.460357 0.286802 0.003571 0.005076