0 0.154643 0.947143 0.017857 0.018095
2 0.462143 0.910000 0.081429 0.115238
0 0.477500 0.816667 0.020714 0.029524
0 0.498214 0.675238 0.016429 0.024762
0 0.462143 0.543333 0.014286 0.025714
2 0.697500 0.600000 0.070714 0.070476
2 0.718929 0.544762 0.067857 0.074286
2 0.750714 0.476190 0.067143 0.070476
2 0.832857 0.459524 0.067143 0.069524
2 0.854643 0.385714 0.065000 0.064762
0 0.705357 0.946190 0.016429 0.021905
0 0.866429 0.321429 0.020000 0.027619
2 0.941429 0.198571 0.054286 0.042857
2 0.954286 0.104286 0.035714 0.046667
2 0.921786 0.113810 0.033571 0.046667
2 0.897500 0.138571 0.029286 0.044762
2 0.844643 0.132381 0.045000 0.051429
0 0.845714 0.154762 0.014286 0.025714
2 0.676071 0.143333 0.049286 0.056190
2 0.625357 0.241905 0.052143 0.049524
2 0.579643 0.290476 0.056429 0.051429
2 0.553929 0.311905 0.055000 0.056190
2 0.535000 0.333810 0.055714 0.058095
2 0.486429 0.381905 0.048571 0.057143
0 0.523571 0.410476 0.012857 0.022857
0 0.345000 0.473810 0.010000 0.021905
0 0.357500 0.451905 0.009286 0.020000
2 0.237857 0.278095 0.050000 0.057143
2 0.150000 0.449048 0.058571 0.071429
0 0.077857 0.562857 0.021429 0.022857
2 0.078571 0.359048 0.051429 0.066667
2 0.684286 0.070000 0.028571 0.044762
2 0.736429 0.061429 0.028571 0.044762