2 0.943571 0.061429 0.058571 0.046667
2 0.943214 0.021905 0.046429 0.036190
2 0.950000 0.164762 0.035714 0.072381
0 0.421071 0.033810 0.006429 0.020000
0 0.299643 0.121429 0.010714 0.014286
0 0.322857 0.247143 0.005714 0.012381
0 0.278929 0.275714 0.007857 0.010476
0 0.266429 0.282381 0.008571 0.008571
0 0.275357 0.286667 0.012143 0.009524
0 0.367857 0.256667 0.007143 0.010476
0 0.055357 0.240476 0.013571 0.010476
0 0.091429 0.244762 0.011429 0.013333
0 0.100357 0.255714 0.012143 0.016190
0 0.098929 0.262857 0.010714 0.009524
0 0.107143 0.242857 0.011429 0.013333
0 0.147500 0.234286 0.016429 0.020952
0 0.139286 0.259524 0.014286 0.012381
0 0.091071 0.299524 0.013571 0.008571
0 0.086429 0.307619 0.010000 0.007619
0 0.478929 0.956190 0.006429 0.013333
2 0.582857 0.936667 0.031429 0.077143
2 0.568929 0.845714 0.027857 0.078095
2 0.526786 0.839048 0.027857 0.074286
2 0.460000 0.863810 0.028571 0.074286
2 0.445714 0.772381 0.027143 0.070476
2 0.538571 0.626667 0.020000 0.060952
2 0.511071 0.491905 0.022143 0.077143
2 0.542143 0.415238 0.022857 0.070476
2 0.520357 0.348095 0.029286 0.071429
2 0.381071 0.421429 0.055000 0.035238
2 0.368929 0.371429 0.053571 0.036190
2 0.431071 0.327619 0.023571 0.074286
2 0.376429 0.319048 0.057143 0.041905
2 0.378929 0.282857 0.056429 0.030476
2 0.412143 0.219048 0.022857 0.070476
2 0.550714 0.159048 0.024286 0.068571
2 0.563571 0.072857 0.032857 0.079048
0 0.487857 0.518571 0.008571 0.012381
0 0.501429 0.660476 0.010000 0.016190
0 0.511786 0.740952 0.007857 0.013333
0 0.495714 0.882857 0.008571 0.009524