0 0.195714 0.117386 0.008571 0.011421
2 0.144286 0.840736 0.034286 0.044416
2 0.225357 0.750635 0.030714 0.039340
2 0.132857 0.963198 0.035714 0.053299
2 0.168214 0.927665 0.037857 0.038071
2 0.357857 0.747462 0.021429 0.055838
2 0.375357 0.731599 0.022143 0.059645
2 0.393929 0.717005 0.025000 0.063452
2 0.428929 0.683376 0.023571 0.062183
2 0.445000 0.660533 0.017143 0.044416
2 0.497500 0.626904 0.023571 0.060914
2 0.515357 0.612310 0.023571 0.062183
2 0.407500 0.566624 0.035000 0.046954
2 0.458214 0.519036 0.032143 0.043147
0 0.463571 0.456218 0.004286 0.019036
2 0.636786 0.565355 0.027857 0.059645
2 0.906786 0.590102 0.032143 0.040609
2 0.854286 0.555838 0.035714 0.032995
0 0.878571 0.239213 0.010000 0.013959
2 0.918214 0.161802 0.036429 0.046954
2 0.864286 0.202411 0.037143 0.041878
2 0.796429 0.240482 0.035714 0.041878
2 0.757857 0.226523 0.034286 0.046954
2 0.719643 0.287437 0.033571 0.054569
2 0.686429 0.260787 0.035714 0.046954
2 0.836429 0.037437 0.034286 0.044416