2 0.411786 0.534762 0.019286 0.039048
2 0.646429 0.481429 0.034286 0.020000
2 0.600357 0.459048 0.033571 0.020952
2 0.597857 0.439524 0.032857 0.020000
2 0.634286 0.400476 0.030000 0.016190
2 0.630357 0.380476 0.026429 0.016190
2 0.502143 0.154762 0.007143 0.008571
2 0.645714 0.464762 0.032857 0.019048
2 0.643929 0.450952 0.032143 0.016190
2 0.640000 0.438571 0.031429 0.016190
2 0.598214 0.425238 0.026429 0.016190
2 0.598929 0.413333 0.030714 0.017143
2 0.597500 0.387619 0.027857 0.017143
2 0.596071 0.376667 0.025000 0.016190
2 0.594643 0.366190 0.027857 0.016190
2 0.629643 0.368095 0.026429 0.016190
2 0.529286 0.338571 0.027143 0.018095
2 0.522143 0.443333 0.028571 0.016190
2 0.521786 0.422857 0.027857 0.019048