2 0.443571 0.526667 0.002857 0.003810
2 0.447500 0.525714 0.003571 0.003810
2 0.452857 0.531905 0.004286 0.004762
2 0.453571 0.510952 0.004286 0.002857
2 0.461786 0.513333 0.002143 0.003810
2 0.466786 0.511905 0.002143 0.002857
2 0.472143 0.510952 0.004286 0.002857
0 0.437500 0.559048 0.002143 0.005714
2 0.462143 0.529048 0.004286 0.004762
2 0.466429 0.523810 0.002857 0.003810
2 0.474286 0.519048 0.002857 0.003810
2 0.476071 0.514762 0.002143 0.002857
2 0.470357 0.512857 0.002143 0.002857
2 0.472500 0.524762 0.003571 0.003810
2 0.480357 0.525238 0.003571 0.004762
2 0.477500 0.527143 0.003571 0.002857
2 0.478571 0.523333 0.002857 0.002857
2 0.446429 0.546667 0.005714 0.005714
2 0.442857 0.531905 0.005714 0.004762
2 0.516786 0.527143 0.007857 0.004762
0 0.495000 0.560952 0.002857 0.007619
2 0.490357 0.561429 0.007857 0.008571
2 0.486786 0.566190 0.006429 0.008571
2 0.496786 0.587143 0.020714 0.010476
2 0.474643 0.562381 0.006429 0.008571
2 0.473929 0.573810 0.007857 0.010476
2 0.492500 0.592381 0.025000 0.011429
2 0.444643 0.570952 0.007857 0.010476
2 0.431071 0.576667 0.009286 0.010476
0 0.443214 0.604762 0.002143 0.003810
2 0.455714 0.630000 0.011429 0.016190
0 0.603214 0.592857 0.003571 0.012381
0 0.618571 0.627143 0.004286 0.016190
0 0.591429 0.617143 0.004286 0.013333
0 0.607857 0.586190 0.004286 0.012381
2 0.575714 0.596667 0.025714 0.014286
2 0.567500 0.601905 0.013571 0.013333
2 0.680714 0.594762 0.027143 0.012381
2 0.684643 0.600000 0.009286 0.013333
2 0.676786 0.608571 0.025000 0.015238
2 0.666786 0.611905 0.026429 0.014286
2 0.644643 0.616667 0.029286 0.018095
2 0.633214 0.615238 0.025000 0.015238
2 0.653929 0.627619 0.029286 0.017143
2 0.665714 0.638571 0.031429 0.021905
2 0.688929 0.640476 0.036429 0.016190
2 0.695357 0.647143 0.037857 0.018095
0 0.706429 0.650952 0.005714 0.016190
0 0.714286 0.654762 0.005714 0.016190
0 0.704643 0.683333 0.005000 0.021905
0 0.676071 0.680952 0.007857 0.024762
0 0.700000 0.696667 0.007143 0.023810
2 0.693929 0.679048 0.030714 0.024762
0 0.751071 0.697619 0.009286 0.025714
0 0.773929 0.700476 0.012143 0.027619
0 0.792500 0.713810 0.007857 0.023810
0 0.772857 0.732857 0.007143 0.029524
2 0.736429 0.720476 0.060000 0.027619
2 0.548571 0.608095 0.027143 0.010476
2 0.522143 0.610952 0.015714 0.018095
2 0.523571 0.653333 0.015714 0.020952
2 0.526071 0.689524 0.020714 0.028571
2 0.558214 0.612381 0.026429 0.013333
2 0.555000 0.620000 0.028571 0.013333
2 0.552500 0.624762 0.025000 0.015238
2 0.550357 0.630476 0.030714 0.017143
2 0.556429 0.633333 0.031429 0.013333
2 0.553214 0.640476 0.027857 0.016190
2 0.592857 0.629048 0.014286 0.018095
2 0.602143 0.650476 0.022857 0.020952
2 0.558929 0.664286 0.042143 0.020000
2 0.563214 0.675238 0.035000 0.019048
2 0.582500 0.679524 0.045000 0.021905
2 0.581071 0.691429 0.042143 0.022857
2 0.592857 0.702857 0.052857 0.022857
2 0.593214 0.715238 0.059286 0.024762
2 0.597143 0.735238 0.058571 0.030476
2 0.549286 0.753333 0.068571 0.040000
2 0.593571 0.799524 0.035714 0.046667
2 0.640000 0.794286 0.047143 0.047619
2 0.715000 0.750000 0.071429 0.039048
2 0.678929 0.787619 0.045000 0.045714
2 0.702857 0.828095 0.088571 0.050476
2 0.725000 0.782381 0.050000 0.042857
2 0.778214 0.779524 0.052143 0.048571
2 0.820714 0.778095 0.065714 0.053333
0 0.853929 0.727143 0.007857 0.027619
0 0.843929 0.723810 0.006429 0.028571
2 0.865714 0.719524 0.037143 0.031429
0 0.923929 0.750952 0.007857 0.018095
2 0.966786 0.714286 0.026429 0.032381
2 0.981429 0.745714 0.037143 0.028571
2 0.773571 0.857619 0.097143 0.048571
0 0.676429 0.914762 0.015714 0.058095
2 0.459286 0.676190 0.020000 0.034286
2 0.465000 0.784286 0.031429 0.056190
2 0.382857 0.816190 0.042857 0.070476
2 0.339643 0.953810 0.055000 0.092381
2 0.202857 0.971429 0.071429 0.057143