2 0.297500 0.822381 0.156429 0.227619
2 0.635000 0.695238 0.158571 0.196190
2 0.428929 0.481429 0.117857 0.140000
2 0.656071 0.383810 0.099286 0.093333
2 0.280714 0.339048 0.098571 0.106667
2 0.133571 0.171905 0.071429 0.079048
2 0.068571 0.025238 0.051429 0.046667
2 0.131429 0.034286 0.051429 0.043810
2 0.251429 0.075714 0.062857 0.052381
2 0.298214 0.049048 0.062143 0.061905
2 0.317500 0.117619 0.065000 0.058095
2 0.459643 0.224762 0.086429 0.085714
2 0.533214 0.294286 0.095000 0.083810
2 0.709286 0.178571 0.071429 0.065714
2 0.673571 0.154762 0.071429 0.073333
2 0.631429 0.138095 0.062857 0.059048
2 0.560000 0.104762 0.052857 0.059048
2 0.483571 0.069048 0.057143 0.042857
2 0.456071 0.052381 0.055000 0.047619
2 0.425000 0.044762 0.055714 0.043810
2 0.371786 0.016190 0.060714 0.032381
0 0.921429 0.678095 0.038571 0.070476
0 0.837143 0.516667 0.024286 0.058095
0 0.936429 0.474762 0.027143 0.060000
0 0.907143 0.487143 0.030000 0.058095
0 0.827500 0.462857 0.025000 0.047619
0 0.855714 0.433333 0.030000 0.062857
0 0.667500 0.278095 0.015000 0.049524
0 0.631429 0.276190 0.015714 0.043810
0 0.719643 0.209048 0.012143 0.044762
0 0.868571 0.081905 0.012857 0.036190
0 0.893571 0.068571 0.011429 0.032381
0 0.876786 0.069524 0.012143 0.036190
0 0.592143 0.329524 0.017143 0.057143
0 0.542143 0.322857 0.015714 0.057143
0 0.589286 0.188095 0.015714 0.046667
0 0.500357 0.132381 0.013571 0.043810
0 0.577857 0.324762 0.014286 0.032381
0 0.483929 0.102381 0.012143 0.042857
0 0.393571 0.079524 0.011429 0.039048
0 0.398929 0.077143 0.010714 0.038095
0 0.335357 0.018571 0.012143 0.037143
0 0.193214 0.032381 0.015000 0.036190
0 0.162500 0.022857 0.012143 0.030476
0 0.213929 0.013810 0.012143 0.027619
0 0.208929 0.012857 0.010714 0.025714