0 0.549322 0.801484 0.021399 0.053803
0 0.632307 0.495362 0.016180 0.053803
0 0.522443 0.384508 0.009395 0.049165
0 0.543058 0.411410 0.013048 0.047310
0 0.547234 0.397959 0.009916 0.050093
0 0.667015 0.519944 0.013570 0.032468
2 0.680063 0.375696 0.036534 0.077922
0 0.614301 0.185529 0.005219 0.022263
0 0.618737 0.185529 0.005741 0.016698
0 0.618737 0.185065 0.007829 0.025046
0 0.616649 0.144712 0.007829 0.024119
0 0.609342 0.112709 0.007829 0.025046
2 0.731733 0.214286 0.057411 0.059369
0 0.801409 0.213358 0.006785 0.018553
0 0.798800 0.217996 0.006785 0.031540
0 0.802453 0.216605 0.009916 0.032468
0 0.630480 0.045918 0.005219 0.025046