2 0.510000 0.435238 0.028571 0.081905
2 0.513929 0.553810 0.032143 0.090476
2 0.287143 0.362857 0.032857 0.087619
2 0.259286 0.789048 0.058571 0.067619
2 0.518214 0.982381 0.029286 0.035238
0 0.293929 0.935238 0.010714 0.019048
0 0.365000 0.777143 0.011429 0.024762
0 0.290000 0.966667 0.012857 0.020952
0 0.301429 0.962381 0.007143 0.023810
0 0.309643 0.962857 0.010714 0.024762
0 0.321071 0.954762 0.016429 0.016190
0 0.560357 0.333810 0.007857 0.020000
0 0.542143 0.287143 0.008571 0.016190
0 0.553571 0.283810 0.005714 0.017143