2 0.401429 0.123333 0.017143 0.018095
2 0.399286 0.138571 0.014286 0.018095
2 0.269643 0.159524 0.035000 0.021905
2 0.060000 0.176190 0.035714 0.022857
2 0.083929 0.169048 0.033571 0.020000
2 0.103571 0.161429 0.028571 0.020000
2 0.089643 0.227143 0.046429 0.039048
2 0.743571 0.027619 0.011429 0.013333
2 0.716071 0.084762 0.010714 0.015238
2 0.845357 0.030476 0.012143 0.013333
0 0.896786 0.090476 0.002143 0.011429
2 0.060000 0.290476 0.042857 0.030476
2 0.174643 0.311429 0.043571 0.038095
2 0.227143 0.326667 0.050000 0.053333
2 0.067143 0.458571 0.041429 0.031429
0 0.323929 0.487619 0.010714 0.015238
2 0.372857 0.570000 0.090000 0.056190
0 0.258214 0.971905 0.022143 0.033333
0 0.161786 0.968571 0.029286 0.038095
0 0.958214 0.198095 0.005000 0.011429
0 0.978571 0.206190 0.007143 0.020000
0 0.995000 0.212857 0.005714 0.020000