0 0.420000 0.733333 0.023000 0.058667
0 0.393000 0.732333 0.021000 0.055333
0 0.649000 0.600333 0.022000 0.054000
0 0.592000 0.543000 0.026000 0.055333
0 0.346250 0.622000 0.028500 0.052000
0 0.316250 0.607000 0.024500 0.056667
0 0.395750 0.469667 0.017500 0.048667
0 0.415750 0.564333 0.017500 0.050000
2 0.084250 0.353667 0.100500 0.055333
2 0.193750 0.256000 0.084500 0.049333
0 0.395250 0.236667 0.010500 0.034667
2 0.845750 0.245667 0.083500 0.048667
2 0.422500 0.154000 0.027000 0.046667
2 0.380500 0.148000 0.028000 0.041333
0 0.468250 0.103667 0.010500 0.028667
0 0.444750 0.080667 0.005500 0.022667
0 0.401000 0.127667 0.007000 0.030000
0 0.397250 0.131000 0.007500 0.022000
2 0.442250 0.040000 0.018500 0.024000
0 0.429750 0.039667 0.006500 0.024667
2 0.428750 0.008667 0.016500 0.017333