2 0.931786 0.740476 0.136429 0.100000
2 0.958929 0.678571 0.082143 0.048571
2 0.961429 0.654286 0.077143 0.040000
2 0.813214 0.543810 0.020714 0.013333
2 0.737857 0.548571 0.024286 0.017143
2 0.701071 0.533333 0.019286 0.013333
2 0.225000 0.580952 0.042857 0.024762
2 0.291429 0.567143 0.054286 0.023810
2 0.347143 0.567619 0.055714 0.024762
2 0.524286 0.550476 0.025714 0.017143
2 0.593214 0.542381 0.025000 0.018095
2 0.628214 0.543333 0.023571 0.016190
2 0.629643 0.537619 0.025000 0.012381
2 0.566786 0.528571 0.019286 0.011429
2 0.444643 0.521905 0.015000 0.007619
2 0.666429 0.534762 0.017143 0.012381
2 0.678214 0.539048 0.022143 0.011429
2 0.739643 0.532857 0.017857 0.012381
2 0.732143 0.531429 0.014286 0.011429
2 0.723214 0.529524 0.016429 0.009524
0 0.865714 0.547619 0.005714 0.019048
2 0.874643 0.534286 0.013571 0.011429
2 0.853571 0.522381 0.008571 0.008571
2 0.927857 0.525238 0.010000 0.010476