0 0.339643 0.113333 0.015000 0.043810
0 0.160000 0.044286 0.018571 0.037143
0 0.128214 0.095238 0.023571 0.038095
0 0.110714 0.082857 0.020000 0.034286
0 0.010357 0.539524 0.019286 0.031429
0 0.123571 0.283810 0.028571 0.040000
0 0.098214 0.287619 0.023571 0.041905
0 0.110000 0.282381 0.027143 0.039048
0 0.090000 0.281905 0.022857 0.036190
0 0.124643 0.257143 0.023571 0.036190
0 0.127143 0.277143 0.021429 0.041905
0 0.107857 0.256667 0.021429 0.035238
0 0.099643 0.270000 0.019286 0.031429
0 0.093929 0.257619 0.017857 0.029524
0 0.158929 0.320952 0.030714 0.038095
0 0.469643 0.715238 0.017857 0.024762
0 0.449643 0.684762 0.023571 0.020952
0 0.432500 0.596190 0.016429 0.036190
0 0.421071 0.579524 0.015000 0.033333
0 0.451786 0.540952 0.017857 0.034286
0 0.463929 0.390000 0.015000 0.029524
2 0.239643 0.028571 0.050714 0.057143
2 0.803929 0.865714 0.149286 0.093333
0 0.936429 0.701429 0.035714 0.025714