2 0.306429 0.045685 0.007143 0.015228
2 0.330357 0.043147 0.009286 0.020305
2 0.309286 0.008883 0.007143 0.015228
2 0.383214 0.008249 0.009286 0.016497
2 0.317857 0.245558 0.010000 0.021574
2 0.376786 0.170051 0.009286 0.022843
2 0.324286 0.281726 0.010000 0.022843
0 0.233929 0.381345 0.005000 0.013959
0 0.215714 0.481599 0.004286 0.011421
0 0.213929 0.486041 0.005000 0.012690
0 0.317500 0.776015 0.006429 0.013959
2 0.386429 0.507614 0.015714 0.032995
2 0.370357 0.473985 0.013571 0.041878
0 0.422500 0.333122 0.003571 0.008883
0 0.485000 0.361041 0.001429 0.011421
0 0.510000 0.442893 0.004286 0.012690
0 0.513571 0.440990 0.004286 0.013959
2 0.502500 0.577411 0.019286 0.038071
2 0.485714 0.543147 0.015714 0.035533
2 0.466071 0.501269 0.017857 0.032995
2 0.543929 0.651650 0.020714 0.039340
2 0.549286 0.625635 0.021429 0.043147
2 0.566429 0.695431 0.022857 0.040609
2 0.682500 0.888959 0.029286 0.046954