2 0.537500 0.222381 0.010714 0.008571
2 0.528929 0.173333 0.003571 0.005714
2 0.502143 0.206190 0.004286 0.008571
2 0.501786 0.222857 0.006429 0.009524
2 0.497857 0.231905 0.005714 0.008571
2 0.491071 0.249524 0.007857 0.009524
2 0.479643 0.260476 0.010714 0.012381
2 0.486429 0.239524 0.010000 0.012381
2 0.497857 0.214762 0.005714 0.006667
2 0.521071 0.218571 0.007857 0.008571
2 0.449643 0.300952 0.012143 0.017143
2 0.425714 0.415714 0.018571 0.031429
2 0.410357 0.400952 0.017857 0.024762
2 0.368571 0.364286 0.011429 0.020000
2 0.387500 0.325238 0.009286 0.018095
2 0.360357 0.246667 0.013571 0.009524
2 0.433571 0.213810 0.011429 0.006667
2 0.412857 0.206667 0.011429 0.007619
2 0.440000 0.208095 0.010000 0.006667
2 0.318214 0.728571 0.045000 0.081905
0 0.804286 0.643810 0.011429 0.019048
0 0.645714 0.360952 0.007143 0.011429
2 0.639643 0.237619 0.006429 0.008571
0 0.415000 0.313333 0.002857 0.011429
0 0.376071 0.301429 0.003571 0.008571
0 0.156429 0.971905 0.012857 0.029524
0 0.147143 0.983333 0.014286 0.027619
0 0.208571 0.885714 0.012857 0.020952
0 0.211429 0.877143 0.014286 0.024762
2 0.442143 0.184762 0.008571 0.005714
2 0.445000 0.182381 0.007143 0.006667