2 0.123500 0.840000 0.065000 0.040000
2 0.210500 0.846000 0.075000 0.049333
2 0.451000 0.752000 0.065000 0.050667
2 0.357500 0.756000 0.040000 0.036000
2 0.527250 0.633667 0.024500 0.064667
2 0.495250 0.636333 0.024500 0.075333
2 0.494750 0.635667 0.024500 0.075333
2 0.314750 0.816333 0.050500 0.075333
2 0.350250 0.830667 0.055500 0.088000
2 0.393500 0.837000 0.063000 0.086000
2 0.264500 0.649333 0.026000 0.070667
2 0.294750 0.655000 0.036500 0.072667
0 0.296750 0.692333 0.015500 0.022000
2 0.463500 0.627000 0.023000 0.064667
2 0.534250 0.481000 0.022500 0.051333
2 0.498250 0.563667 0.022500 0.058000
2 0.469500 0.558000 0.024000 0.053333
0 0.594500 0.633000 0.012000 0.018000
0 0.201750 0.923667 0.020500 0.018000
0 0.245500 0.943667 0.016000 0.018000
2 0.561500 0.253667 0.019000 0.043333
2 0.576250 0.151667 0.035500 0.038000
2 0.578250 0.102667 0.034500 0.036000
2 0.773250 0.292000 0.025500 0.044000
2 0.576750 0.080000 0.025500 0.029333
2 0.533250 0.088667 0.017500 0.038667
2 0.569500 0.044333 0.018000 0.035333
2 0.600750 0.033333 0.015500 0.028000
0 0.590000 0.032000 0.008000 0.012000
2 0.786250 0.476667 0.037500 0.056000
0 0.726750 0.072333 0.007500 0.018000
0 0.730500 0.070333 0.008000 0.018000
0 0.755750 0.098667 0.009500 0.020000
0 0.773750 0.179667 0.006500 0.015333
2 0.817500 0.183333 0.044000 0.030667
2 0.813000 0.165667 0.041000 0.026000
2 0.844750 0.147333 0.020500 0.038667
2 0.863000 0.172333 0.025000 0.030000
2 0.912750 0.304000 0.031500 0.048000
2 0.934500 0.353000 0.034000 0.050000
2 0.979250 0.472000 0.041500 0.061333
2 0.936250 0.242333 0.046500 0.028667
2 0.927250 0.225667 0.043500 0.027333
2 0.906250 0.175667 0.042500 0.023333
2 0.897500 0.159667 0.045000 0.026000
0 0.954000 0.358667 0.011000 0.022667
0 0.960750 0.363333 0.011500 0.022667
2 0.967500 0.288000 0.045000 0.044000
2 0.989250 0.364667 0.021500 0.044000
2 0.984000 0.320333 0.032000 0.036667
2 0.802500 0.047667 0.045000 0.032667
2 0.926250 0.065000 0.037500 0.024667
2 0.917750 0.036667 0.033500 0.022667
2 0.874500 0.016000 0.037000 0.022667
2 0.951750 0.149667 0.031500 0.038000
2 0.940500 0.122000 0.022000 0.028000
2 0.970250 0.120333 0.023500 0.039333
2 0.981750 0.147667 0.036500 0.023333
2 0.992000 0.120667 0.016000 0.033333
2 0.988250 0.188000 0.023500 0.025333
2 0.966750 0.227667 0.028500 0.036667
2 0.986500 0.224667 0.027000 0.033333
2 0.957500 0.641000 0.069000 0.036667
2 0.968000 0.680333 0.064000 0.038000
2 0.977000 0.719333 0.046000 0.041333
0 0.146750 0.940667 0.019500 0.028000