0 0.468929 0.955714 0.020714 0.031429
0 0.565714 0.723810 0.012857 0.030476
0 0.781429 0.920476 0.015714 0.018095
2 0.165000 0.983810 0.092857 0.032381
0 0.106786 0.902381 0.015000 0.020000
0 0.131786 0.937619 0.022143 0.018095
0 0.145714 0.886190 0.020000 0.025714
2 0.262500 0.832857 0.066429 0.109524
2 0.474286 0.613333 0.084286 0.070476
2 0.732857 0.680476 0.037143 0.090476
2 0.646071 0.532381 0.030714 0.085714
0 0.591429 0.432381 0.008571 0.019048
0 0.574286 0.468571 0.008571 0.020952
2 0.650714 0.370952 0.030000 0.069524
2 0.699643 0.260952 0.027857 0.057143
0 0.644286 0.276667 0.008571 0.018095
2 0.540000 0.331429 0.030000 0.064762
2 0.545000 0.254762 0.028571 0.069524
2 0.606429 0.166190 0.024286 0.060000
2 0.639643 0.172857 0.023571 0.056190
2 0.693571 0.188571 0.027143 0.055238
2 0.691071 0.131905 0.030714 0.058095
0 0.575000 0.160000 0.007143 0.017143
2 0.550000 0.115714 0.024286 0.050476