0 0.354643 0.881429 0.015000 0.061905
0 0.341786 0.880000 0.013571 0.057143
2 0.027857 0.839048 0.055714 0.066667
2 0.055714 0.715238 0.072857 0.040000
2 0.188929 0.667143 0.047857 0.035238
2 0.120357 0.691905 0.060714 0.033333
2 0.095000 0.550952 0.030000 0.012381
2 0.268929 0.565714 0.019286 0.011429
2 0.331786 0.568571 0.020714 0.011429
2 0.354286 0.570476 0.020000 0.009524
2 0.385357 0.564286 0.010714 0.006667
2 0.395714 0.564762 0.010000 0.007619
2 0.285714 0.630952 0.032857 0.025714
2 0.319286 0.618571 0.030000 0.021905
2 0.347500 0.610000 0.023571 0.020000
0 0.347500 0.588571 0.003571 0.015238
0 0.352500 0.587619 0.003571 0.013333
0 0.357857 0.591429 0.002857 0.013333
0 0.360357 0.589048 0.003571 0.016190
0 0.372500 0.584286 0.003571 0.014286
0 0.442143 0.598095 0.004286 0.015238
0 0.424643 0.606190 0.006429 0.020000
2 0.371429 0.600476 0.021429 0.018095
2 0.390357 0.593810 0.017857 0.016190
2 0.418571 0.585714 0.015714 0.013333
2 0.446071 0.582857 0.015000 0.007619
2 0.458929 0.570952 0.012143 0.010476
2 0.468214 0.565714 0.012143 0.009524
2 0.474643 0.562381 0.010714 0.008571
2 0.479643 0.559524 0.010714 0.006667
2 0.504286 0.564762 0.010000 0.009524
2 0.492857 0.563810 0.010000 0.009524
2 0.490714 0.558095 0.010000 0.007619
2 0.467857 0.553810 0.011429 0.008571
2 0.508214 0.549048 0.013571 0.008571
2 0.556071 0.532857 0.005000 0.004762
2 0.577857 0.578571 0.022857 0.014286
2 0.612857 0.580476 0.022857 0.012381
2 0.633214 0.576667 0.007857 0.010476