0 0.102143 0.053299 0.004286 0.020305
0 0.158214 0.010787 0.005000 0.016497
0 0.165714 0.011421 0.004286 0.015228
2 0.190357 0.154188 0.030714 0.029188
2 0.185357 0.182107 0.017857 0.029188
2 0.127857 0.215736 0.031429 0.022843
2 0.175714 0.281091 0.025714 0.044416
2 0.009643 0.543147 0.019286 0.053299
2 0.008214 0.605964 0.016429 0.069797
2 0.038571 0.527919 0.027143 0.060914
2 0.067143 0.529822 0.025714 0.059645
0 0.189643 0.590102 0.009286 0.032995
0 0.196071 0.593274 0.010714 0.031726
0 0.903214 0.920051 0.012143 0.032995
0 0.733571 0.664975 0.010000 0.030457
0 0.733214 0.653553 0.007857 0.030457
0 0.281071 0.695431 0.007857 0.025381
0 0.292143 0.722081 0.007143 0.022843
0 0.297143 0.718909 0.008571 0.021574
0 0.301071 0.686548 0.005000 0.022843
0 0.308214 0.597081 0.007857 0.026650
0 0.306786 0.587563 0.005000 0.022843
0 0.318571 0.485406 0.005714 0.029188
0 0.328571 0.437817 0.007143 0.025381
0 0.319643 0.428934 0.006429 0.020305
0 0.320000 0.204315 0.004286 0.017766
0 0.278571 0.055838 0.002857 0.017766
0 0.280357 0.109137 0.005000 0.017766
0 0.273929 0.076777 0.003571 0.013959
0 0.292500 0.096447 0.005000 0.020305
0 0.286429 0.114848 0.004286 0.016497
2 0.497143 0.180203 0.020000 0.032995
0 0.529286 0.175761 0.004286 0.021574
0 0.532500 0.177030 0.003571 0.016497