2 0.406786 0.026667 0.013571 0.038095
2 0.406786 0.073810 0.013571 0.039048
2 0.368929 0.253810 0.025000 0.031429
2 0.369286 0.324286 0.020000 0.037143
2 0.332500 0.395238 0.025000 0.019048
2 0.330714 0.478095 0.011429 0.032381
2 0.379643 0.411429 0.013571 0.030476
2 0.379643 0.498095 0.023571 0.034286
2 0.363929 0.639524 0.012143 0.037143
2 0.137500 0.579524 0.030714 0.016190
2 0.352500 0.893810 0.012143 0.037143
2 0.351071 0.942381 0.012143 0.044762
2 0.575714 0.896190 0.025714 0.028571
2 0.615714 0.231429 0.028571 0.020952
2 0.623571 0.571429 0.030000 0.020952
0 0.379643 0.765714 0.005000 0.009524
0 0.388214 0.770476 0.003571 0.005714
0 0.385714 0.766667 0.002857 0.003810
0 0.603214 0.027143 0.005000 0.010476
0 0.609286 0.030476 0.004286 0.009524
0 0.515357 0.648095 0.005000 0.006667