2 0.118571 0.859772 0.050000 0.125635
2 0.511786 0.822970 0.052143 0.153553
2 0.707500 0.375635 0.042143 0.088832
2 0.515000 0.208122 0.030000 0.060914
2 0.088929 0.564721 0.052143 0.043147
2 0.358929 0.172589 0.033571 0.032995
2 0.273214 0.171954 0.017857 0.036802
0 0.050000 0.598985 0.014286 0.030457
0 0.180000 0.713832 0.012857 0.036802
0 0.332857 0.678299 0.010000 0.041878
0 0.332857 0.786802 0.012857 0.030457
0 0.224286 0.676396 0.010000 0.035533
0 0.221429 0.689721 0.012857 0.031726
0 0.317143 0.869289 0.008571 0.020305
0 0.316429 0.883249 0.014286 0.030457
0 0.318571 0.901015 0.017143 0.025381
0 0.065357 0.490482 0.010714 0.029188
0 0.067143 0.611675 0.011429 0.032995