2 0.528929 0.862310 0.017857 0.067259
2 0.557143 0.578680 0.014286 0.038071
2 0.509286 0.395305 0.008571 0.024112
2 0.458571 0.363579 0.010000 0.021574
2 0.457857 0.308376 0.008571 0.017766
2 0.520714 0.318528 0.010000 0.022843
2 0.486071 0.336294 0.009286 0.020305
2 0.471429 0.384518 0.010000 0.022843
2 0.466071 0.220178 0.007857 0.013959
2 0.470357 0.172589 0.006429 0.015228
2 0.464286 0.135152 0.004286 0.013959
2 0.485714 0.106599 0.005714 0.010152
2 0.516429 0.064721 0.005714 0.012690
2 0.485000 0.062183 0.005714 0.010152
2 0.485000 0.045051 0.004286 0.008883
2 0.497857 0.026015 0.005714 0.008883
2 0.465357 0.053934 0.005000 0.008883
2 0.486429 0.010152 0.004286 0.010152
2 0.478929 0.004442 0.005000 0.008883
2 0.496071 0.007614 0.003571 0.010152
2 0.515357 0.012056 0.005000 0.011421
2 0.588571 0.964467 0.022857 0.068528
0 0.210714 0.261421 0.005714 0.017766
0 0.285714 0.265863 0.002857 0.008883
0 0.287857 0.262056 0.002857 0.011421
0 0.322857 0.253173 0.002857 0.008883
0 0.256071 0.253807 0.003571 0.010152
0 0.245000 0.256980 0.002857 0.011421
0 0.236429 0.256345 0.004286 0.010152
0 0.216786 0.255711 0.003571 0.011421
0 0.204286 0.255711 0.004286 0.011421
0 0.181071 0.256980 0.003571 0.008883
0 0.171786 0.261421 0.003571 0.012690
0 0.170357 0.264594 0.003571 0.011421
0 0.131071 0.302030 0.003571 0.012690
0 0.112143 0.312817 0.004286 0.011421
0 0.091786 0.305838 0.003571 0.015228
0 0.086429 0.305838 0.004286 0.010152
2 0.299643 0.396574 0.025000 0.016497