2 0.301670 0.969852 0.093946 0.058442
2 0.283403 0.871985 0.084551 0.109462
0 0.300887 0.814007 0.016180 0.025046
0 0.243998 0.814935 0.016180 0.034323
2 0.286534 0.779685 0.074113 0.069573
2 0.292276 0.499536 0.059499 0.052876
2 0.303497 0.324212 0.049582 0.043599
2 0.308455 0.291744 0.049061 0.036178
0 0.269833 0.208720 0.010438 0.012987
0 0.328549 0.069109 0.004697 0.015770
0 0.318894 0.066790 0.003132 0.012987
0 0.342641 0.070501 0.005741 0.025974
0 0.350470 0.072820 0.005741 0.013915
0 0.375000 0.080705 0.005741 0.016698
0 0.416493 0.117811 0.006263 0.014842
2 0.435021 0.048237 0.030793 0.025974
2 0.444415 0.093228 0.031837 0.034323
0 0.403967 0.294527 0.008351 0.019481
0 0.403706 0.292672 0.007829 0.023191
2 0.481472 0.381725 0.048539 0.054731
2 0.484081 0.423933 0.048539 0.059369
2 0.502610 0.478200 0.054280 0.064007
2 0.512526 0.519944 0.055324 0.069573
2 0.523747 0.581169 0.048539 0.060297
0 0.391962 0.558905 0.010438 0.030612
0 0.494520 0.731911 0.012004 0.031540
0 0.499217 0.751391 0.010960 0.035250