0 0.983038 0.456865 0.010960 0.021336
0 0.852557 0.344620 0.009916 0.023191
0 0.822808 0.335807 0.007829 0.018553
0 0.841075 0.205009 0.004697 0.016698
0 0.805846 0.126160 0.006263 0.014842
2 0.852818 0.039425 0.024008 0.019481
2 0.867432 0.022263 0.015658 0.020408
2 0.877610 0.008349 0.015136 0.016698
2 0.789666 0.063080 0.017745 0.029685
2 0.809760 0.035250 0.016180 0.025974
2 0.753392 0.314471 0.030793 0.042672
2 0.697547 0.218924 0.023486 0.035250
2 0.662578 0.272263 0.025574 0.043599
0 0.626044 0.278757 0.005741 0.019481
0 0.472338 0.231911 0.004175 0.016698
2 0.608820 0.432282 0.030793 0.051948
2 0.585073 0.575139 0.034447 0.059369
2 0.378653 0.515306 0.034969 0.058442
2 0.210595 0.734694 0.051670 0.074212