2 0.540000 0.980000 0.060000 0.040000
2 0.512857 0.958095 0.041429 0.059048
2 0.476786 0.807143 0.065000 0.090476
2 0.681786 0.674762 0.077857 0.069524
2 0.657143 0.611429 0.080000 0.053333
2 0.638571 0.555238 0.071429 0.045714
0 0.464643 0.459524 0.012143 0.018095
2 0.399286 0.558571 0.074286 0.080952
2 0.378929 0.506667 0.073571 0.076190
2 0.357857 0.458571 0.070000 0.071429
0 0.453214 0.031429 0.012143 0.030476
2 0.502857 0.020952 0.048571 0.041905
2 0.522857 0.115714 0.071429 0.052381
0 0.583214 0.217143 0.009286 0.020952
0 0.562857 0.218571 0.011429 0.018095
2 0.554286 0.268571 0.068571 0.051429