2 0.221071 0.732381 0.086429 0.125714
2 0.558929 0.617143 0.077857 0.106667
2 0.610714 0.661429 0.077143 0.107619
2 0.677500 0.820000 0.086429 0.131429
2 0.745357 0.868571 0.083571 0.133333
2 0.771786 0.664762 0.083571 0.123810
2 0.824286 0.700000 0.081429 0.125714
2 0.693929 0.543810 0.073571 0.104762
2 0.647857 0.494762 0.075714 0.111429
2 0.741786 0.357619 0.062143 0.088571
2 0.764643 0.437619 0.072143 0.109524
2 0.851429 0.294762 0.062857 0.086667
2 0.813571 0.252857 0.061429 0.086667
2 0.922143 0.191905 0.057143 0.079048
2 0.974286 0.306667 0.051429 0.100952
2 0.715714 0.639048 0.082857 0.125714
2 0.368214 0.378571 0.073571 0.105714
2 0.196071 0.369048 0.076429 0.079048
2 0.171786 0.338095 0.076429 0.072381
2 0.147143 0.308095 0.078571 0.069524
2 0.126071 0.282857 0.067857 0.068571
2 0.102143 0.253333 0.072857 0.070476
2 0.088571 0.224762 0.071429 0.064762
2 0.069286 0.197619 0.065714 0.071429
2 0.516429 0.117619 0.060000 0.065714
2 0.571429 0.063810 0.050000 0.060952
2 0.592500 0.036667 0.053571 0.060000
2 0.638214 0.079048 0.055000 0.072381
2 0.545357 0.080476 0.059286 0.063810
2 0.426429 0.233810 0.060000 0.071429
2 0.305000 0.273810 0.061429 0.071429
2 0.172143 0.129048 0.051429 0.060000
2 0.127500 0.078095 0.049286 0.059048
2 0.088571 0.035714 0.044286 0.048571
2 0.223929 0.404762 0.083571 0.089524
2 0.407857 0.152857 0.062857 0.084762
0 0.399643 0.393333 0.012143 0.036190
0 0.512143 0.242857 0.007143 0.028571
0 0.775714 0.050000 0.011429 0.029524
0 0.722857 0.138095 0.011429 0.038095
0 0.405357 0.563810 0.015000 0.020952
0 0.075000 0.663333 0.025714 0.018095
0 0.298214 0.513333 0.013571 0.020952
0 0.459643 0.397143 0.012143 0.015238
0 0.454643 0.404286 0.013571 0.018095
0 0.048929 0.769048 0.027857 0.020000
0 0.040000 0.838571 0.031429 0.021905
0 0.104286 0.830476 0.028571 0.022857
0 0.060357 0.753333 0.030714 0.026667
0 0.291429 0.988095 0.015714 0.018095
0 0.488571 0.916667 0.017143 0.023810
0 0.416429 0.800000 0.014286 0.024762
0 0.491786 0.742857 0.009286 0.011429
0 0.447500 0.850952 0.012143 0.012381
0 0.461786 0.842857 0.016429 0.015238
0 0.499643 0.735238 0.013571 0.017143