2 0.529286 0.918147 0.032857 0.097716
2 0.555357 0.513959 0.019286 0.058376
2 0.562500 0.451142 0.019286 0.046954
2 0.573929 0.401015 0.017857 0.043147
2 0.576786 0.345178 0.019286 0.048223
2 0.590000 0.305838 0.014286 0.043147
2 0.600357 0.266497 0.016429 0.040609
2 0.581786 0.786168 0.023571 0.079949
0 0.164286 0.729061 0.010000 0.029188
0 0.128214 0.743020 0.009286 0.021574
0 0.135714 0.928934 0.008571 0.027919
0 0.333929 0.621827 0.007857 0.022843
0 0.326429 0.632614 0.008571 0.024112
2 0.781786 0.890863 0.025000 0.101523
2 0.497143 0.140863 0.008571 0.022843