2 0.447500 0.544667 0.084000 0.056000
2 0.425250 0.502333 0.078500 0.051333
2 0.409000 0.430333 0.063000 0.042000
2 0.405500 0.411667 0.052000 0.026000
2 0.448750 0.370333 0.023500 0.030000
2 0.500000 0.365000 0.028000 0.030000
2 0.526500 0.365000 0.034000 0.028667
2 0.550750 0.361000 0.028500 0.026000
2 0.489750 0.327000 0.022500 0.028667
2 0.624250 0.289333 0.025500 0.021333
2 0.371750 0.323333 0.043500 0.024000
2 0.292750 0.340333 0.022500 0.028667
2 0.285500 0.316667 0.030000 0.020000
2 0.367500 0.312000 0.038000 0.020000
2 0.365750 0.300667 0.039500 0.018667
2 0.361250 0.281667 0.034500 0.020667
2 0.360500 0.270333 0.033000 0.015333
2 0.357500 0.261000 0.033000 0.015333
2 0.355000 0.249000 0.027000 0.014000
2 0.388250 0.241333 0.030500 0.014667
2 0.292750 0.237000 0.028500 0.014000
2 0.298750 0.230333 0.022500 0.012667
2 0.357000 0.233333 0.027000 0.014667
2 0.368000 0.222333 0.022000 0.010000
2 0.314500 0.218667 0.023000 0.012000
2 0.321250 0.211333 0.011500 0.012000
0 0.339250 0.208667 0.004500 0.010667
0 0.342000 0.207000 0.003000 0.011333
0 0.333000 0.205333 0.004000 0.012000
0 0.344250 0.208667 0.002500 0.006667