2 0.085000 0.812857 0.071429 0.113333
2 0.222143 0.935714 0.087143 0.073333
2 0.193929 0.795238 0.070714 0.100952
2 0.232857 0.758571 0.067143 0.105714
2 0.272500 0.711429 0.062143 0.110476
2 0.322857 0.870476 0.077143 0.102857
2 0.550357 0.935714 0.033571 0.119048
2 0.567500 0.635238 0.040714 0.102857
2 0.547143 0.499524 0.047143 0.100000
2 0.583929 0.406190 0.037857 0.107619
2 0.305000 0.661905 0.064286 0.095238
2 0.425000 0.525238 0.037143 0.103810
2 0.592143 0.280000 0.032857 0.102857
2 0.608571 0.146667 0.038571 0.095238
2 0.454286 0.259524 0.040000 0.111429
2 0.378214 0.259524 0.039286 0.092381
2 0.366429 0.456667 0.077143 0.050476
0 0.361429 0.137143 0.010000 0.019048
0 0.327143 0.218571 0.011429 0.021905
0 0.318571 0.215238 0.010000 0.026667
0 0.251786 0.240476 0.016429 0.023810
2 0.153214 0.551429 0.057857 0.099048
2 0.103571 0.602381 0.054286 0.109524
2 0.062500 0.653333 0.056429 0.120000