0 0.293214 0.519048 0.025000 0.059048
0 0.327143 0.667619 0.025714 0.049524
2 0.122143 0.825714 0.134286 0.245714
0 0.399643 0.677619 0.025000 0.058095
0 0.433929 0.354762 0.017857 0.054286
2 0.883214 0.018095 0.079286 0.036190
2 0.797857 0.018095 0.044286 0.036190
2 0.752857 0.019048 0.048571 0.038095
2 0.705357 0.019048 0.039286 0.038095
2 0.664643 0.018095 0.040714 0.036190
2 0.625714 0.021905 0.040000 0.041905
0 0.417500 0.147143 0.015000 0.042857
0 0.587857 0.009524 0.008571 0.019048
0 0.568571 0.015238 0.011429 0.030476
0 0.536071 0.014286 0.007857 0.028571
0 0.480714 0.017619 0.011429 0.035238
0 0.545000 0.010000 0.005714 0.020000
0 0.551071 0.007619 0.006429 0.015238
0 0.421429 0.021905 0.017143 0.043810