2 0.428214 0.378173 0.016429 0.027919
2 0.435000 0.465102 0.015714 0.026650
2 0.439643 0.370558 0.015000 0.030457
2 0.385357 0.948604 0.012143 0.031726
2 0.406786 0.872462 0.015000 0.031726
2 0.399643 0.767766 0.016429 0.040609
2 0.426786 0.743655 0.015000 0.043147
2 0.563214 0.084391 0.017857 0.031726
2 0.516786 0.071701 0.015000 0.039340
2 0.589643 0.729061 0.017857 0.034264
2 0.588214 0.621827 0.016429 0.032995
2 0.547500 0.506980 0.009286 0.039340
2 0.729286 0.784898 0.012857 0.036802
2 0.762143 0.622462 0.011429 0.031726
2 0.741071 0.614213 0.013571 0.032995
2 0.797857 0.454315 0.011429 0.032995
2 0.823214 0.026015 0.009286 0.024112
2 0.847500 0.007614 0.009286 0.015228
2 0.861429 0.044416 0.008571 0.022843
2 0.847857 0.079949 0.008571 0.027919
2 0.852500 0.208122 0.006429 0.025381
0 0.967857 0.327411 0.004286 0.007614
0 0.970714 0.307741 0.004286 0.008883
0 0.980000 0.361675 0.005714 0.007614
0 0.945357 0.394670 0.006429 0.010152
0 0.978929 0.289340 0.003571 0.007614
0 0.969286 0.289975 0.007143 0.011421
0 0.937143 0.395305 0.004286 0.011421