2 0.043571 0.139594 0.017143 0.025381
2 0.013214 0.232868 0.020714 0.026650
2 0.119286 0.293782 0.017143 0.026650
2 0.491071 0.013325 0.013571 0.013959
2 0.487500 0.022208 0.016429 0.013959
2 0.481071 0.042513 0.015000 0.013959
2 0.315714 0.276650 0.014286 0.027919
2 0.343571 0.255076 0.015714 0.030457
2 0.303929 0.411168 0.016429 0.025381
2 0.315000 0.850254 0.021429 0.043147
2 0.391786 0.878173 0.022143 0.045685
2 0.386071 0.965102 0.022143 0.049492
2 0.421071 0.951142 0.020714 0.049492
2 0.756071 0.885152 0.020714 0.044416
2 0.841429 0.789975 0.021429 0.026650
2 0.705357 0.733503 0.016429 0.043147
2 0.657500 0.173223 0.007857 0.026650
2 0.656071 0.201777 0.007857 0.027919
2 0.658214 0.301396 0.009286 0.031726
2 0.658214 0.345812 0.009286 0.031726
0 0.679286 0.193528 0.002857 0.008883
0 0.763571 0.428934 0.004286 0.007614
0 0.863929 0.576777 0.005000 0.008883
0 0.870714 0.592005 0.004286 0.011421
0 0.881786 0.586294 0.005000 0.010152
0 0.870357 0.619924 0.005000 0.011421
0 0.873214 0.621827 0.006429 0.015228
0 0.923929 0.454315 0.005000 0.010152
0 0.937857 0.442893 0.004286 0.010152
0 0.935000 0.415609 0.004286 0.008883
0 0.918929 0.428934 0.003571 0.007614
2 0.041429 0.667513 0.022857 0.030457
2 0.433571 0.440355 0.014286 0.030457
2 0.404643 0.557741 0.015000 0.036802
2 0.395714 0.353426 0.017143 0.026650
2 0.454286 0.277919 0.012857 0.022843
2 0.469643 0.191624 0.012143 0.025381
2 0.553571 0.048858 0.010000 0.019036
2 0.525714 0.008249 0.010000 0.016497
2 0.513214 0.085660 0.007857 0.021574