2 0.439643 0.472857 0.013571 0.021905
2 0.571071 0.732381 0.022143 0.057143
0 0.606071 0.710952 0.010714 0.023810
2 0.566429 0.683810 0.040000 0.041905
0 0.582857 0.683810 0.010000 0.019048
0 0.605714 0.657619 0.008571 0.021905
0 0.587143 0.586190 0.005714 0.018095
0 0.561429 0.570000 0.007143 0.018095
0 0.471786 0.453333 0.006429 0.015238
2 0.572857 0.340952 0.018571 0.013333
2 0.566786 0.282857 0.016429 0.009524
2 0.566429 0.276190 0.015714 0.007619
2 0.543214 0.266190 0.013571 0.008571
2 0.546071 0.243333 0.007857 0.008571
0 0.556786 0.292857 0.003571 0.008571
0 0.492143 0.288571 0.002857 0.007619
0 0.512143 0.252857 0.002857 0.008571
0 0.520357 0.250952 0.003571 0.008571
2 0.013929 0.347619 0.020714 0.017143
2 0.229286 0.327143 0.015714 0.012381
2 0.316786 0.308095 0.022143 0.010476
2 0.354643 0.311429 0.017857 0.011429
2 0.310357 0.281429 0.015000 0.010476
2 0.322143 0.304286 0.017143 0.010476
2 0.326071 0.300000 0.017857 0.009524
2 0.330714 0.294762 0.015714 0.010476
2 0.336429 0.292857 0.017143 0.010476
2 0.359643 0.307143 0.019286 0.010476
2 0.364286 0.301429 0.018571 0.010476
2 0.370357 0.296667 0.019286 0.010476
2 0.418571 0.281905 0.017143 0.011429
2 0.033571 0.563810 0.032857 0.040000
2 0.107143 0.936667 0.081429 0.044762
2 0.156071 0.978571 0.075000 0.042857
2 0.083214 0.980952 0.070714 0.038095
2 0.330000 0.572381 0.041429 0.020952
2 0.298929 0.594286 0.046429 0.022857
2 0.287500 0.611429 0.043571 0.022857
2 0.252857 0.663333 0.041429 0.023810
2 0.244643 0.679048 0.030714 0.024762
2 0.208571 0.660000 0.044286 0.024762
2 0.200714 0.707619 0.032857 0.024762
2 0.172857 0.879524 0.047143 0.037143
2 0.138571 0.813333 0.058571 0.041905
2 0.040714 0.855238 0.055714 0.070476
2 0.036429 0.776667 0.050000 0.029524
2 0.075714 0.751905 0.061429 0.033333
2 0.210000 0.780476 0.045714 0.029524
2 0.161071 0.760952 0.063571 0.030476