2 0.726750 0.946000 0.145500 0.108000
2 0.580000 0.522000 0.092000 0.104000
2 0.119500 0.271000 0.040000 0.052667
2 0.026000 0.049667 0.020000 0.022000
2 0.009250 0.185000 0.018500 0.040667
2 0.013250 0.156000 0.026500 0.034667
2 0.717000 0.224000 0.060000 0.042667
2 0.891750 0.161000 0.047500 0.034000
2 0.618250 0.170000 0.048500 0.040000
2 0.645250 0.160667 0.042500 0.037333
2 0.671750 0.154333 0.045500 0.030000
2 0.723750 0.141333 0.062500 0.037333
2 0.778750 0.122667 0.050500 0.030667
2 0.870750 0.099000 0.038500 0.024667
2 0.889250 0.090000 0.042500 0.021333
2 0.923500 0.084000 0.040000 0.026667
2 0.937250 0.074667 0.036500 0.021333
2 0.954500 0.076333 0.030000 0.014000
0 0.634500 0.395333 0.016000 0.032000
0 0.556000 0.399667 0.016000 0.028667
0 0.556500 0.370667 0.015000 0.028000
0 0.499000 0.352667 0.014000 0.026667
0 0.569500 0.234000 0.012000 0.029333
0 0.430750 0.261333 0.012500 0.028000
0 0.428500 0.224333 0.011000 0.023333
0 0.008750 0.336000 0.016500 0.033333
0 0.011250 0.332667 0.017500 0.026667
0 0.305500 0.063333 0.005000 0.021333
0 0.296500 0.063000 0.003000 0.019333
0 0.300250 0.059667 0.004500 0.020667
0 0.303750 0.062000 0.004500 0.022667