2 0.305750 0.247333 0.013500 0.016000
2 0.334000 0.256667 0.013000 0.014667
2 0.407000 0.263000 0.028000 0.015333
0 0.292500 0.325000 0.007000 0.019333
2 0.415500 0.387667 0.022000 0.028667
2 0.474250 0.372000 0.040500 0.024000
2 0.502000 0.399000 0.036000 0.036667
0 0.078250 0.369000 0.008500 0.026000
0 0.461500 0.322667 0.005000 0.016000
2 0.283000 0.365333 0.046000 0.022667
2 0.288750 0.374000 0.041500 0.025333
2 0.324750 0.405667 0.052500 0.031333
2 0.362250 0.445000 0.058500 0.035333
2 0.539250 0.450000 0.026500 0.036000
2 0.595750 0.521667 0.057500 0.047333
2 0.534250 0.596667 0.069500 0.046667
2 0.496000 0.550333 0.061000 0.040667
2 0.505750 0.578000 0.055500 0.045333
0 0.761250 0.619000 0.012500 0.023333
2 0.844750 0.864333 0.093500 0.090000
2 0.935250 0.919667 0.082500 0.103333
2 0.511250 0.221667 0.017500 0.015333
2 0.517500 0.235667 0.020000 0.015333
2 0.552250 0.226000 0.020500 0.014667
2 0.272250 0.278667 0.029500 0.020000