2 0.017500 0.798095 0.035000 0.099048
2 0.056071 0.794286 0.042143 0.102857
2 0.095000 0.792857 0.038571 0.100000
2 0.126429 0.801905 0.028571 0.093333
2 0.197857 0.789048 0.035714 0.100000
2 0.230714 0.788571 0.034286 0.100952
2 0.347143 0.759048 0.038571 0.095238
2 0.077857 0.586667 0.071429 0.047619
2 0.423214 0.558571 0.070714 0.048571
2 0.503929 0.548571 0.072143 0.047619
2 0.642143 0.741905 0.040000 0.093333
2 0.720714 0.723810 0.035714 0.099048
2 0.759286 0.722857 0.034286 0.087619
2 0.795000 0.727143 0.034286 0.094286
2 0.835000 0.721905 0.041429 0.091429
2 0.874286 0.715714 0.038571 0.098095
2 0.910714 0.709048 0.034286 0.096190
2 0.945357 0.706190 0.042143 0.100000
2 0.713929 0.536667 0.066429 0.042857
2 0.806786 0.528095 0.072143 0.042857
2 0.876786 0.500476 0.042143 0.090476
2 0.742857 0.053333 0.057143 0.038095
2 0.883929 0.055238 0.056429 0.038095