0 0.505250 0.603000 0.018500 0.088667
0 0.595750 0.455333 0.012500 0.061333
0 0.414250 0.595333 0.028500 0.092000
0 0.400500 0.667667 0.027000 0.084667
0 0.363000 0.623667 0.026000 0.083333
0 0.282250 0.684333 0.035500 0.086000
0 0.241750 0.699667 0.032500 0.083333
0 0.253750 0.655000 0.030500 0.099333
0 0.259750 0.628000 0.024500 0.072000
0 0.257250 0.599667 0.048500 0.072667
0 0.305500 0.592000 0.029000 0.081333
0 0.335500 0.589333 0.024000 0.081333
0 0.297750 0.497000 0.026500 0.062000
0 0.324750 0.487333 0.023500 0.065333
0 0.318500 0.421333 0.019000 0.058667
0 0.319000 0.398667 0.010000 0.046667
0 0.348250 0.411000 0.021500 0.058000
0 0.367250 0.400333 0.010500 0.034000
0 0.379000 0.392000 0.016000 0.057333
0 0.420500 0.488000 0.023000 0.070667
0 0.369500 0.350667 0.013000 0.045333
0 0.348750 0.363000 0.011500 0.035333
0 0.350750 0.351667 0.011500 0.044667
0 0.343500 0.335333 0.015000 0.046667
0 0.631000 0.435667 0.013000 0.060667
0 0.652000 0.426667 0.011000 0.052000
0 0.671250 0.441000 0.018500 0.050000
0 0.636000 0.427333 0.009000 0.025333
0 0.629250 0.428333 0.014500 0.059333
0 0.640500 0.396667 0.010000 0.036000
0 0.628250 0.394333 0.015500 0.056667
0 0.546500 0.360333 0.014000 0.040667
0 0.538250 0.345333 0.012500 0.050667
0 0.523500 0.345000 0.011000 0.047333
0 0.530500 0.325667 0.008000 0.043333
0 0.573000 0.309667 0.010000 0.042000
0 0.469750 0.359667 0.015500 0.055333
0 0.484250 0.312667 0.008500 0.046667
0 0.511000 0.282000 0.011000 0.034667
0 0.461250 0.351000 0.008500 0.036667
0 0.471250 0.342333 0.012500 0.039333
0 0.467750 0.330667 0.013500 0.034667
0 0.512000 0.276333 0.008000 0.038000
0 0.396000 0.310000 0.011000 0.041333
0 0.540250 0.288000 0.010500 0.033333
0 0.559500 0.291333 0.013000 0.034667
0 0.355750 0.318000 0.009500 0.048000
0 0.363750 0.312667 0.013500 0.044000
0 0.359750 0.288000 0.011500 0.025333
0 0.355000 0.266667 0.012000 0.036000
0 0.375000 0.265333 0.006000 0.034667
0 0.416250 0.264333 0.009500 0.038000
0 0.311750 0.309667 0.009500 0.042000
0 0.324250 0.316000 0.011500 0.042667
0 0.329000 0.309333 0.014000 0.040000
0 0.275750 0.308667 0.014500 0.032000
0 0.521750 0.318000 0.016500 0.036000
0 0.531250 0.320000 0.010500 0.032000
0 0.082000 0.322667 0.017000 0.038667
0 0.100500 0.325000 0.012000 0.038000
0 0.109250 0.329667 0.011500 0.031333
0 0.095750 0.317000 0.014500 0.044667
0 0.100500 0.314333 0.019000 0.043333
0 0.116000 0.314667 0.023000 0.049333
0 0.120000 0.301333 0.017000 0.028000
0 0.129750 0.347667 0.011500 0.036667
0 0.042000 0.300333 0.013000 0.023333
0 0.049500 0.333333 0.014000 0.036000
0 0.045000 0.240000 0.012000 0.034667
0 0.036250 0.258000 0.007500 0.029333
0 0.103000 0.255667 0.010000 0.034000
0 0.111500 0.257000 0.010000 0.031333
2 0.478000 0.288333 0.036000 0.050000
0 0.447750 0.263667 0.007500 0.030000
0 0.437250 0.271000 0.006500 0.020667
0 0.450500 0.252000 0.010000 0.036000
0 0.527000 0.283333 0.014000 0.024000
0 0.353750 0.265667 0.011500 0.032667
0 0.398000 0.250667 0.012000 0.032000
0 0.365250 0.232000 0.008500 0.022667
0 0.370250 0.262333 0.007500 0.028667
0 0.433250 0.210667 0.008500 0.028000
0 0.449250 0.208667 0.004500 0.028000
0 0.454000 0.209667 0.006000 0.015333
0 0.461000 0.210000 0.007000 0.013333
0 0.485250 0.211333 0.007500 0.020000
0 0.455000 0.217667 0.008000 0.022000
0 0.463250 0.209667 0.006500 0.024667
0 0.469250 0.205667 0.007500 0.026000
0 0.473500 0.211333 0.007000 0.025333
0 0.492500 0.211667 0.005000 0.027333
0 0.391250 0.194667 0.009500 0.025333
0 0.398750 0.194667 0.006500 0.018667
0 0.417750 0.190333 0.006500 0.016667
0 0.423750 0.193000 0.005500 0.014000
0 0.424500 0.189000 0.005000 0.011333
0 0.425750 0.188000 0.006500 0.012000
2 0.313000 0.158000 0.016000 0.017333
2 0.317250 0.136000 0.010500 0.013333
2 0.326750 0.128000 0.012500 0.012000
0 0.639250 0.213333 0.006500 0.024000
2 0.709250 0.218000 0.046500 0.026667
0 0.731750 0.180667 0.007500 0.022667