0 0.153214 0.934762 0.047857 0.130476
2 0.489643 0.876190 0.249286 0.171429
2 0.661786 0.963810 0.317857 0.072381
2 0.866071 0.584762 0.057857 0.030476
2 0.915357 0.556667 0.030714 0.018095
2 0.731786 0.561429 0.039286 0.020000
2 0.681429 0.535714 0.025714 0.016190
2 0.614286 0.571905 0.040000 0.027619
2 0.654286 0.548571 0.025714 0.020952
2 0.605357 0.540000 0.020714 0.013333
2 0.576429 0.539524 0.020000 0.014286
2 0.532500 0.528571 0.013571 0.009524
2 0.447500 0.564286 0.026429 0.025714
2 0.501071 0.527143 0.015000 0.012381
2 0.439286 0.518571 0.010000 0.008571
2 0.408929 0.517619 0.007857 0.006667
2 0.382857 0.517143 0.007143 0.007619
2 0.987143 0.597143 0.025714 0.032381