2 0.790000 0.857619 0.057143 0.088571
2 0.763214 0.829048 0.059286 0.084762
2 0.773929 0.575714 0.070714 0.067619
0 0.624286 0.661905 0.012857 0.020952
0 0.780000 0.427143 0.012857 0.018095
0 0.751071 0.380476 0.010714 0.018095
2 0.685000 0.399524 0.060000 0.056190
0 0.561071 0.371905 0.007857 0.018095
0 0.532857 0.378571 0.012857 0.016190
0 0.436786 0.437619 0.009286 0.020000
2 0.519286 0.245238 0.045714 0.065714
2 0.428214 0.237143 0.037857 0.066667
2 0.457143 0.120476 0.038571 0.065714
0 0.423929 0.074286 0.009286 0.022857
2 0.422500 0.030476 0.036429 0.060952
2 0.426429 0.905714 0.075714 0.089524
0 0.403929 0.952857 0.012143 0.012381
0 0.375357 0.826667 0.017857 0.020952
0 0.047857 0.979524 0.025714 0.020000
2 0.282500 0.419524 0.042143 0.079048
2 0.103214 0.397143 0.037857 0.066667
2 0.022857 0.032381 0.028571 0.055238
0 0.026429 0.461905 0.027143 0.019048
0 0.203571 0.176667 0.035714 0.065714