2 0.642143 0.075238 0.002857 0.003810
2 0.644643 0.078571 0.003571 0.004762
0 0.620000 0.675714 0.002857 0.014286
2 0.420000 0.304762 0.018571 0.013333
2 0.396429 0.331905 0.017143 0.016190
2 0.331429 0.350952 0.025714 0.016190
2 0.389643 0.247143 0.017857 0.010476
2 0.379643 0.287143 0.015000 0.012381
2 0.442857 0.737619 0.024286 0.056190
0 0.413571 0.698095 0.007143 0.017143
0 0.353571 0.841429 0.008571 0.021905
0 0.400000 0.379524 0.002857 0.014286
2 0.243571 0.471429 0.021429 0.032381
2 0.212857 0.477619 0.021429 0.033333
0 0.020714 0.804762 0.012857 0.022857
2 0.527857 0.145238 0.007143 0.006667
2 0.985357 0.763810 0.029286 0.032381
0 0.833571 0.754762 0.007143 0.016190
0 0.573571 0.526667 0.002857 0.013333
0 0.586786 0.490476 0.003571 0.013333
0 0.555000 0.476667 0.002857 0.012381
2 0.826429 0.189048 0.014286 0.008571
2 0.442143 0.736667 0.024286 0.056190