0 0.313500 0.652333 0.026000 0.046000
0 0.394000 0.534333 0.014000 0.043333
0 0.413750 0.536000 0.011500 0.036000
0 0.395250 0.458667 0.017500 0.041333
0 0.448500 0.445667 0.015000 0.038000
0 0.454000 0.427333 0.017000 0.038667
0 0.510000 0.827333 0.021000 0.026667
0 0.550750 0.774000 0.024500 0.040000
0 0.544000 0.634667 0.020000 0.036000
0 0.584750 0.646667 0.014500 0.040000
2 0.521500 0.525667 0.109000 0.104667
2 0.803500 0.521667 0.134000 0.080667
0 0.786250 0.467667 0.019500 0.036667
2 0.591250 0.412000 0.101500 0.062667
2 0.456750 0.374000 0.071500 0.080000
2 0.251000 0.519333 0.059000 0.128000
2 0.274500 0.384667 0.045000 0.092000
0 0.268250 0.250333 0.011500 0.030000
2 0.283750 0.268667 0.038500 0.077333
0 0.349750 0.232000 0.012500 0.033333
0 0.311750 0.203000 0.013500 0.035333
0 0.401750 0.194333 0.009500 0.026000
0 0.394500 0.174667 0.008000 0.032000
0 0.374250 0.135333 0.009500 0.038667
0 0.298250 0.097333 0.010500 0.020000
0 0.379500 0.117333 0.010000 0.032000
0 0.373000 0.103000 0.007000 0.030000
0 0.378000 0.089333 0.007000 0.022667
0 0.384000 0.085667 0.008000 0.030000
0 0.362000 0.080000 0.009000 0.033333
0 0.390500 0.073333 0.006000 0.029333
0 0.299750 0.040000 0.009500 0.016000
0 0.321750 0.030333 0.008500 0.030000
0 0.367750 0.047000 0.009500 0.031333
0 0.377250 0.051667 0.008500 0.031333
0 0.332500 0.020333 0.008000 0.031333
0 0.303750 0.014000 0.011500 0.020000
0 0.361750 0.014333 0.010500 0.026000
2 0.958500 0.515667 0.083000 0.075333
2 0.968000 0.341333 0.064000 0.069333
2 0.959750 0.192000 0.069500 0.045333
2 0.710250 0.217667 0.073500 0.040667
2 0.650750 0.249000 0.081500 0.054000
2 0.494500 0.124000 0.033000 0.058667
2 0.571250 0.059667 0.058500 0.035333
2 0.955000 0.128000 0.069000 0.042667
2 0.921750 0.086667 0.060500 0.040000
2 0.898500 0.064667 0.063000 0.037333