2 0.051502 0.897424 0.094421 0.199427
2 0.109084 0.660305 0.082260 0.181298
2 0.165594 0.448950 0.099428 0.145992
2 0.346924 0.607347 0.124464 0.088740
2 0.314378 0.795802 0.129471 0.103053
2 0.361230 0.522901 0.120172 0.095420
2 0.370887 0.434637 0.119456 0.083015
2 0.393777 0.359733 0.112303 0.085878
2 0.398069 0.282920 0.110873 0.073473
2 0.287554 0.890744 0.147353 0.117366
2 0.260372 0.977576 0.125894 0.042939
0 0.339771 0.699905 0.028612 0.035305
0 0.111230 0.982824 0.033619 0.026718
0 0.271817 0.195134 0.022890 0.035305
0 0.336910 0.220897 0.021459 0.044847
2 0.749285 0.052481 0.057940 0.104962
2 0.179900 0.348760 0.023605 0.033397
2 0.199571 0.330630 0.028612 0.031489
0 0.308298 0.096374 0.018598 0.040076
0 0.210658 0.166508 0.020744 0.031489
0 0.350143 0.115935 0.019313 0.039122
0 0.396638 0.066794 0.017883 0.041985
0 0.347997 0.097328 0.017883 0.036260
0 0.331545 0.093989 0.019313 0.039122
0 0.406652 0.132634 0.016452 0.040076
0 0.447783 0.042462 0.014306 0.039122
0 0.683476 0.866889 0.025036 0.031489
0 0.540773 0.422233 0.018598 0.031489
0 0.698140 0.218511 0.017167 0.038168
0 0.240701 0.101622 0.027897 0.039122
0 0.229614 0.117366 0.027182 0.032443
0 0.609442 0.023378 0.011445 0.044847
0 0.600501 0.033874 0.010730 0.037214
0 0.517525 0.056775 0.017883 0.039122
0 0.549714 0.041508 0.013591 0.041031
0 0.564378 0.037214 0.010014 0.041985
0 0.581187 0.023378 0.006438 0.042939
0 0.591559 0.022901 0.011445 0.034351
0 0.599785 0.018130 0.009299 0.036260
0 0.536838 0.020038 0.012160 0.030534
0 0.449571 0.024332 0.016452 0.037214
0 0.490343 0.019084 0.007868 0.038168
0 0.483906 0.020038 0.010730 0.040076
0 0.445637 0.018130 0.012876 0.036260
0 0.456724 0.013836 0.007868 0.027672
0 0.508941 0.019561 0.010730 0.039122
0 0.526824 0.014790 0.009299 0.029580
0 0.547210 0.013836 0.010014 0.027672
0 0.555079 0.011927 0.008584 0.023855
0 0.561874 0.016698 0.010730 0.031489