2 0.545714 0.657143 0.151429 0.156190
2 0.396071 0.410952 0.137857 0.132381
2 0.837857 0.706667 0.175714 0.158095
2 0.043929 0.068095 0.087857 0.100000
2 0.265714 0.047143 0.084286 0.094286
2 0.315000 0.066667 0.090000 0.121905
2 0.359643 0.110476 0.085000 0.140952
2 0.050000 0.600476 0.100000 0.193333
0 0.679643 0.475714 0.029286 0.035238
0 0.657143 0.328095 0.017143 0.046667
0 0.680357 0.341429 0.012143 0.046667
0 0.721429 0.300000 0.034286 0.032381
0 0.613214 0.391905 0.017857 0.039048
0 0.621071 0.442381 0.022143 0.040952
0 0.736071 0.376190 0.023571 0.028571
0 0.727143 0.362857 0.018571 0.047619
0 0.737143 0.040952 0.020000 0.051429
0 0.558571 0.360000 0.020000 0.038095
0 0.395714 0.957619 0.020000 0.040952
0 0.417143 0.809524 0.017143 0.024762
0 0.508571 0.787143 0.014286 0.016190
0 0.500000 0.770952 0.012857 0.031429
0 0.478571 0.746190 0.031429 0.025714
0 0.436071 0.750000 0.019286 0.033333