0 0.557000 0.947333 0.031000 0.088000
0 0.709250 0.968333 0.022500 0.063333
0 0.799000 0.697000 0.009000 0.031333
0 0.817750 0.696000 0.013500 0.045333
0 0.733750 0.622333 0.010500 0.052667
0 0.759500 0.618000 0.018000 0.060000
0 0.736000 0.722000 0.019000 0.050667
0 0.701250 0.724333 0.018500 0.056667
0 0.677750 0.864667 0.026500 0.061333
0 0.689750 0.905000 0.019500 0.063333
0 0.572250 0.702000 0.015500 0.060000
0 0.531000 0.708000 0.019000 0.061333
0 0.283500 0.912333 0.034000 0.052667
0 0.294750 0.782667 0.020500 0.062667
0 0.312500 0.793333 0.019000 0.065333
0 0.377250 0.595667 0.012500 0.046000
0 0.390750 0.569333 0.007500 0.030667
0 0.493750 0.769333 0.018500 0.046667
0 0.524750 0.656333 0.016500 0.058000
0 0.534250 0.638667 0.013500 0.052000
0 0.546750 0.632000 0.016500 0.030667
0 0.506250 0.602333 0.012500 0.052667
0 0.556250 0.593000 0.011500 0.043333
0 0.576500 0.600000 0.012000 0.033333
0 0.538250 0.602333 0.010500 0.044667
0 0.519000 0.581333 0.008000 0.045333
0 0.531000 0.589667 0.007000 0.012667
0 0.421250 0.503333 0.008500 0.037333
2 0.485500 0.286667 0.011000 0.013333
2 0.468250 0.299000 0.019500 0.012667
2 0.519000 0.297000 0.013000 0.014000
2 0.509000 0.314000 0.013000 0.013333
2 0.476500 0.333000 0.015000 0.018000
2 0.523500 0.313333 0.011000 0.016000
0 0.500000 0.338667 0.005000 0.017333
0 0.504750 0.336333 0.006500 0.019333
0 0.452250 0.384000 0.005500 0.022667
0 0.443000 0.411000 0.006000 0.023333
0 0.438000 0.423333 0.007000 0.024000
0 0.443500 0.436333 0.009000 0.027333
0 0.432000 0.411667 0.010000 0.015333
0 0.419000 0.413333 0.008000 0.014667
0 0.459000 0.423667 0.006000 0.027333
0 0.461750 0.395333 0.005500 0.022667
0 0.465500 0.423333 0.006000 0.021333
0 0.449000 0.491667 0.007000 0.036667
0 0.457500 0.512333 0.009000 0.034000
0 0.479250 0.501667 0.009500 0.038000
0 0.491500 0.456667 0.011000 0.033333
0 0.476250 0.419000 0.007500 0.030000
0 0.477000 0.400333 0.009000 0.024667
0 0.485000 0.401000 0.007000 0.024667
0 0.473750 0.368000 0.005500 0.021333
0 0.469750 0.370333 0.004500 0.015333
0 0.493500 0.367667 0.005000 0.020667
0 0.504250 0.375000 0.005500 0.023333
0 0.508750 0.377000 0.005500 0.022000
0 0.508750 0.369000 0.004500 0.020667
0 0.503500 0.367000 0.006000 0.023333
0 0.514250 0.405667 0.007500 0.028667
0 0.539500 0.376667 0.005000 0.024000
0 0.535000 0.364667 0.006000 0.020000
0 0.539500 0.351667 0.004000 0.016667
0 0.524250 0.345667 0.004500 0.015333
0 0.521500 0.354333 0.004000 0.020667
0 0.524500 0.357333 0.004000 0.020000
0 0.521000 0.366000 0.004000 0.021333
0 0.518000 0.377333 0.005000 0.022667
0 0.518000 0.373667 0.005000 0.023333
0 0.545250 0.420667 0.007500 0.024000
0 0.552750 0.424000 0.006500 0.026667
0 0.524500 0.418667 0.004000 0.024000
0 0.526250 0.434000 0.005500 0.028000
0 0.529250 0.441000 0.003500 0.014000
0 0.530000 0.455000 0.012000 0.024667
0 0.531250 0.463000 0.006500 0.028667
0 0.544250 0.471000 0.010500 0.031333
0 0.558500 0.469667 0.008000 0.031333
0 0.523000 0.459667 0.005000 0.030000
0 0.515500 0.493667 0.009000 0.038000
0 0.521500 0.485333 0.006000 0.033333
0 0.557250 0.496000 0.008500 0.028000
0 0.528750 0.487667 0.006500 0.026000
0 0.525250 0.508333 0.007500 0.038000
0 0.513000 0.523667 0.008000 0.038000
0 0.516750 0.517667 0.006500 0.038000
0 0.535000 0.517667 0.008000 0.019333
0 0.529000 0.521000 0.005000 0.023333
0 0.555250 0.537667 0.011500 0.035333
0 0.565500 0.537667 0.010000 0.036667
0 0.569750 0.543667 0.011500 0.034000
0 0.550250 0.565333 0.022500 0.026667
2 0.437250 0.968667 0.083500 0.062667