2 0.215000 0.350000 0.020000 0.023810
2 0.259286 0.350952 0.017143 0.025714
2 0.268214 0.338571 0.019286 0.023810
2 0.203929 0.417619 0.019286 0.027619
2 0.149286 0.641905 0.024286 0.020952
2 0.157143 0.625238 0.020000 0.018095
2 0.172143 0.586667 0.022857 0.022857
2 0.125714 0.689524 0.022857 0.024762
2 0.075714 0.683333 0.018571 0.025714
2 0.065714 0.832381 0.022857 0.022857
2 0.056786 0.847143 0.023571 0.020000
2 0.101786 0.808571 0.022143 0.020952
2 0.031429 0.928095 0.024286 0.021905
2 0.035357 0.911905 0.025000 0.023810
2 0.041429 0.883333 0.024286 0.023810
2 0.070714 0.940952 0.021429 0.026667
2 0.080357 0.931429 0.023571 0.024762
2 0.088929 0.911905 0.022143 0.023810
2 0.057500 0.970476 0.025000 0.028571
2 0.010000 0.964762 0.020000 0.020952
2 0.007500 0.993333 0.013571 0.013333
2 0.806071 0.891905 0.020714 0.021905
2 0.810000 0.904762 0.017143 0.019048
2 0.815357 0.921429 0.022143 0.023810
2 0.819643 0.934286 0.017857 0.020952
2 0.833929 0.977143 0.022143 0.022857
2 0.836786 0.990476 0.020714 0.019048
2 0.723571 0.113333 0.012857 0.030476
2 0.740357 0.127143 0.009286 0.023810
2 0.641786 0.194762 0.012143 0.031429
2 0.624286 0.485714 0.010000 0.028571