2 0.457500 0.660533 0.017857 0.052030
2 0.525357 0.553934 0.017857 0.049492
2 0.551429 0.508883 0.017143 0.045685
2 0.463214 0.440355 0.013571 0.032995
2 0.498929 0.362310 0.013571 0.034264
2 0.541071 0.254442 0.010714 0.026650
2 0.471071 0.237944 0.009286 0.021574
2 0.469286 0.286168 0.011429 0.021574
2 0.454286 0.247462 0.011429 0.025381
2 0.417143 0.294416 0.012857 0.025381
2 0.492500 0.100254 0.006429 0.017766
2 0.494643 0.062183 0.007857 0.012690
2 0.450714 0.085660 0.007143 0.013959
2 0.446071 0.118020 0.007857 0.015228
2 0.452857 0.046320 0.005714 0.011421
2 0.478929 0.003807 0.006429 0.007614
2 0.521429 0.367386 0.015714 0.031726
2 0.466786 0.344543 0.012143 0.031726
2 0.401786 0.954949 0.027857 0.087563
0 0.420000 0.129442 0.001429 0.010152
0 0.418929 0.121827 0.002143 0.010152
0 0.422500 0.114213 0.002143 0.010152
0 0.428214 0.083122 0.002143 0.011421
0 0.426429 0.083122 0.002857 0.011421
0 0.423571 0.095812 0.002857 0.008883
0 0.440714 0.104695 0.002857 0.008883