2 0.091750 0.469667 0.012500 0.015333
2 0.107750 0.467667 0.012500 0.015333
2 0.031000 0.413667 0.023000 0.010000
2 0.322250 0.487667 0.012500 0.018000
2 0.322000 0.522333 0.013000 0.020667
2 0.318750 0.551333 0.013500 0.021333
2 0.326250 0.454000 0.010500 0.016000
2 0.051000 0.558333 0.039000 0.018000
2 0.044000 0.548333 0.039000 0.018000
2 0.043000 0.523333 0.036000 0.016000
2 0.029500 0.451333 0.027000 0.013333
2 0.041750 0.404000 0.020500 0.008000
2 0.104750 0.486333 0.015500 0.014000
2 0.120500 0.485000 0.015000 0.015333
2 0.029250 0.444333 0.025500 0.011333
2 0.027750 0.437667 0.025500 0.011333
2 0.039250 0.477000 0.042500 0.022000
2 0.029500 0.465333 0.032000 0.014667
2 0.043000 0.518000 0.029000 0.016000
2 0.187000 0.656667 0.049000 0.028000
2 0.448250 0.646333 0.041500 0.026000
2 0.264750 0.636333 0.034500 0.028667
2 0.385250 0.603333 0.036500 0.022667
2 0.436000 0.550000 0.015000 0.028000
2 0.282250 0.392000 0.010500 0.010667
2 0.296500 0.376333 0.009000 0.011333
2 0.289000 0.384667 0.010000 0.010667
2 0.418250 0.547667 0.014500 0.022000
0 0.022250 0.661000 0.009500 0.016667
0 0.138250 0.716667 0.008500 0.021333
2 0.587500 0.502667 0.029000 0.013333
2 0.621750 0.504667 0.027500 0.016000
2 0.582500 0.494667 0.025000 0.013333
2 0.615250 0.496000 0.026500 0.014667
2 0.577750 0.486000 0.026500 0.013333
2 0.594000 0.474000 0.026000 0.012000
2 0.553750 0.460000 0.022500 0.013333
2 0.540750 0.445000 0.026500 0.015333
2 0.575750 0.452667 0.022500 0.013333
2 0.571000 0.445667 0.022000 0.012667
2 0.564000 0.440333 0.022000 0.012667
2 0.632750 0.519333 0.024500 0.020000
2 0.777250 0.487333 0.022500 0.020000
2 0.864500 0.530333 0.030000 0.015333
2 0.831500 0.536667 0.026000 0.013333
2 0.641750 0.591667 0.037500 0.023333
2 0.592750 0.620000 0.037500 0.024000
2 0.554750 0.628000 0.037500 0.024000
2 0.509500 0.636333 0.040000 0.026000
2 0.562500 0.585667 0.034000 0.019333
2 0.601750 0.523000 0.030500 0.020667
2 0.512500 0.666667 0.041000 0.030667
0 0.561750 0.671333 0.006500 0.013333
0 0.585000 0.669667 0.006000 0.020667
0 0.577500 0.658333 0.006000 0.020667
0 0.570500 0.662667 0.006000 0.014667
0 0.561000 0.665000 0.006000 0.011333
0 0.586250 0.659000 0.005500 0.012667