0 0.594729 0.379870 0.005741 0.015770
0 0.644572 0.366419 0.003132 0.007421
0 0.649791 0.398887 0.005219 0.009276
0 0.598382 0.331633 0.003653 0.010204
0 0.599948 0.330705 0.002610 0.008349
2 0.562370 0.445269 0.013048 0.029685
2 0.551931 0.549165 0.032881 0.024119
0 0.537056 0.592764 0.005219 0.011132
2 0.536795 0.772263 0.044363 0.039889
0 0.642745 0.863173 0.007829 0.019481
0 0.643267 0.876160 0.006785 0.015770
0 0.603079 0.254638 0.002610 0.013915
0 0.599426 0.255102 0.003653 0.009276
0 0.559499 0.222635 0.003132 0.011132
0 0.586117 0.160482 0.002088 0.007421
0 0.591075 0.084416 0.001566 0.007421
2 0.584029 0.071892 0.005219 0.012059