2 0.855000 0.717143 0.138571 0.074286
0 0.809643 0.620476 0.009286 0.037143
0 0.849643 0.620476 0.010714 0.037143
2 0.985714 0.575714 0.028571 0.018095
2 0.963929 0.573333 0.027857 0.017143
2 0.947143 0.578095 0.034286 0.017143
2 0.915714 0.575714 0.031429 0.020000
2 0.906786 0.580952 0.035000 0.019048
2 0.870357 0.579524 0.039286 0.021905
2 0.835714 0.579524 0.028571 0.020000
2 0.820000 0.582857 0.038571 0.019048
2 0.795357 0.578571 0.032143 0.020000
2 0.722857 0.593810 0.054286 0.025714
2 0.662857 0.589048 0.048571 0.021905
2 0.640714 0.586190 0.042857 0.020000
2 0.618571 0.582857 0.041429 0.020952
2 0.735714 0.617619 0.051429 0.040952
2 0.702500 0.648095 0.053571 0.054286
2 0.228929 0.769048 0.023571 0.098095
2 0.033571 0.650000 0.067143 0.052381
2 0.033571 0.633810 0.067143 0.040952
2 0.389286 0.609048 0.034286 0.040952
2 0.549286 0.585238 0.051429 0.023810
2 0.479286 0.582381 0.044286 0.021905
2 0.431071 0.573333 0.032143 0.019048
0 0.362857 0.547143 0.002857 0.010476
0 0.355357 0.545238 0.003571 0.010476
0 0.344286 0.541429 0.002857 0.006667
2 0.383214 0.567143 0.020714 0.020000
2 0.370357 0.576190 0.025000 0.022857
2 0.378929 0.556190 0.015000 0.013333
2 0.359286 0.556667 0.018571 0.014286
2 0.363214 0.555714 0.015000 0.012381
2 0.348929 0.565714 0.017857 0.017143
2 0.136786 0.558095 0.020714 0.017143
2 0.112857 0.565714 0.025714 0.019048
2 0.180000 0.569524 0.044286 0.024762
2 0.196786 0.561429 0.032143 0.014286
2 0.212500 0.560000 0.035000 0.017143
2 0.181429 0.533333 0.015714 0.007619
2 0.182500 0.543810 0.019286 0.009524
2 0.199286 0.542381 0.018571 0.012381
0 0.213571 0.543810 0.004286 0.011429
2 0.215714 0.541905 0.020000 0.009524
2 0.217500 0.529524 0.012143 0.007619
2 0.287143 0.552381 0.012857 0.013333
2 0.315000 0.560476 0.020000 0.020000
2 0.309286 0.557619 0.015714 0.016190
2 0.335714 0.556190 0.014286 0.013333
2 0.326071 0.554286 0.013571 0.011429
2 0.322143 0.549524 0.011429 0.011429
2 0.331429 0.547143 0.011429 0.010476
2 0.368571 0.544286 0.010000 0.008571
2 0.373214 0.539048 0.009286 0.007619
2 0.360000 0.532381 0.008571 0.005714
2 0.338571 0.538095 0.010000 0.007619
2 0.343571 0.537619 0.012857 0.008571
2 0.334286 0.536190 0.011429 0.005714
2 0.331786 0.534286 0.012143 0.005714
2 0.302143 0.551905 0.012857 0.012381
2 0.307500 0.546667 0.015000 0.013333
2 0.297143 0.548571 0.008571 0.007619
2 0.290000 0.544286 0.010000 0.008571
2 0.312500 0.539524 0.007857 0.008571
2 0.291071 0.542857 0.009286 0.007619
2 0.285714 0.540000 0.007143 0.011429
2 0.290000 0.537143 0.007143 0.007619
2 0.301429 0.540000 0.008571 0.007619
2 0.300714 0.535238 0.007143 0.005714
2 0.315000 0.531905 0.012857 0.006667
2 0.313929 0.530000 0.012143 0.004762
2 0.311071 0.529524 0.012143 0.005714
2 0.303929 0.526667 0.012143 0.005714