2 0.888831 0.914657 0.034447 0.092764
2 0.947286 0.794063 0.051148 0.042672
2 0.821242 0.652597 0.026618 0.076994
2 0.632307 0.690631 0.023486 0.080705
2 0.605167 0.687848 0.022443 0.080705
2 0.869520 0.528757 0.044885 0.033395
2 0.931367 0.351577 0.029749 0.046382
2 0.883873 0.361781 0.021399 0.048237
2 0.863257 0.158627 0.015658 0.031540
2 0.866649 0.085807 0.020355 0.039889
2 0.847860 0.085343 0.021399 0.038961
2 0.885177 0.078386 0.016701 0.036178
2 0.657098 0.254638 0.017745 0.041744
2 0.635960 0.257421 0.016180 0.039889
2 0.431628 0.667904 0.020877 0.076067
2 0.403706 0.662338 0.022443 0.076067
2 0.320981 0.644249 0.024008 0.075139
2 0.252610 0.685065 0.048017 0.039889
2 0.489823 0.244434 0.015136 0.043599
2 0.484603 0.153061 0.014092 0.037106
2 0.440501 0.156772 0.015658 0.046382
2 0.450418 0.122449 0.015658 0.044527
2 0.423539 0.156772 0.015136 0.046382
2 0.014875 0.393321 0.027662 0.061224
2 0.007307 0.235622 0.014614 0.050093
2 0.026879 0.118738 0.021399 0.042672
0 0.053236 0.087199 0.006263 0.016698
0 0.054541 0.059833 0.006785 0.012059
2 0.042537 0.046846 0.020355 0.039889
2 0.050887 0.014378 0.020355 0.028757
2 0.121347 0.123840 0.020355 0.036178
2 0.125261 0.092764 0.016701 0.035250
2 0.131002 0.047310 0.016701 0.033395
2 0.137265 0.013451 0.017745 0.026902
2 0.294363 0.153989 0.018789 0.038961
2 0.313152 0.151206 0.019833 0.038961
2 0.331420 0.151670 0.019833 0.043599