2 0.047750 0.125333 0.035500 0.014667
2 0.053000 0.178000 0.046000 0.017333
2 0.102000 0.196667 0.049000 0.017333
2 0.138750 0.211000 0.057500 0.020667
2 0.105500 0.577667 0.113000 0.068667
2 0.343250 0.486667 0.093500 0.073333
0 0.235750 0.402000 0.013500 0.042667
2 0.350000 0.445333 0.085000 0.062667
2 0.499000 0.472000 0.089000 0.074667
2 0.463000 0.434667 0.076000 0.064000
2 0.431750 0.403000 0.068500 0.055333
2 0.509250 0.366000 0.062500 0.050667
2 0.530750 0.321000 0.058500 0.046000
2 0.652000 0.289000 0.051000 0.043333
2 0.707500 0.263667 0.038000 0.034000
0 0.869500 0.176667 0.004000 0.014667
2 0.836000 0.207333 0.053000 0.028000
2 0.853750 0.189000 0.039500 0.022000
2 0.912750 0.219667 0.032500 0.031333
0 0.927000 0.167667 0.007000 0.019333
2 0.870750 0.553000 0.079500 0.082000