2 0.411429 0.053810 0.012857 0.031429
2 0.454643 0.075238 0.010714 0.030476
2 0.452857 0.111905 0.010000 0.029524
2 0.454643 0.162381 0.010714 0.029524
2 0.406071 0.191429 0.022143 0.017143
2 0.359643 0.164286 0.022143 0.020000
2 0.364286 0.177619 0.020000 0.018095
2 0.368571 0.190952 0.021429 0.018095
2 0.371071 0.229048 0.019286 0.014286
2 0.377143 0.259524 0.010000 0.027619
2 0.415357 0.301905 0.012143 0.028571
2 0.302500 0.275238 0.020714 0.013333
2 0.358214 0.432381 0.015000 0.028571
2 0.369286 0.424286 0.015714 0.027619
2 0.381786 0.418571 0.015000 0.029524
2 0.391429 0.409048 0.014286 0.029524
2 0.338929 0.478095 0.020714 0.019048
2 0.365357 0.520952 0.015000 0.024762
2 0.388929 0.506190 0.012143 0.025714
2 0.400000 0.492857 0.011429 0.027619
2 0.410000 0.482381 0.011429 0.027619
2 0.438571 0.470952 0.008571 0.027619
2 0.770000 0.004286 0.021429 0.008571
2 0.712500 0.101905 0.020714 0.015238
2 0.962143 0.465238 0.012857 0.027619
2 0.972500 0.471905 0.012143 0.027619
2 0.478571 0.673333 0.010000 0.030476
2 0.580357 0.569524 0.010714 0.030476
0 0.488929 0.335714 0.003571 0.008571
2 0.013214 0.045238 0.019286 0.033333
2 0.009643 0.070000 0.019286 0.037143