0 0.427250 0.044000 0.009500 0.033333
0 0.451250 0.027333 0.010500 0.029333
0 0.490250 0.100667 0.008500 0.021333
0 0.546750 0.068333 0.008500 0.034000
0 0.559750 0.042333 0.008500 0.030000
0 0.694250 0.015000 0.008500 0.028667
0 0.710500 0.028667 0.008000 0.026667
0 0.723000 0.029667 0.010000 0.026000
0 0.722250 0.014333 0.011500 0.024667
0 0.741750 0.028000 0.008500 0.026667
0 0.366500 0.149667 0.008000 0.028667
0 0.374000 0.162333 0.010000 0.018000
0 0.353250 0.187333 0.010500 0.033333
0 0.464750 0.198667 0.010500 0.032000
2 0.549250 0.265000 0.037500 0.071333
0 0.542000 0.286000 0.011000 0.038667
2 0.093750 0.256000 0.073500 0.045333
2 0.200750 0.253333 0.084500 0.052000
0 0.182250 0.275333 0.013500 0.030667
2 0.297750 0.239333 0.062500 0.046667
2 0.118750 0.544667 0.093500 0.060000
0 0.395250 0.675667 0.017500 0.023333
0 0.395000 0.649667 0.017000 0.022000
0 0.500500 0.752667 0.018000 0.029333
0 0.518250 0.728333 0.013500 0.027333
0 0.548500 0.844333 0.014000 0.023333
0 0.603750 0.807000 0.015500 0.027333
0 0.619250 0.797000 0.011500 0.027333
0 0.509500 0.603333 0.011000 0.026667
0 0.463000 0.600000 0.009000 0.021333
0 0.488500 0.546667 0.007000 0.013333
0 0.487250 0.530000 0.011500 0.022667
0 0.513000 0.506000 0.012000 0.018667
0 0.513250 0.502333 0.014500 0.032667
0 0.510000 0.490667 0.010000 0.029333
0 0.451500 0.393000 0.013000 0.031333
0 0.467750 0.383333 0.013500 0.029333
0 0.482500 0.418667 0.009000 0.014667
0 0.484750 0.399000 0.009500 0.027333
0 0.495500 0.403000 0.010000 0.024667
0 0.538500 0.392667 0.014000 0.036000
2 0.564500 0.362667 0.043000 0.078667
0 0.545750 0.368333 0.011500 0.028667
2 0.598000 0.499333 0.049000 0.101333
0 0.614500 0.502333 0.016000 0.039333
2 0.642250 0.712333 0.059500 0.127333
0 0.554250 0.742333 0.019500 0.026000
0 0.581000 0.741000 0.017000 0.022000
0 0.636500 0.915000 0.023000 0.023333
0 0.708250 0.987000 0.025500 0.026000