2 0.080115 0.091373 0.049582 0.041744
2 0.352818 0.679499 0.063674 0.062152
0 0.371868 0.449443 0.006785 0.021336
0 0.387526 0.449443 0.008873 0.023191
0 0.411273 0.484230 0.007307 0.022263
2 0.432411 0.944805 0.036013 0.108534
2 0.416754 0.342301 0.046451 0.046382
2 0.433194 0.273191 0.043841 0.039889
2 0.391701 0.059833 0.041232 0.041744
2 0.474165 0.127087 0.021399 0.055659
2 0.588205 0.065863 0.043841 0.038961
2 0.580376 0.113173 0.041754 0.040816
2 0.575939 0.141002 0.042276 0.040816
2 0.547495 0.241187 0.046973 0.044527
2 0.549322 0.275046 0.045407 0.045455
2 0.539927 0.323284 0.049582 0.045455
2 0.531315 0.358071 0.052192 0.046382
2 0.520877 0.395640 0.052192 0.047310
2 0.512787 0.437384 0.055846 0.045455
2 0.970511 0.872913 0.044363 0.124304