2 0.136429 0.214467 0.010000 0.007614
2 0.119286 0.205584 0.010000 0.007614
2 0.165000 0.199873 0.010000 0.008883
2 0.181071 0.210025 0.009286 0.006345
2 0.028929 0.208756 0.009286 0.006345
2 0.411071 0.203680 0.010714 0.008883
2 0.453929 0.402284 0.005000 0.015228
0 0.434286 0.435279 0.002857 0.007614
0 0.434643 0.409898 0.002143 0.010152
0 0.436071 0.400381 0.002143 0.008883
0 0.443929 0.323604 0.002143 0.007614
0 0.441786 0.359772 0.002143 0.008883
0 0.445000 0.354061 0.002857 0.010152
2 0.468571 0.507614 0.007143 0.020305
2 0.654643 0.532360 0.015000 0.011421
2 0.601429 0.535533 0.014286 0.012690
2 0.601429 0.526650 0.015714 0.012690
0 0.790714 0.520939 0.002857 0.008883
0 0.787500 0.559010 0.002143 0.008883
0 0.782857 0.585660 0.004286 0.003807
0 0.750000 0.556472 0.002857 0.008883
0 0.759286 0.552030 0.001429 0.007614
0 0.765000 0.561548 0.002857 0.006345
0 0.676071 0.517132 0.002143 0.006345
2 0.630714 0.668147 0.017143 0.013959
2 0.692143 0.935279 0.020000 0.020305
2 0.797143 0.890863 0.021429 0.015228
2 0.415000 0.917513 0.011429 0.032995
2 0.428214 0.788706 0.009286 0.026650
2 0.427857 0.706218 0.011429 0.024112
2 0.435714 0.605964 0.012857 0.021574
2 0.412500 0.625000 0.016429 0.019036
2 0.359643 0.647208 0.019286 0.015228
2 0.336786 0.628173 0.017857 0.015228
2 0.288214 0.621827 0.017857 0.012690
2 0.230714 0.623096 0.017143 0.015228
2 0.220000 0.546954 0.010000 0.017766
2 0.206429 0.545685 0.011429 0.017766
2 0.181786 0.543147 0.012143 0.020305
2 0.141071 0.618020 0.016429 0.012690
2 0.152500 0.539975 0.010714 0.016497
2 0.144643 0.541244 0.012143 0.016497
2 0.056786 0.539340 0.015000 0.012690
2 0.006071 0.526015 0.012143 0.011421
2 0.021786 0.501269 0.010714 0.017766
2 0.030357 0.501269 0.012143 0.020305
2 0.035000 0.503173 0.010000 0.021574
2 0.087500 0.506980 0.012143 0.021574
2 0.071429 0.471447 0.017143 0.011421
2 0.103214 0.379442 0.015000 0.015228
2 0.131429 0.319797 0.018571 0.015228
2 0.157500 0.275381 0.012143 0.017766