2 0.007143 0.967143 0.014286 0.023810
2 0.038929 0.962381 0.016429 0.035238
2 0.055714 0.953810 0.014286 0.027619
2 0.070714 0.953333 0.015714 0.034286
2 0.086071 0.955714 0.015000 0.033333
2 0.607143 0.991429 0.024286 0.017143
2 0.579643 0.894762 0.019286 0.029524
2 0.574643 0.869524 0.019286 0.024762
2 0.553571 0.824762 0.021429 0.020952
2 0.542500 0.790476 0.022143 0.019048
2 0.538214 0.778095 0.020714 0.022857
2 0.528929 0.756190 0.020714 0.026667
2 0.521786 0.733333 0.020714 0.024762
2 0.517857 0.718095 0.021429 0.022857
2 0.507500 0.688571 0.023571 0.020952
2 0.587143 0.680952 0.021429 0.015238
2 0.575714 0.660952 0.021429 0.020952
2 0.564643 0.622381 0.022143 0.021905
2 0.407143 0.611429 0.021429 0.019048
2 0.435714 0.600000 0.024286 0.017143
2 0.406429 0.492857 0.012857 0.027619
0 0.245714 0.680952 0.005714 0.005714
0 0.242143 0.676667 0.005714 0.006667
0 0.238929 0.672857 0.005000 0.004762
0 0.375357 0.607143 0.005000 0.006667
0 0.380000 0.621429 0.002857 0.004762
0 0.376071 0.630476 0.003571 0.005714
0 0.380000 0.630952 0.004286 0.004762
0 0.385000 0.617619 0.004286 0.004762
0 0.385000 0.603810 0.004286 0.005714
0 0.387857 0.608571 0.004286 0.003810
0 0.392500 0.602857 0.003571 0.005714
0 0.395000 0.604762 0.004286 0.005714
0 0.403571 0.596667 0.005714 0.006667
0 0.460714 0.580952 0.002857 0.005714
0 0.464286 0.577619 0.004286 0.008571
0 0.470000 0.585714 0.004286 0.005714
0 0.465000 0.591905 0.002857 0.006667
0 0.424286 0.582381 0.004286 0.002857
0 0.528214 0.660476 0.003571 0.004762
0 0.530714 0.658571 0.004286 0.004762
0 0.572857 0.796190 0.004286 0.009524
0 0.577500 0.796667 0.002143 0.006667
0 0.576786 0.808095 0.003571 0.008571
0 0.595357 0.851905 0.003571 0.008571
0 0.580357 0.794286 0.003571 0.007619