2 0.729643 0.497619 0.022143 0.027619
2 0.672143 0.726190 0.022857 0.018095
2 0.665000 0.750476 0.022857 0.022857
2 0.528214 0.870952 0.017857 0.031429
2 0.515714 0.908095 0.017143 0.037143
2 0.642143 0.955714 0.025714 0.025714
2 0.801071 0.733810 0.016429 0.025714
2 0.560000 0.704762 0.011429 0.032381
2 0.577857 0.654286 0.020000 0.020952
2 0.571786 0.633810 0.022143 0.021905
0 0.520714 0.652857 0.004286 0.010476
0 0.517500 0.662857 0.003571 0.011429
2 0.695714 0.234286 0.010000 0.026667
2 0.670000 0.335238 0.010000 0.028571
2 0.860357 0.221429 0.015000 0.027619
2 0.837143 0.230476 0.014286 0.024762
2 0.949643 0.671429 0.023571 0.024762
2 0.357500 0.865714 0.012143 0.036190
2 0.371071 0.834286 0.017857 0.032381
2 0.273929 0.701905 0.015000 0.034286
2 0.295357 0.581429 0.016429 0.031429