2 0.164500 0.929667 0.036000 0.062000
2 0.125000 0.787000 0.027000 0.040667
2 0.115250 0.743000 0.024500 0.040667
2 0.104250 0.709667 0.026500 0.039333
2 0.102000 0.628000 0.024000 0.033333
2 0.043750 0.478667 0.015500 0.018667
2 0.041250 0.463333 0.015500 0.016000
2 0.035750 0.451333 0.015500 0.017333
2 0.033250 0.439000 0.014500 0.016667
2 0.030750 0.425000 0.014500 0.016667
2 0.025250 0.402000 0.012500 0.013333
2 0.021750 0.391333 0.012500 0.013333
2 0.014750 0.372333 0.011500 0.012667
2 0.013250 0.362667 0.010500 0.010667
2 0.012500 0.355000 0.010000 0.010000
2 0.005000 0.336000 0.010000 0.012000
2 0.027500 0.321667 0.011000 0.012667
2 0.013250 0.300667 0.017500 0.010667
2 0.010750 0.293000 0.016500 0.010000
2 0.008250 0.285667 0.014500 0.008667
2 0.008250 0.277000 0.014500 0.008667
2 0.729500 0.462333 0.026000 0.019333
2 0.740250 0.453667 0.022500 0.015333
2 0.691250 0.514333 0.030500 0.028667
2 0.724750 0.537000 0.024500 0.022000
2 0.413000 0.552667 0.022000 0.028000
2 0.428750 0.542333 0.018500 0.023333
2 0.456000 0.533333 0.024000 0.028000
2 0.476500 0.523000 0.027000 0.028667
2 0.419500 0.609667 0.023000 0.027333
2 0.439000 0.629667 0.023000 0.027333
2 0.455250 0.621667 0.021500 0.026000
2 0.475750 0.611667 0.026500 0.028667
2 0.493250 0.605667 0.026500 0.028667
2 0.510250 0.599000 0.026500 0.028667
2 0.525750 0.590333 0.026500 0.028667
2 0.543250 0.579333 0.026500 0.029333
2 0.559000 0.571333 0.024000 0.024000
2 0.438000 0.601667 0.027000 0.028667
2 0.454750 0.593000 0.028500 0.028667
2 0.470500 0.584333 0.028000 0.027333
2 0.489250 0.576000 0.024500 0.025333
2 0.505250 0.569333 0.027500 0.029333
2 0.520500 0.560667 0.029000 0.026667
2 0.536000 0.552333 0.025000 0.026000
2 0.548750 0.546333 0.025500 0.023333
2 0.548750 0.512000 0.032500 0.020000
2 0.578500 0.531667 0.027000 0.023333
2 0.589000 0.557333 0.034000 0.036000
2 0.607750 0.552333 0.033500 0.030000
2 0.619750 0.542667 0.029500 0.030667
2 0.631750 0.536333 0.031500 0.027333
2 0.645500 0.529667 0.032000 0.027333
2 0.607250 0.518667 0.027500 0.021333
2 0.620000 0.511000 0.032000 0.024667
2 0.392250 0.848333 0.031500 0.060667
0 0.080250 0.820000 0.010500 0.020000
0 0.109000 0.875667 0.010000 0.018000
0 0.100250 0.812000 0.010500 0.020000
0 0.077250 0.710333 0.008500 0.016667
0 0.078000 0.693667 0.008000 0.016667
0 0.035500 0.607667 0.007000 0.015333
0 0.196000 0.880667 0.009000 0.020000
0 0.136000 0.704000 0.009000 0.016000
0 0.147000 0.693000 0.008000 0.019333
0 0.153750 0.699333 0.007500 0.017333
0 0.109000 0.589333 0.009000 0.013333
2 0.165250 0.504333 0.024500 0.014000
2 0.158750 0.488667 0.029500 0.018667
0 0.152000 0.474667 0.007000 0.013333
0 0.102250 0.507000 0.006500 0.011333
0 0.082250 0.490333 0.005500 0.014000
0 0.112250 0.454667 0.004500 0.013333
0 0.018500 0.439000 0.004000 0.010000
0 0.013500 0.453333 0.005000 0.009333
0 0.026000 0.474000 0.006000 0.010667
0 0.032500 0.490667 0.005000 0.012000