2 0.253214 0.062183 0.009286 0.012690
0 0.341071 0.179569 0.002143 0.006345
0 0.335357 0.173858 0.002143 0.007614
0 0.247857 0.875000 0.004286 0.013959
0 0.255000 0.846447 0.002857 0.012690
0 0.264286 0.796320 0.002857 0.011421
0 0.260357 0.796954 0.005000 0.010152
2 0.180357 0.977792 0.019286 0.039340
2 0.387857 0.800761 0.011429 0.038071
2 0.373929 0.789340 0.012143 0.043147
2 0.401071 0.614848 0.009286 0.031726
0 0.513929 0.660533 0.003571 0.008883
0 0.504643 0.795051 0.003571 0.011421
2 0.412500 0.482868 0.009286 0.029188
2 0.429643 0.440990 0.007857 0.024112
2 0.334286 0.473985 0.010000 0.026650
2 0.327857 0.597716 0.011429 0.030457
2 0.367857 0.421320 0.010000 0.022843
2 0.370357 0.359772 0.007857 0.019036
2 0.376429 0.396574 0.008571 0.026650
2 0.943571 0.423223 0.025714 0.016497
2 0.480714 0.284264 0.018571 0.017766
2 0.404643 0.217005 0.007857 0.015228
2 0.422143 0.151015 0.011429 0.015228
2 0.886071 0.147208 0.015000 0.010152
0 0.867500 0.090736 0.003571 0.011421
0 0.751429 0.095178 0.002857 0.007614
0 0.808929 0.093909 0.003571 0.010152
0 0.820357 0.094543 0.003571 0.008883
0 0.821071 0.091371 0.002143 0.007614
0 0.855357 0.094543 0.002143 0.008883
2 0.816786 0.147843 0.013571 0.008883
2 0.778571 0.118020 0.014286 0.010152
2 0.797857 0.141497 0.014286 0.013959
2 0.728571 0.120558 0.012857 0.012690
2 0.658929 0.147208 0.015000 0.015228
2 0.635357 0.154822 0.013571 0.012690
2 0.619286 0.148477 0.014286 0.010152
2 0.638571 0.147843 0.015714 0.011421
2 0.641786 0.138959 0.015000 0.013959
2 0.617143 0.138959 0.014286 0.013959
2 0.600714 0.160533 0.015714 0.016497
2 0.598929 0.149112 0.015000 0.011421
0 0.651071 0.122462 0.003571 0.011421
2 0.594286 0.142766 0.014286 0.011421
2 0.573214 0.143401 0.012143 0.010152
2 0.552143 0.144036 0.012857 0.011421
2 0.493214 0.128807 0.016429 0.013959
2 0.443571 0.126904 0.012857 0.012690
2 0.448214 0.045051 0.005000 0.013959
2 0.434643 0.012056 0.005000 0.016497
2 0.430357 0.088832 0.006429 0.012690
2 0.437143 0.091371 0.005714 0.015228
2 0.369643 0.024746 0.012143 0.008883
2 0.371071 0.017766 0.012143 0.007614