2 0.415000 0.084333 0.012000 0.020667
2 0.443250 0.068333 0.010500 0.019333
2 0.445750 0.086000 0.012500 0.018667
2 0.450750 0.105667 0.013500 0.022000
2 0.453750 0.132667 0.012500 0.021333
2 0.501750 0.064000 0.011500 0.018667
2 0.444500 0.248000 0.022000 0.033333
2 0.468250 0.269333 0.035500 0.038667
2 0.435750 0.283667 0.020500 0.035333
2 0.477250 0.303000 0.018500 0.035333
2 0.478750 0.345667 0.025500 0.048667
2 0.440000 0.327000 0.027000 0.042000
2 0.406500 0.308000 0.020000 0.048000
2 0.452000 0.377333 0.029000 0.048000
2 0.399750 0.356000 0.047500 0.048000
2 0.413750 0.465333 0.030500 0.073333
2 0.395500 0.560667 0.034000 0.084000
2 0.378000 0.791333 0.048000 0.140000
0 0.352500 0.540000 0.013000 0.028000
0 0.348750 0.434000 0.011500 0.033333
0 0.398000 0.265000 0.011000 0.027333
0 0.408250 0.283000 0.006500 0.026000
0 0.416000 0.286333 0.007000 0.026000
0 0.468750 0.234000 0.008500 0.026667
0 0.460250 0.219667 0.007500 0.022000
0 0.433750 0.231000 0.006500 0.019333
0 0.424750 0.242667 0.007500 0.025333
0 0.429500 0.225000 0.007000 0.027333
0 0.384500 0.219333 0.009000 0.024000
0 0.338250 0.221667 0.007500 0.016667
0 0.474250 0.202667 0.006500 0.021333
0 0.490250 0.215333 0.006500 0.016000
0 0.495500 0.213333 0.006000 0.022667
0 0.480750 0.197000 0.008500 0.019333
0 0.406750 0.254000 0.007500 0.017333
0 0.355500 0.221333 0.010000 0.024000
0 0.401250 0.182667 0.008500 0.024000
0 0.436250 0.019667 0.006500 0.016667
2 0.526000 0.024333 0.027000 0.016667
2 0.561000 0.064333 0.028000 0.019333
2 0.418000 0.064667 0.013000 0.021333
2 0.467750 0.110000 0.014500 0.021333
2 0.464000 0.082000 0.013000 0.021333
2 0.426250 0.028333 0.012500 0.018000
2 0.425250 0.008667 0.011500 0.017333
2 0.463500 0.057000 0.014000 0.024667
2 0.363250 0.045000 0.015500 0.020667
2 0.370750 0.020000 0.010500 0.014667
0 0.499500 0.256667 0.008000 0.026667
2 0.509250 0.243000 0.038500 0.030000
2 0.472000 0.148667 0.018000 0.032000
2 0.453250 0.152000 0.015500 0.025333
2 0.435000 0.165667 0.016000 0.020667
2 0.416000 0.175333 0.017000 0.021333
2 0.419000 0.196667 0.016000 0.030667
2 0.408250 0.216667 0.036500 0.025333
2 0.406500 0.236333 0.037000 0.030000
0 0.220500 0.289333 0.009000 0.025333
0 0.224500 0.279000 0.009000 0.023333
0 0.201250 0.341333 0.014500 0.026667
0 0.188750 0.358000 0.016500 0.032000
0 0.147750 0.467333 0.016500 0.022667
0 0.153000 0.441000 0.020000 0.034000
0 0.121250 0.484667 0.019500 0.034667
0 0.094500 0.539667 0.019000 0.038000
0 0.070500 0.515667 0.020000 0.038000
0 0.065250 0.552333 0.014500 0.028667
0 0.021750 0.589667 0.027500 0.035333
2 0.027250 0.566667 0.054500 0.073333
0 0.175000 0.362667 0.011000 0.030667
0 0.176000 0.372667 0.010000 0.021333
0 0.169000 0.317667 0.012000 0.022000
0 0.090750 0.349000 0.011500 0.027333
0 0.092000 0.354000 0.018000 0.026667
0 0.098750 0.355333 0.009500 0.016000
0 0.083500 0.350333 0.013000 0.024667
2 0.045500 0.268667 0.040000 0.032000
2 0.015250 0.259667 0.030500 0.024667