2 0.209250 0.685667 0.058500 0.038000
2 0.426000 0.661000 0.030000 0.064667
2 0.776250 0.674333 0.060500 0.059333
2 0.619000 0.780000 0.067000 0.078667
2 0.526250 0.877333 0.058500 0.094667
2 0.481000 0.917333 0.070000 0.104000
2 0.657250 0.896667 0.067500 0.085333
2 0.596000 0.968000 0.057000 0.064000
2 0.890750 0.741000 0.085500 0.044667
2 0.966750 0.777667 0.066500 0.055333
2 0.924750 0.671333 0.067500 0.038667
0 0.875250 0.654333 0.012500 0.026000
2 0.018500 0.946333 0.037000 0.064667
2 0.788500 0.242667 0.020000 0.016000
2 0.786500 0.235667 0.022000 0.014000
2 0.844000 0.237000 0.025000 0.016667
2 0.904000 0.253000 0.031000 0.019333
2 0.914250 0.237000 0.027500 0.016667
2 0.950000 0.237333 0.026000 0.016000
2 0.743750 0.091667 0.006500 0.008667
2 0.736000 0.091333 0.006000 0.008000
2 0.719500 0.092333 0.007000 0.006000
2 0.663250 0.091667 0.006500 0.008667