2 0.487840 0.576813 0.050072 0.102099
2 0.418097 0.551050 0.039342 0.107824
2 0.355150 0.553912 0.043634 0.113550
0 0.369099 0.442748 0.012876 0.028626
0 0.418455 0.399332 0.014306 0.029580
0 0.493562 0.428435 0.012876 0.028626
0 0.665236 0.423664 0.012876 0.028626
0 0.651645 0.423187 0.010014 0.035305
0 0.979971 0.761450 0.012876 0.032443
0 0.794707 0.500000 0.012876 0.028626
0 0.812589 0.489027 0.017167 0.025763
0 0.673820 0.484733 0.014306 0.026718
0 0.680973 0.498569 0.014306 0.033397
0 0.808655 0.519084 0.013591 0.030534
2 0.107654 0.366412 0.066524 0.045802
0 0.116595 0.216603 0.015737 0.030534
0 0.321173 0.249046 0.015737 0.034351
0 0.270386 0.350668 0.011445 0.021947
0 0.339056 0.218034 0.010014 0.029580
0 0.258226 0.147424 0.012876 0.029580
0 0.412375 0.263359 0.009299 0.022901
0 0.416667 0.255725 0.009299 0.020992
0 0.420243 0.244752 0.007868 0.018130
0 0.456366 0.410305 0.012876 0.030534
0 0.542203 0.390267 0.014306 0.030534
0 0.285765 0.339695 0.015021 0.020992
0 0.817954 0.455153 0.012160 0.026718
0 0.637339 0.470897 0.012876 0.027672
0 0.617310 0.456584 0.011445 0.021947
0 0.491774 0.371660 0.009299 0.031489
0 0.428469 0.377863 0.008584 0.032443
2 0.454578 0.286260 0.073677 0.043893
2 0.604435 0.351145 0.031474 0.076336
2 0.705651 0.200382 0.035050 0.062977
2 0.671316 0.296756 0.075107 0.041985
2 0.731760 0.362595 0.037196 0.076336
2 0.562947 0.351145 0.035765 0.083969
2 0.517525 0.348282 0.033619 0.085878
2 0.649499 0.364504 0.034335 0.076336
2 0.693491 0.366889 0.036481 0.086832