2 0.602143 0.228426 0.017143 0.045685
2 0.573571 0.092005 0.018571 0.031726
2 0.552857 0.046320 0.027143 0.029188
0 0.378214 0.518401 0.015000 0.039340
0 0.414286 0.498731 0.010000 0.038071
0 0.244643 0.576777 0.012143 0.041878
0 0.195000 0.609772 0.011429 0.026650
0 0.135714 0.622462 0.022857 0.049492
0 0.312143 0.883249 0.012857 0.045685
0 0.441786 0.803299 0.009286 0.045685
0 0.443571 0.796954 0.005714 0.022843
0 0.480714 0.807107 0.012857 0.043147
2 0.604643 0.832487 0.032143 0.106599
2 0.647143 0.814086 0.028571 0.100254
0 0.528214 0.987944 0.009286 0.021574
0 0.614643 0.731599 0.010714 0.044416
0 0.742500 0.942259 0.010714 0.041878
0 0.759643 0.908629 0.012143 0.045685
0 0.747143 0.919416 0.005714 0.029188
0 0.753571 0.918782 0.008571 0.038071
0 0.903214 0.578680 0.013571 0.043147
0 0.813214 0.361675 0.012143 0.032995
0 0.763214 0.369924 0.007857 0.031726
0 0.635000 0.397208 0.010000 0.025381
0 0.635714 0.398477 0.008571 0.015228
2 0.040714 0.299492 0.025714 0.048223
2 0.018214 0.236041 0.025000 0.048223
2 0.070357 0.220812 0.019286 0.043147
2 0.009643 0.349619 0.019286 0.064721
2 0.011071 0.311548 0.022143 0.052030
2 0.283571 0.055203 0.014286 0.029188
2 0.287143 0.037437 0.027143 0.021574
2 0.228929 0.077411 0.035000 0.020305
2 0.227857 0.062183 0.034286 0.015228
0 0.385714 0.406726 0.005714 0.021574
0 0.393571 0.348985 0.005714 0.027919
0 0.407143 0.320431 0.005714 0.029188
0 0.407143 0.302665 0.005714 0.024112
0 0.406786 0.149746 0.003571 0.017766
0 0.408214 0.123096 0.005000 0.015228
0 0.366429 0.019670 0.004286 0.016497
0 0.374286 0.050127 0.004286 0.019036
0 0.405714 0.114848 0.004286 0.016497
0 0.601429 0.069797 0.005714 0.020305