2 0.364643 0.308095 0.033571 0.023810
2 0.463214 0.426667 0.020714 0.038095
2 0.446071 0.353333 0.016429 0.036190
2 0.449286 0.166190 0.011429 0.018095
2 0.424643 0.077143 0.007857 0.015238
2 0.489286 0.400000 0.018571 0.034286
2 0.616429 0.378571 0.022857 0.027619
2 0.328571 0.147143 0.022857 0.018095
2 0.452143 0.245714 0.014286 0.024762
2 0.457500 0.270000 0.013571 0.025714
0 0.343929 0.250000 0.005000 0.012381
0 0.345714 0.247143 0.004286 0.014286
0 0.695000 0.450476 0.005714 0.017143
0 0.697500 0.453333 0.005000 0.015238
0 0.692857 0.495714 0.007143 0.014286
2 0.491071 0.225714 0.022143 0.020952