2 0.575714 0.013959 0.005714 0.010152
2 0.595357 0.023477 0.005000 0.011421
2 0.583214 0.060279 0.007857 0.013959
2 0.544643 0.076777 0.007857 0.011421
2 0.522143 0.100888 0.008571 0.011421
2 0.520357 0.125635 0.009286 0.012690
2 0.657500 0.066624 0.010714 0.013959
2 0.674643 0.071701 0.013571 0.011421
2 0.686429 0.088832 0.007143 0.012690
2 0.759643 0.131345 0.015000 0.013959
2 0.702857 0.170051 0.008571 0.012690
2 0.707143 0.190355 0.008571 0.017766
2 0.711429 0.210025 0.010000 0.016497
2 0.719286 0.234772 0.008571 0.017766
2 0.723929 0.259518 0.010714 0.019036
2 0.731071 0.284898 0.010714 0.019036
2 0.743214 0.391497 0.012143 0.021574
2 0.761071 0.255711 0.010714 0.016497
2 0.794643 0.352157 0.019286 0.013959
2 0.798214 0.361675 0.019286 0.015228
2 0.805357 0.390863 0.022143 0.015228
2 0.819286 0.436548 0.021429 0.017766
2 0.824643 0.458122 0.022143 0.017766
2 0.775000 0.532360 0.012857 0.029188
2 0.812500 0.934645 0.025000 0.041878
2 0.273571 0.612310 0.017143 0.029188
2 0.410714 0.580584 0.014286 0.031726
2 0.466071 0.718274 0.012143 0.038071
0 0.624286 0.391497 0.002857 0.011421
0 0.630714 0.409264 0.002857 0.011421
0 0.625000 0.417513 0.001429 0.010152
0 0.314643 0.421320 0.002143 0.012690
0 0.296786 0.446066 0.002143 0.011421
0 0.305714 0.421954 0.004286 0.011421
0 0.347500 0.364848 0.002143 0.008883
0 0.375714 0.330584 0.002857 0.011421
0 0.386071 0.315355 0.002143 0.008883
2 0.278214 0.390863 0.015000 0.017766
2 0.318929 0.345178 0.016429 0.020305
2 0.375000 0.282995 0.014286 0.015228
2 0.442143 0.336294 0.012857 0.017766
2 0.466786 0.266497 0.009286 0.017766
2 0.463571 0.247462 0.011429 0.017766
2 0.527143 0.365482 0.008571 0.020305
2 0.482857 0.247462 0.010000 0.017766
2 0.468214 0.229061 0.007857 0.013959
2 0.488571 0.229695 0.008571 0.015228
2 0.478571 0.229061 0.008571 0.013959
2 0.854643 0.145305 0.013571 0.019036
2 0.861786 0.170685 0.012143 0.024112
2 0.782500 0.201142 0.016429 0.013959
2 0.802500 0.270939 0.017857 0.013959
2 0.849643 0.172589 0.013571 0.020305
2 0.843929 0.219543 0.012143 0.020305
2 0.853929 0.218274 0.012143 0.022843
2 0.905714 0.218274 0.017143 0.020305
2 0.953571 0.213832 0.010000 0.021574
2 0.763214 0.041244 0.010714 0.019036
2 0.758929 0.061548 0.007857 0.013959
2 0.752500 0.055203 0.013571 0.011421
2 0.823571 0.266497 0.011429 0.022843
2 0.893214 0.240482 0.013571 0.019036
2 0.925000 0.237944 0.012857 0.021574
2 0.969643 0.237310 0.009286 0.017766
2 0.977857 0.257614 0.011429 0.020305
2 0.820714 0.286168 0.011429 0.021574