0 0.122390 0.909555 0.017223 0.045455
0 0.132046 0.907699 0.015658 0.054731
0 0.323852 0.950835 0.015136 0.050093
0 0.348121 0.966141 0.019833 0.041744
0 0.390658 0.831633 0.015136 0.045455
0 0.400052 0.821892 0.010960 0.044527
0 0.529489 0.635436 0.007829 0.018553
0 0.544363 0.657236 0.012526 0.036178
0 0.521138 0.832560 0.009916 0.045455
2 0.622651 0.759276 0.034447 0.104824
0 0.634916 0.406772 0.005741 0.019481
0 0.872390 0.974490 0.012004 0.041744
0 0.788883 0.702690 0.012004 0.041744
0 0.576200 0.267161 0.005219 0.016698
0 0.572286 0.233302 0.004697 0.015770
2 0.568633 0.164193 0.015136 0.022263
2 0.517745 0.283395 0.024008 0.023191
0 0.524008 0.203154 0.004175 0.018553
2 0.546973 0.166512 0.016701 0.017625
2 0.642745 0.166512 0.024530 0.021336
0 0.619259 0.176252 0.003653 0.012987
0 0.639614 0.089518 0.003653 0.010204
0 0.604123 0.088126 0.003653 0.011132
0 0.584290 0.094156 0.002610 0.010204
2 0.575418 0.083024 0.013048 0.015770
0 0.606472 0.062152 0.003132 0.007421
0 0.601253 0.062616 0.002088 0.008349
2 0.579854 0.025974 0.004175 0.011132
0 0.595511 0.026902 0.002088 0.005566
0 0.586378 0.012987 0.002610 0.005566
0 0.589248 0.009276 0.002088 0.005566
0 0.587161 0.002319 0.002088 0.004638
0 0.598904 0.001855 0.001566 0.003711
0 0.598121 0.015770 0.002088 0.007421
0 0.605689 0.018089 0.002610 0.008349
0 0.600731 0.016234 0.002088 0.006494
0 0.603079 0.016698 0.001566 0.005566
0 0.599687 0.020872 0.003132 0.004638