2 0.487213 0.903061 0.060021 0.051020
2 0.492171 0.861317 0.052192 0.045455
2 0.561848 0.855288 0.045407 0.038961
2 0.562891 0.816790 0.053758 0.041744
2 0.495825 0.760668 0.049061 0.042672
2 0.504436 0.697588 0.044363 0.044527
2 0.513570 0.645176 0.041754 0.034323
2 0.313413 0.931818 0.055846 0.051020
2 0.340814 0.823284 0.053236 0.051020
2 0.353079 0.773191 0.045407 0.043599
2 0.362213 0.743506 0.051148 0.041744
2 0.366388 0.715213 0.046973 0.038961
2 0.514614 0.618275 0.037578 0.032468
2 0.512526 0.598794 0.039666 0.036178
2 0.520355 0.576994 0.040710 0.027829
2 0.619259 0.559833 0.017223 0.034323
2 0.564457 0.558905 0.037056 0.028757
2 0.525052 0.525046 0.034447 0.025974
2 0.564457 0.538497 0.036013 0.028757
2 0.562370 0.516698 0.033925 0.024119
2 0.563674 0.500464 0.035491 0.025046
2 0.566545 0.435993 0.014092 0.029685
2 0.601253 0.434601 0.014614 0.028757
2 0.617693 0.435065 0.014092 0.025974
0 0.587422 0.442486 0.003653 0.020408
2 0.532620 0.373377 0.024530 0.017625
2 0.534708 0.363173 0.022443 0.021336
2 0.531837 0.352968 0.021921 0.015770
2 0.404489 0.351113 0.013570 0.023191
2 0.413361 0.322820 0.010438 0.020408
2 0.425365 0.293135 0.009395 0.018553
2 0.878914 0.409555 0.033403 0.019481
2 0.870042 0.398887 0.021921 0.018553
2 0.985125 0.134508 0.008873 0.009276