2 0.502143 0.107234 0.018571 0.064721
2 0.471429 0.265863 0.018571 0.064721
2 0.375714 0.379442 0.024286 0.081218
2 0.319286 0.630711 0.027143 0.081218
2 0.342500 0.770305 0.026429 0.101523
2 0.362500 0.562817 0.020714 0.069797
2 0.410357 0.207487 0.017857 0.062183
2 0.368214 0.225888 0.019286 0.060914
2 0.402143 0.357234 0.021429 0.069797
2 0.181429 0.604061 0.052857 0.038071
2 0.113571 0.597716 0.045714 0.040609
2 0.155000 0.505711 0.050000 0.036802
2 0.027143 0.504442 0.054286 0.039340
2 0.403214 0.007614 0.016429 0.015228