2 0.373929 0.746193 0.019286 0.060914
2 0.230357 0.277919 0.027857 0.053299
2 0.207857 0.310279 0.022857 0.057107
2 0.171786 0.421954 0.022143 0.059645
2 0.131071 0.524746 0.022143 0.057107
2 0.202857 0.560914 0.021429 0.055838
2 0.234286 0.409898 0.024286 0.055838
2 0.267500 0.407995 0.022143 0.057107
2 0.330714 0.559010 0.037143 0.041878
2 0.460714 0.429569 0.035714 0.036802
2 0.481429 0.454949 0.034286 0.039340
2 0.807143 0.194797 0.035714 0.039340
0 0.897143 0.449239 0.004286 0.010152
0 0.723214 0.196066 0.007857 0.008883
0 0.725000 0.186548 0.007143 0.010152
0 0.732857 0.189086 0.007143 0.007614
0 0.721071 0.168147 0.005000 0.011421
0 0.723929 0.174492 0.005000 0.008883