2 0.318929 0.950508 0.030714 0.040609
2 0.455000 0.838832 0.031429 0.040609
2 0.432143 0.981599 0.041429 0.034264
2 0.660714 0.766497 0.022857 0.038071
2 0.652857 0.647843 0.017143 0.021574
2 0.691786 0.676396 0.015000 0.027919
2 0.641429 0.635152 0.015714 0.021574
2 0.636429 0.618655 0.015714 0.019036
2 0.694286 0.638325 0.017143 0.022843
2 0.727857 0.624365 0.015714 0.022843
2 0.764643 0.600254 0.013571 0.022843
2 0.676429 0.595812 0.012857 0.019036
2 0.710000 0.583756 0.014286 0.017766
2 0.753214 0.559010 0.010714 0.019036
2 0.701071 0.553299 0.012143 0.015228
2 0.756786 0.526650 0.012143 0.017766
2 0.775714 0.505076 0.010000 0.012690
2 0.763571 0.498731 0.010000 0.012690
2 0.769643 0.482234 0.009286 0.012690
2 0.792500 0.486041 0.007857 0.012690
2 0.829643 0.501269 0.009286 0.012690
2 0.828214 0.484137 0.007857 0.011421
2 0.810357 0.462563 0.006429 0.008883
2 0.799643 0.448604 0.006429 0.011421
2 0.834643 0.453046 0.006429 0.012690
2 0.824643 0.440990 0.007857 0.011421
2 0.814286 0.430203 0.007143 0.010152
2 0.849643 0.444162 0.007857 0.012690
2 0.854643 0.431472 0.005000 0.012690
2 0.836071 0.423858 0.005000 0.010152
2 0.888929 0.690355 0.012143 0.017766
2 0.903929 0.692893 0.012143 0.020305
2 0.866429 0.687183 0.014286 0.019036
2 0.915714 0.737310 0.011429 0.017766
2 0.880714 0.654188 0.011429 0.019036
2 0.893929 0.600254 0.007857 0.012690
2 0.927143 0.637056 0.011429 0.025381
2 0.930357 0.610406 0.007857 0.015228
2 0.926071 0.559645 0.007857 0.012690
2 0.936429 0.572970 0.008571 0.021574
2 0.841786 0.411168 0.005000 0.012690
2 0.834286 0.411802 0.004286 0.008883
2 0.862143 0.415609 0.004286 0.006345
2 0.856786 0.399746 0.003571 0.007614
2 0.862500 0.403553 0.005000 0.010152
0 0.802143 0.812817 0.005714 0.016497
0 0.833571 0.777284 0.005714 0.016497
0 0.932857 0.932107 0.005714 0.024112
0 0.910714 0.850254 0.007143 0.017766
0 0.919643 0.848985 0.005000 0.017766
0 0.751429 0.840736 0.005714 0.016497
0 0.756786 0.836294 0.005000 0.020305
2 0.959643 0.940355 0.027857 0.027919
0 0.527857 0.680203 0.004286 0.012690
0 0.536786 0.667513 0.003571 0.012690
0 0.538929 0.666244 0.003571 0.012690
0 0.547857 0.656726 0.002857 0.013959
0 0.550714 0.656726 0.002857 0.016497
0 0.557857 0.649112 0.005714 0.011421
0 0.664643 0.559010 0.003571 0.011421
2 0.741429 0.545051 0.010000 0.013959
2 0.916786 0.722716 0.009286 0.019036
2 0.867857 0.663071 0.011429 0.019036
2 0.869643 0.648477 0.010714 0.015228
2 0.873929 0.635152 0.009286 0.016497
2 0.885714 0.593909 0.008571 0.017766
2 0.882857 0.601523 0.008571 0.012690
2 0.880714 0.609772 0.011429 0.013959
2 0.877857 0.619924 0.011429 0.013959