2 0.142143 0.790000 0.255714 0.303810
2 0.362143 0.395714 0.098571 0.115238
2 0.415357 0.322381 0.070714 0.080952
2 0.858571 0.556190 0.161429 0.142857
2 0.805000 0.458095 0.130000 0.123810
2 0.764286 0.377619 0.105714 0.077143
2 0.735357 0.330952 0.117857 0.079048
2 0.706071 0.309048 0.112143 0.056190
2 0.692857 0.278571 0.108571 0.060000
2 0.688571 0.260476 0.102857 0.061905
2 0.428571 0.271905 0.067143 0.054286
2 0.446071 0.240952 0.047857 0.041905
2 0.464286 0.216667 0.041429 0.044762
2 0.371071 0.181905 0.063571 0.036190
2 0.454286 0.179048 0.062857 0.026667
2 0.487143 0.171905 0.024286 0.033333
2 0.493929 0.151905 0.020714 0.023810
2 0.500000 0.142857 0.022857 0.019048
2 0.470357 0.137619 0.022143 0.025714
2 0.507500 0.130952 0.033571 0.023810
2 0.521786 0.119048 0.020714 0.024762
2 0.617143 0.150952 0.047143 0.025714
2 0.623929 0.163810 0.049286 0.030476
2 0.632500 0.175238 0.052143 0.030476
2 0.655714 0.184286 0.060000 0.033333
2 0.658214 0.198571 0.062143 0.033333
2 0.635000 0.207143 0.061429 0.035238
2 0.653571 0.217619 0.062857 0.031429
2 0.670357 0.230952 0.069286 0.039048
2 0.779643 0.190000 0.076429 0.040952