0 0.674250 0.781667 0.021500 0.050000
0 0.500750 0.764333 0.018500 0.051333
2 0.427500 0.720000 0.080000 0.062667
2 0.337250 0.697000 0.091500 0.058000
2 0.452750 0.629333 0.083500 0.065333
2 0.542500 0.664333 0.083000 0.054000
2 0.247500 0.588667 0.050000 0.049333
2 0.480250 0.494667 0.036500 0.029333
2 0.504500 0.572000 0.072000 0.046667
2 0.570000 0.524667 0.057000 0.033333
2 0.640250 0.470000 0.044500 0.022667
2 0.670750 0.452000 0.038500 0.022667
2 0.687500 0.443000 0.042000 0.026000
2 0.699750 0.436000 0.034500 0.024000
2 0.702250 0.431667 0.040500 0.022000
2 0.662000 0.399000 0.023000 0.020667
2 0.674500 0.366000 0.030000 0.013333
2 0.711500 0.357667 0.023000 0.014000
0 0.782750 0.356333 0.004500 0.010000
2 0.939250 0.498000 0.031500 0.041333
2 0.971000 0.424667 0.022000 0.025333
2 0.991000 0.458333 0.018000 0.034000
2 0.994500 0.378000 0.011000 0.020000
2 0.993500 0.347667 0.013000 0.014000