0 0.275714 0.731429 0.017143 0.078095
0 0.288929 0.822857 0.039286 0.102857
0 0.323214 0.845714 0.043571 0.100952
0 0.358214 0.810952 0.022143 0.100000
0 0.381429 0.769524 0.017143 0.081905
0 0.244286 0.606190 0.014286 0.052381
0 0.451071 0.675714 0.015000 0.067619
0 0.571786 0.630476 0.012143 0.057143
0 0.586786 0.627619 0.016429 0.060952
0 0.640357 0.684762 0.019286 0.076190
0 0.656071 0.678095 0.017857 0.078095
0 0.666429 0.697143 0.025714 0.076190
0 0.243571 0.431905 0.004286 0.010476
0 0.566786 0.527143 0.007857 0.033333
0 0.558571 0.520476 0.008571 0.031429
0 0.596429 0.540476 0.010000 0.033333
0 0.620714 0.544762 0.008571 0.032381
0 0.610714 0.540952 0.011429 0.028571
0 0.634286 0.547143 0.011429 0.040952
0 0.645714 0.540000 0.008571 0.030476
0 0.641071 0.533333 0.006429 0.030476
0 0.617143 0.533333 0.007143 0.034286
0 0.610357 0.522381 0.007857 0.031429
0 0.593214 0.512857 0.006429 0.031429
0 0.596429 0.512857 0.004286 0.027619
0 0.632857 0.522381 0.007143 0.031429
0 0.566429 0.477619 0.004286 0.020000
0 0.561071 0.475238 0.005000 0.019048
0 0.586429 0.476190 0.004286 0.019048
0 0.583571 0.474762 0.002857 0.018095
2 0.600357 0.448095 0.023571 0.012381
0 0.252500 0.600476 0.010714 0.054286