2 0.086000 0.750333 0.172000 0.236667
2 0.351250 0.400000 0.118500 0.126667
2 0.440500 0.410667 0.101000 0.122667
2 0.344500 0.250667 0.119000 0.076000
2 0.403750 0.199000 0.104500 0.062000
2 0.673500 0.309667 0.122000 0.078000
2 0.731500 0.280333 0.125000 0.075333
2 0.643500 0.097667 0.049000 0.044667
2 0.744500 0.084333 0.071000 0.044667
2 0.709000 0.064333 0.083000 0.036667
2 0.743250 0.041000 0.068500 0.040667
2 0.736250 0.029000 0.064500 0.035333
2 0.743500 0.022000 0.049000 0.029333
0 0.727250 0.009667 0.007500 0.019333
2 0.490500 0.087333 0.063000 0.045333
2 0.511500 0.054000 0.061000 0.034667
2 0.524750 0.044333 0.068500 0.038000
2 0.578750 0.044333 0.031500 0.039333
0 0.239000 0.347333 0.024000 0.069333
0 0.238250 0.334333 0.021500 0.059333
0 0.539250 0.250667 0.019500 0.060000
0 0.837750 0.547667 0.026500 0.070000
0 0.891500 0.526333 0.033000 0.059333
0 0.665750 0.495000 0.028500 0.051333
0 0.717250 0.413667 0.024500 0.042000
0 0.740500 0.310667 0.017000 0.058667