0 0.260714 0.318528 0.008571 0.038071
0 0.250000 0.308376 0.011429 0.038071
0 0.248214 0.590102 0.019286 0.030457
0 0.742500 0.761421 0.016429 0.053299
0 0.463929 0.421954 0.007857 0.036802
0 0.461429 0.349619 0.007143 0.034264
0 0.414643 0.227792 0.009286 0.026650
0 0.398214 0.190355 0.009286 0.032995
0 0.382143 0.145939 0.008571 0.030457
0 0.381786 0.102792 0.006429 0.027919
0 0.428929 0.293782 0.007857 0.036802
2 0.684643 0.406091 0.067857 0.068528
0 0.597857 0.152919 0.005714 0.019036
0 0.602857 0.144036 0.007143 0.029188
0 0.668929 0.168147 0.007857 0.031726
0 0.739286 0.190990 0.007143 0.031726
0 0.736429 0.185279 0.008571 0.032995
0 0.751786 0.187183 0.012143 0.036802