0 0.402143 0.575238 0.017143 0.066667
0 0.448571 0.414286 0.015714 0.047619
0 0.423214 0.378571 0.017857 0.044762
0 0.436786 0.187143 0.013571 0.037143
0 0.486429 0.110476 0.007143 0.032381
0 0.540357 0.206190 0.007857 0.039048
2 0.326071 0.438571 0.063571 0.080952
2 0.087143 0.465238 0.097143 0.107619
2 0.213571 0.270476 0.062857 0.060952
2 0.294286 0.149048 0.038571 0.052381
2 0.319286 0.109524 0.032857 0.043810
2 0.258571 0.207619 0.051429 0.064762
2 0.438929 0.105714 0.027857 0.038095
2 0.352857 0.065238 0.025714 0.031429
2 0.547143 0.184762 0.057143 0.047619
2 0.555000 0.142381 0.060000 0.035238
2 0.549643 0.092857 0.055000 0.031429
2 0.547857 0.073810 0.038571 0.029524
2 0.546429 0.062857 0.051429 0.028571
2 0.505714 0.113810 0.027143 0.035238
2 0.446786 0.078095 0.023571 0.028571
2 0.508929 0.040476 0.019286 0.025714
2 0.541071 0.027619 0.037857 0.022857
2 0.538929 0.021429 0.039286 0.021905
0 0.505000 0.173333 0.011429 0.038095
0 0.478214 0.088571 0.009286 0.026667
0 0.508929 0.009048 0.006429 0.018095
2 0.457500 0.048095 0.020714 0.025714
2 0.461786 0.029048 0.019286 0.021905
2 0.386071 0.018571 0.023571 0.025714
0 0.341429 0.114762 0.010000 0.027619
0 0.240000 0.314762 0.018571 0.046667