2 0.401786 0.345812 0.015000 0.029188
2 0.433571 0.434645 0.017143 0.044416
2 0.460000 0.457487 0.020000 0.044416
2 0.432143 0.180838 0.012857 0.021574
2 0.431071 0.140228 0.010714 0.021574
2 0.447143 0.132614 0.010000 0.021574
2 0.446429 0.097716 0.008571 0.017766
2 0.422857 0.061548 0.008571 0.019036
2 0.442500 0.897208 0.029286 0.091371
2 0.513214 0.609772 0.017857 0.064721
2 0.521071 0.329315 0.013571 0.029188
2 0.495357 0.324873 0.012143 0.025381
2 0.485000 0.276650 0.011429 0.022843
2 0.473571 0.170051 0.007143 0.017766
2 0.466786 0.140863 0.012143 0.017766
0 0.498571 0.289975 0.002857 0.016497
0 0.501429 0.289975 0.004286 0.019036
0 0.541429 0.281091 0.002857 0.011421
0 0.547143 0.479061 0.005714 0.019036
0 0.288214 0.808376 0.006429 0.035533
0 0.298571 0.724619 0.007143 0.025381
0 0.293571 0.717640 0.007143 0.026650
0 0.266071 0.884518 0.006429 0.025381