2 0.514643 0.661802 0.047857 0.049492
2 0.515714 0.506345 0.044286 0.040609
2 0.437500 0.460660 0.025000 0.065990
2 0.530000 0.417513 0.041429 0.035533
2 0.486429 0.359137 0.021429 0.053299
2 0.528929 0.376904 0.037857 0.050761
2 0.535714 0.303934 0.040000 0.031726
2 0.533214 0.227792 0.035000 0.034264
2 0.575714 0.291878 0.015714 0.045685
2 0.617143 0.389594 0.038571 0.032995
2 0.643571 0.349619 0.032857 0.046954
2 0.687500 0.305838 0.019286 0.058376
2 0.635714 0.250635 0.042857 0.036802
2 0.633929 0.214467 0.035000 0.027919
2 0.630714 0.126269 0.034286 0.029188
2 0.637143 0.098985 0.024286 0.025381
2 0.700714 0.134518 0.015714 0.040609
2 0.713571 0.406091 0.048571 0.040609
2 0.728571 0.567259 0.048571 0.040609
2 0.624643 0.841371 0.052143 0.045685
2 0.642500 0.800761 0.056429 0.043147
2 0.630000 0.670051 0.047143 0.040609
2 0.629286 0.631980 0.048571 0.045685
2 0.628571 0.597081 0.051429 0.046954
2 0.623571 0.560279 0.042857 0.036802
2 0.618571 0.510787 0.035714 0.034264
2 0.621071 0.484137 0.046429 0.041878
2 0.274643 0.675127 0.047857 0.045685
2 0.286429 0.575508 0.051429 0.041878
2 0.317143 0.462563 0.050000 0.031726
2 0.391429 0.068528 0.032857 0.025381
2 0.413571 0.019670 0.017143 0.036802
2 0.435714 0.107868 0.015714 0.045685
2 0.543214 0.117386 0.035000 0.026650
2 0.542857 0.064086 0.031429 0.029188
2 0.634286 0.977157 0.058571 0.043147
2 0.637500 0.932107 0.037857 0.052030
2 0.686786 0.052665 0.013571 0.036802
2 0.630000 0.071066 0.031429 0.022843
2 0.621071 0.052030 0.030714 0.027919
2 0.708929 0.032360 0.017857 0.034264
0 0.502857 0.161168 0.005714 0.015228
0 0.493214 0.399112 0.005000 0.013959
0 0.501786 0.394036 0.005000 0.026650
0 0.512143 0.312817 0.004286 0.021574
0 0.652143 0.050127 0.005714 0.021574
0 0.600000 0.013959 0.005714 0.015228
0 0.673214 0.127538 0.005000 0.024112
0 0.687500 0.138959 0.006429 0.021574
0 0.660357 0.130076 0.005000 0.021574
0 0.664286 0.125635 0.005714 0.022843
0 0.713571 0.179569 0.005714 0.019036
0 0.682500 0.365482 0.007857 0.022843
0 0.708571 0.631345 0.007143 0.026650
0 0.679643 0.717005 0.007857 0.022843
0 0.702500 0.803299 0.009286 0.022843
0 0.705714 0.855330 0.007143 0.022843
0 0.737500 0.944162 0.007857 0.022843
0 0.737500 0.974619 0.010714 0.022843
0 0.464643 0.663071 0.007857 0.024112
2 0.210357 0.979695 0.053571 0.032995
2 0.599286 0.251904 0.020000 0.052030