2 0.967857 0.377619 0.060000 0.042857
2 0.940714 0.413810 0.055714 0.044762
2 0.924643 0.420476 0.063571 0.048571
2 0.906071 0.447619 0.102143 0.083810
0 0.894643 0.321905 0.006429 0.015238
0 0.909286 0.326667 0.008571 0.020952
0 0.913214 0.328571 0.007857 0.020952
0 0.910000 0.346667 0.007143 0.019048
0 0.916071 0.337143 0.006429 0.017143
0 0.874643 0.371429 0.010714 0.024762
0 0.858929 0.416190 0.007857 0.015238
0 0.708214 0.411429 0.009286 0.024762
0 0.706429 0.401429 0.008571 0.021905
0 0.740714 0.549524 0.011429 0.030476
2 0.427500 0.040952 0.010714 0.017143
2 0.435357 0.068571 0.013571 0.020952
2 0.440357 0.082381 0.015000 0.023810
2 0.445357 0.106190 0.010714 0.021905
2 0.450714 0.123333 0.017143 0.023810
2 0.590714 0.282381 0.027143 0.037143
0 0.627500 0.302857 0.007857 0.024762
2 0.213571 0.332857 0.028571 0.046667
0 0.294643 0.308571 0.007857 0.024762
2 0.369643 0.380952 0.059286 0.034286
2 0.357857 0.411429 0.060000 0.036190
0 0.538929 0.513810 0.006429 0.014286
0 0.467143 0.666190 0.008571 0.033333
0 0.232857 0.576667 0.012857 0.029524
2 0.285714 0.642381 0.091429 0.052381
2 0.027143 0.407143 0.054286 0.050476
2 0.095357 0.950952 0.112143 0.084762
0 0.650714 0.860000 0.017143 0.030476
2 0.473571 0.847143 0.095714 0.077143
2 0.589286 0.924286 0.095714 0.101905
0 0.525000 0.946190 0.012857 0.029524
2 0.016071 0.394286 0.032143 0.053333