2 0.473214 0.717640 0.017857 0.054569
2 0.583571 0.600888 0.017143 0.046954
2 0.515000 0.135152 0.008571 0.021574
2 0.513571 0.050127 0.008571 0.016497
2 0.547857 0.058376 0.005714 0.015228
2 0.496429 0.059645 0.007143 0.015228
2 0.498214 0.038071 0.006429 0.012690
2 0.485714 0.417513 0.012857 0.032995
2 0.549286 0.028553 0.010000 0.019036
2 0.390714 0.326777 0.024286 0.026650
2 0.393929 0.314721 0.017857 0.020305
2 0.080000 0.855964 0.030000 0.072335
2 0.239643 0.934645 0.036429 0.072335
2 0.511786 0.865482 0.019286 0.073604