0 0.325357 0.177619 0.010714 0.025714
0 0.488214 0.009048 0.007857 0.016190
0 0.519286 0.071429 0.005714 0.026667
0 0.548571 0.084762 0.007143 0.022857
0 0.567857 0.132857 0.005714 0.020000
0 0.528214 0.125238 0.007857 0.023810
0 0.515000 0.150952 0.008571 0.035238
0 0.503929 0.160476 0.009286 0.027619
0 0.515714 0.277619 0.008571 0.021905
0 0.517500 0.269524 0.009286 0.022857
0 0.684286 0.052381 0.010000 0.022857
0 0.872143 0.312381 0.018571 0.017143
0 0.757857 0.859524 0.021429 0.012381
0 0.756786 0.844762 0.022143 0.015238
0 0.673214 0.773810 0.017857 0.018095
2 0.679643 0.926190 0.040714 0.130476
2 0.828571 0.784286 0.047143 0.109524
0 0.950000 0.743810 0.020000 0.009524
0 0.813929 0.465714 0.015000 0.022857
0 0.863571 0.501429 0.012857 0.023810
0 0.848214 0.515714 0.017857 0.018095
0 0.871071 0.540952 0.015000 0.017143
0 0.835714 0.563333 0.020000 0.021905
0 0.907857 0.612381 0.017143 0.011429
0 0.857143 0.630952 0.012857 0.016190
2 0.580357 0.895714 0.087857 0.056190
2 0.585000 0.816190 0.084286 0.051429
2 0.590714 0.689524 0.071429 0.049524
0 0.526071 0.898095 0.010714 0.017143
0 0.526786 0.926667 0.012143 0.013333
0 0.536429 0.867143 0.010000 0.021905
0 0.507500 0.813333 0.010714 0.019048
0 0.507143 0.897619 0.011429 0.020000
0 0.496429 0.916190 0.008571 0.017143
0 0.546429 0.643810 0.014286 0.017143
0 0.559643 0.748095 0.016429 0.016190
0 0.668571 0.626667 0.011429 0.015238
2 0.572143 0.483810 0.081429 0.047619
2 0.654643 0.402857 0.035000 0.099048
2 0.653929 0.307143 0.035000 0.092381
0 0.642500 0.460476 0.007857 0.012381
0 0.524643 0.478095 0.010714 0.019048
0 0.475000 0.393333 0.008571 0.015238
0 0.620357 0.298095 0.010714 0.028571
0 0.608929 0.301905 0.009286 0.022857