2 0.633500 0.788000 0.071000 0.170667
0 0.519500 0.794000 0.016000 0.029333
0 0.452000 0.820667 0.017000 0.025333
0 0.395500 0.797667 0.010000 0.019333
0 0.409250 0.810000 0.025500 0.029333
0 0.445000 0.799667 0.015000 0.027333
0 0.447000 0.775000 0.014000 0.023333
0 0.502500 0.676000 0.017000 0.025333
0 0.466250 0.590000 0.009500 0.037333
0 0.459500 0.530667 0.018000 0.028000
0 0.543750 0.484000 0.015500 0.021333
0 0.468250 0.320333 0.011500 0.038000
0 0.424750 0.222667 0.010500 0.021333
0 0.460000 0.182667 0.011000 0.036000
0 0.469000 0.183000 0.010000 0.036667
2 0.435250 0.069667 0.030500 0.062000
0 0.459000 0.132333 0.011000 0.035333
0 0.447250 0.131000 0.012500 0.031333
2 0.471250 0.024000 0.028500 0.048000
0 0.441750 0.013000 0.014500 0.026000
0 0.424500 0.023000 0.010000 0.028667
0 0.420750 0.015000 0.005500 0.030000
0 0.546750 0.151000 0.015500 0.034000
0 0.506500 0.142333 0.011000 0.019333
0 0.505750 0.136333 0.011500 0.030000