2 0.007500 0.229000 0.015000 0.012667
2 0.012750 0.225000 0.017500 0.011333
2 0.021000 0.210333 0.023000 0.012667
2 0.028750 0.205667 0.019500 0.011333
2 0.035250 0.201667 0.015500 0.011333
2 0.044250 0.198000 0.015500 0.010667
0 0.031250 0.238667 0.004500 0.012000
2 0.144500 0.249667 0.015000 0.012667
2 0.130000 0.249333 0.015000 0.013333
2 0.116500 0.250000 0.014000 0.012000
2 0.100500 0.249333 0.019000 0.017333
2 0.085500 0.250000 0.015000 0.013333
2 0.073000 0.249667 0.015000 0.015333
2 0.189750 0.291000 0.017500 0.022000
2 0.173000 0.294667 0.016000 0.018667
2 0.155500 0.296000 0.016000 0.017333
2 0.139750 0.296667 0.014500 0.016000
2 0.123500 0.295667 0.015000 0.018000
2 0.088000 0.298000 0.019000 0.017333
2 0.066000 0.301333 0.018000 0.013333
2 0.259750 0.247000 0.011500 0.019333
2 0.738500 0.107667 0.012000 0.007333
2 0.750000 0.176667 0.016000 0.009333
2 0.774500 0.177000 0.019000 0.008667
2 0.735000 0.244333 0.020000 0.010000
2 0.743750 0.255333 0.022500 0.010667
2 0.063000 0.612667 0.053000 0.030667
2 0.133750 0.607667 0.054500 0.028667
2 0.123500 0.652667 0.055000 0.032000
2 0.205000 0.603333 0.049000 0.029333
2 0.197500 0.627000 0.034000 0.027333
2 0.271750 0.599000 0.038500 0.024667
2 0.256750 0.621000 0.046500 0.022000
2 0.848250 0.353333 0.018500 0.020000
2 0.865000 0.386667 0.023000 0.018667
2 0.880000 0.402667 0.022000 0.028000
2 0.909750 0.398000 0.028500 0.026667
2 0.939500 0.443000 0.022000 0.031333
2 0.970250 0.405000 0.022500 0.023333
2 0.960500 0.443667 0.025000 0.032667
2 0.993250 0.402667 0.012500 0.024000
2 0.994250 0.446000 0.011500 0.025333
2 0.979500 0.444333 0.022000 0.034000
2 0.863750 0.434667 0.033500 0.025333
2 0.992000 0.484667 0.016000 0.022667
2 0.954000 0.491333 0.040000 0.022667
2 0.965250 0.508000 0.042500 0.022667
2 0.966000 0.545667 0.047000 0.027333
2 0.903000 0.490667 0.041000 0.020000
2 0.908500 0.507333 0.044000 0.025333
2 0.923750 0.529000 0.041500 0.023333
2 0.909000 0.546667 0.048000 0.025333
2 0.850250 0.493333 0.044500 0.022667
2 0.857250 0.510333 0.041500 0.024667
2 0.873750 0.527000 0.043500 0.023333
2 0.858500 0.548333 0.045000 0.023333
2 0.779750 0.495000 0.036500 0.022000
2 0.796750 0.511000 0.040500 0.026000
2 0.816750 0.529000 0.039500 0.023333
2 0.808750 0.550000 0.045500 0.024000
2 0.729750 0.497667 0.039500 0.020667
2 0.736500 0.515667 0.041000 0.022000
2 0.761750 0.531667 0.043500 0.023333
2 0.741500 0.552000 0.045000 0.025333
2 0.628250 0.518000 0.041500 0.024000
2 0.678000 0.516000 0.041000 0.022667
2 0.629000 0.555000 0.042000 0.024667
2 0.679750 0.554000 0.043500 0.025333
0 0.901500 0.444000 0.008000 0.014667
0 0.871000 0.454000 0.008000 0.013333
0 0.854750 0.450000 0.006500 0.014667
0 0.858000 0.454000 0.006000 0.013333
0 0.683500 0.449333 0.006000 0.010667
0 0.637250 0.459333 0.003500 0.016000
0 0.619750 0.461667 0.006500 0.012667
0 0.514750 0.463667 0.004500 0.015333
0 0.546250 0.486000 0.006500 0.013333
0 0.578250 0.480667 0.008500 0.018667
0 0.606250 0.470333 0.004500 0.007333
2 0.458750 0.456000 0.014500 0.021333
0 0.392250 0.479000 0.005500 0.020667
0 0.362250 0.470333 0.005500 0.016667
0 0.143000 0.494000 0.006000 0.016000
0 0.155250 0.471333 0.004500 0.013333
0 0.063750 0.502667 0.006500 0.013333
0 0.065250 0.493667 0.007500 0.012667
0 0.917500 0.386333 0.004000 0.015333
2 0.757000 0.191667 0.012000 0.012667
2 0.775500 0.189333 0.015000 0.014667
0 0.430750 0.588333 0.005500 0.015333
0 0.448250 0.619333 0.006500 0.016000
2 0.548250 0.662333 0.038500 0.043333
0 0.631000 0.673667 0.006000 0.016667
0 0.690250 0.667667 0.009500 0.019333
0 0.779750 0.663000 0.009500 0.016667
0 0.809000 0.665333 0.008000 0.016000
0 0.829000 0.655333 0.011000 0.017333
0 0.951250 0.648667 0.007500 0.014667
0 0.975750 0.671333 0.010500 0.016000
0 0.228000 0.686667 0.010000 0.017333
0 0.250500 0.700000 0.008000 0.017333
0 0.312750 0.677667 0.009500 0.016667
0 0.383750 0.752000 0.007500 0.022667
0 0.419250 0.744667 0.007500 0.025333
0 0.413250 0.725000 0.009500 0.019333
0 0.411500 0.708333 0.010000 0.014000
0 0.507500 0.789667 0.006000 0.020667
0 0.568250 0.844000 0.008500 0.026667
2 0.510750 0.874667 0.028500 0.077333
0 0.404250 0.886000 0.008500 0.018667
0 0.365500 0.973333 0.007000 0.026667
0 0.377250 0.973333 0.009500 0.029333
0 0.409250 0.996000 0.009500 0.008000
0 0.589750 0.938667 0.010500 0.026667
0 0.274000 0.773333 0.012000 0.022667