2 0.020714 0.530457 0.018571 0.040609
2 0.058214 0.547589 0.022143 0.044416
0 0.284643 0.343274 0.005000 0.013959
2 0.268571 0.355330 0.012857 0.038071
2 0.061429 0.484772 0.021429 0.038071
0 0.278571 0.434645 0.005714 0.013959
2 0.912500 0.255076 0.022143 0.032995
2 0.856071 0.110406 0.019286 0.030457
2 0.858929 0.185279 0.016429 0.025381
2 0.946786 0.199239 0.019286 0.027919
0 0.914286 0.003807 0.004286 0.007614
0 0.947500 0.055203 0.003571 0.008883
0 0.961071 0.064721 0.003571 0.012690
0 0.927143 0.060914 0.004286 0.012690
0 0.974643 0.115482 0.006429 0.012690
0 0.978214 0.116117 0.005000 0.008883
0 0.979286 0.147843 0.004286 0.008883
0 0.981786 0.147208 0.005000 0.007614
0 0.976429 0.151650 0.005714 0.006345