2 0.108214 0.975254 0.015000 0.046954
0 0.092857 0.356599 0.004286 0.012690
0 0.006429 0.584391 0.005714 0.006345
2 0.188571 0.623096 0.010000 0.035533
0 0.006429 0.755076 0.005714 0.010152
2 0.293214 0.613579 0.009286 0.039340
2 0.898929 0.809010 0.019286 0.044416
2 0.878929 0.745558 0.016429 0.039340
2 0.915714 0.073604 0.017143 0.020305
2 0.805000 0.007614 0.015714 0.015228
2 0.779643 0.008249 0.016429 0.016497
0 0.870357 0.005711 0.003571 0.008883
0 0.857857 0.061548 0.002857 0.011421
0 0.886786 0.016497 0.003571 0.007614
0 0.890714 0.012690 0.002857 0.007614
0 0.894286 0.020305 0.002857 0.007614
0 0.898929 0.021574 0.003571 0.007614
0 0.903571 0.024746 0.002857 0.006345
0 0.915357 0.024746 0.003571 0.011421
0 0.776429 0.184010 0.004286 0.010152
0 0.771429 0.192259 0.002857 0.008883
0 0.807143 0.344543 0.005714 0.011421
0 0.812857 0.347716 0.004286 0.010152
0 0.820357 0.346447 0.003571 0.010152
0 0.822500 0.335025 0.003571 0.010152
0 0.828571 0.338832 0.004286 0.012690
0 0.677500 0.315990 0.002143 0.007614
0 0.679286 0.316624 0.002857 0.008883
0 0.692857 0.308376 0.002857 0.010152
0 0.666786 0.346447 0.002143 0.007614
0 0.641786 0.355330 0.003571 0.010152
0 0.648214 0.394036 0.003571 0.008883
0 0.728571 0.184645 0.002857 0.008883
0 0.720357 0.201777 0.003571 0.010152
2 0.721786 0.521574 0.020714 0.027919
2 0.694643 0.490482 0.020714 0.029188
2 0.665714 0.454315 0.018571 0.027919
2 0.642143 0.422589 0.020000 0.030457
2 0.619643 0.396574 0.019286 0.029188
2 0.627143 0.835025 0.018571 0.045685
2 0.524643 0.529822 0.017857 0.031726
2 0.434286 0.378807 0.014286 0.029188
2 0.420000 0.310914 0.014286 0.030457
2 0.363571 0.434645 0.011429 0.031726
0 0.526786 0.209391 0.002143 0.010152
0 0.569643 0.279822 0.002143 0.008883
2 0.370000 0.356599 0.011429 0.022843
2 0.357143 0.388959 0.011429 0.026650
2 0.336071 0.316624 0.010714 0.026650
2 0.312143 0.421320 0.018571 0.025381
2 0.307500 0.326142 0.017857 0.022843
2 0.326429 0.229695 0.011429 0.025381
2 0.305714 0.206853 0.008571 0.022843
2 0.306071 0.311548 0.017857 0.021574
2 0.302500 0.271574 0.015000 0.020305
2 0.296429 0.260787 0.018571 0.021574
2 0.290000 0.237310 0.018571 0.020305
2 0.448571 0.140863 0.014286 0.025381
2 0.471429 0.138325 0.014286 0.025381
0 0.481786 0.111675 0.002143 0.010152
2 0.310357 0.176396 0.007857 0.020305
2 0.276071 0.104061 0.007857 0.022843
2 0.326429 0.093274 0.007143 0.019036
2 0.278571 0.067893 0.007143 0.019036
2 0.296429 0.126269 0.010000 0.024112
2 0.249643 0.078046 0.010714 0.021574
2 0.255000 0.096447 0.007143 0.025381
0 0.085714 0.130711 0.004286 0.012690
0 0.088214 0.128173 0.003571 0.007614
2 0.139643 0.045051 0.010714 0.019036