2 0.257500 0.739048 0.103571 0.066667
2 0.054286 0.773333 0.104286 0.064762
2 0.151429 0.692381 0.098571 0.062857
2 0.256071 0.668095 0.082143 0.056190
2 0.369643 0.641905 0.087857 0.062857
2 0.569286 0.673810 0.091429 0.058095
2 0.487857 0.621905 0.087143 0.059048
2 0.443214 0.565714 0.082143 0.057143
2 0.595357 0.595714 0.082143 0.052381
2 0.782143 0.650952 0.094286 0.063810
2 0.804643 0.496190 0.085000 0.066667
2 0.820000 0.227619 0.050000 0.060952
2 0.775714 0.225238 0.045714 0.058095
2 0.730714 0.209048 0.040000 0.058095
2 0.704643 0.159524 0.032143 0.048571
2 0.743929 0.167143 0.037857 0.050476
2 0.775000 0.157619 0.038571 0.048571
2 0.725000 0.085714 0.032857 0.047619
2 0.681071 0.069524 0.033571 0.043810
2 0.661071 0.024762 0.026429 0.038095
0 0.620714 0.155714 0.007143 0.016190
0 0.636071 0.151905 0.006429 0.012381
0 0.705714 0.344286 0.010000 0.014286
0 0.728571 0.327619 0.010000 0.017143
0 0.710000 0.321429 0.007143 0.018095
0 0.706429 0.319524 0.008571 0.023810
0 0.631786 0.197143 0.007857 0.015238
0 0.640000 0.192857 0.008571 0.014286
0 0.700357 0.566667 0.016429 0.026667
0 0.722500 0.789048 0.017857 0.018095
0 0.740357 0.861905 0.016429 0.026667
0 0.762500 0.879524 0.025000 0.018095
0 0.674643 0.711905 0.010714 0.020000
0 0.665000 0.778571 0.010000 0.021905
0 0.711429 0.722381 0.010000 0.020000
0 0.751429 0.710952 0.012857 0.027619
0 0.603929 0.741905 0.013571 0.024762
0 0.782857 0.803333 0.012857 0.023810
0 0.775714 0.772381 0.011429 0.028571
0 0.976429 0.423810 0.011429 0.022857