2 0.690501 0.930891 0.077244 0.075139
2 0.631524 0.830241 0.074113 0.072356
0 0.760699 0.915584 0.010960 0.038961
0 0.754697 0.903061 0.014614 0.045455
0 0.634395 0.785250 0.013048 0.036178
0 0.599426 0.516698 0.007829 0.025974
0 0.513831 0.393785 0.005741 0.017625
2 0.506785 0.316790 0.028184 0.023191
2 0.512265 0.290816 0.027662 0.019481
0 0.524008 0.232839 0.002088 0.009276
0 0.524269 0.232375 0.003653 0.012059
2 0.492432 0.243506 0.010960 0.023191
2 0.458507 0.258349 0.012004 0.019481
2 0.507307 0.218924 0.021921 0.014842
2 0.417797 0.171614 0.006785 0.012987
2 0.474948 0.144712 0.007307 0.011132
2 0.472077 0.187848 0.017223 0.012059
0 0.497912 0.186920 0.002088 0.010204
0 0.500000 0.187384 0.003132 0.011132
0 0.502349 0.185529 0.002610 0.012987
0 0.497651 0.185065 0.002610 0.012059
0 0.439196 0.096939 0.002610 0.006494
2 0.427453 0.078386 0.005219 0.006494
2 0.410230 0.080705 0.007307 0.007421
0 0.438674 0.070501 0.001566 0.005566
2 0.422234 0.059369 0.005219 0.009276
2 0.409708 0.090909 0.008351 0.007421