2 0.427500 0.546667 0.062143 0.051429
2 0.591429 0.503810 0.060000 0.047619
2 0.588214 0.446190 0.056429 0.035238
2 0.715714 0.493810 0.064286 0.037143
2 0.816071 0.450476 0.062143 0.030476
2 0.902143 0.480476 0.052857 0.031429
2 0.117857 0.593333 0.078571 0.066667
2 0.032857 0.725238 0.065714 0.079048
2 0.174643 0.414286 0.033571 0.043810
2 0.268214 0.348095 0.029286 0.037143
2 0.300357 0.309048 0.042143 0.020000
2 0.211071 0.289524 0.023571 0.022857
2 0.180357 0.256667 0.015000 0.021905
2 0.136071 0.218571 0.017857 0.018095
2 0.076429 0.132857 0.011429 0.010476