2 0.640000 0.937143 0.017143 0.045714
2 0.580357 0.652381 0.015000 0.043810
2 0.612143 0.482857 0.017143 0.040000
2 0.592500 0.343333 0.016429 0.046667
2 0.693929 0.579048 0.033571 0.022857
2 0.837857 0.666190 0.038571 0.027619
2 0.976071 0.671429 0.033571 0.020952
0 0.596786 0.193810 0.005000 0.008571
0 0.592857 0.153810 0.004286 0.014286
0 0.598214 0.154286 0.005000 0.013333
0 0.588571 0.149524 0.004286 0.013333
0 0.595000 0.143333 0.004286 0.008571
0 0.591786 0.116667 0.003571 0.010476
0 0.595357 0.116667 0.005000 0.012381
0 0.585357 0.050476 0.005000 0.015238
0 0.583214 0.013333 0.005000 0.017143
2 0.879286 0.066190 0.037143 0.027619
0 0.021786 0.056190 0.010714 0.013333
0 0.018929 0.055238 0.009286 0.013333
0 0.080714 0.913333 0.012857 0.013333
0 0.058571 0.977143 0.014286 0.015238
0 0.064643 0.979048 0.010714 0.013333
0 0.025000 0.916190 0.014286 0.013333
0 0.042500 0.855238 0.012143 0.011429
0 0.035000 0.880000 0.012857 0.011429
0 0.029286 0.865714 0.012857 0.009524
0 0.004286 0.701429 0.004286 0.008571
0 0.007500 0.800000 0.013571 0.009524
0 0.010357 0.787619 0.015000 0.007619
0 0.007500 0.775714 0.012143 0.006667
0 0.007143 0.767619 0.012857 0.007619
0 0.007143 0.759524 0.011429 0.010476
0 0.015357 0.719048 0.009286 0.007619
0 0.013214 0.712381 0.009286 0.007619
0 0.014643 0.706190 0.009286 0.008571
0 0.012500 0.667143 0.007857 0.006667