2 0.339643 0.290952 0.047857 0.119048
2 0.562143 0.086190 0.050000 0.086667
2 0.644286 0.177143 0.088571 0.059048
2 0.661071 0.269524 0.086429 0.078095
2 0.861429 0.297143 0.078571 0.059048
2 0.869643 0.162381 0.086429 0.061905
2 0.851786 0.090000 0.090714 0.063810
2 0.963571 0.146667 0.072857 0.059048
2 0.890714 0.401429 0.097143 0.061905
2 0.920714 0.723333 0.105714 0.143810
2 0.522857 0.714762 0.055714 0.151429
2 0.441429 0.772381 0.045714 0.125714
2 0.669643 0.695238 0.097857 0.114286
2 0.312500 0.870000 0.060714 0.159048
0 0.366786 0.646667 0.017857 0.030476
0 0.595357 0.063810 0.010714 0.043810
0 0.720000 0.027619 0.014286 0.036190
0 0.724286 0.581429 0.021429 0.033333