2 0.081429 0.902857 0.161429 0.182857
2 0.556071 0.923333 0.286429 0.149524
2 0.506786 0.015714 0.086429 0.029524
2 0.491071 0.038095 0.089286 0.045714
2 0.510714 0.087619 0.094286 0.032381
2 0.516429 0.113810 0.102857 0.040952
2 0.513214 0.143810 0.097857 0.043810
2 0.521429 0.183333 0.117143 0.061905
2 0.523214 0.258095 0.132143 0.066667
2 0.517857 0.214762 0.120000 0.054286
2 0.525000 0.313333 0.137143 0.078095
2 0.525357 0.380000 0.150714 0.072381
2 0.528571 0.528571 0.155714 0.102857
2 0.540714 0.632857 0.207143 0.122857
2 0.748571 0.121905 0.097143 0.060952
2 0.646786 0.072381 0.049286 0.068571
2 0.588929 0.084762 0.062143 0.074286
0 0.562500 0.024286 0.012143 0.044762
0 0.645714 0.216190 0.018571 0.062857