0 0.177143 0.907995 0.010000 0.026650
0 0.276071 0.755711 0.010714 0.026650
0 0.355357 0.510787 0.006429 0.024112
0 0.333571 0.507614 0.007143 0.022843
0 0.306071 0.243020 0.005000 0.019036
0 0.410357 0.310279 0.005000 0.021574
0 0.406071 0.284898 0.003571 0.021574
0 0.402500 0.204949 0.003571 0.021574
0 0.402857 0.176396 0.004286 0.020305
0 0.378214 0.171954 0.005000 0.019036
0 0.442857 0.121193 0.004286 0.016497
0 0.446429 0.095812 0.004286 0.013959
2 0.457857 0.027919 0.011429 0.020305
2 0.465714 0.074873 0.010000 0.022843
2 0.465000 0.118655 0.011429 0.024112
2 0.768214 0.809010 0.022143 0.077411
2 0.793571 0.970812 0.021429 0.048223
2 0.899643 0.966371 0.060714 0.064721
2 0.891786 0.918147 0.037857 0.062183
2 0.905357 0.807741 0.052143 0.054569
2 0.906786 0.775381 0.050714 0.050761
2 0.946429 0.600888 0.037143 0.057107
2 0.990714 0.378807 0.018571 0.044416
2 0.995357 0.248731 0.009286 0.032995
2 0.951786 0.094543 0.015000 0.026650
2 0.920000 0.019036 0.014286 0.022843
2 0.897143 0.174492 0.017143 0.031726
2 0.804643 0.098985 0.012143 0.027919
2 0.773214 0.482234 0.017857 0.050761
2 0.720714 0.199873 0.014286 0.029188
2 0.723214 0.060914 0.013571 0.022843
2 0.414643 0.423858 0.022143 0.040609