2 0.264286 0.064286 0.044286 0.063810
2 0.256786 0.122381 0.037857 0.073333
2 0.245714 0.189048 0.038571 0.075238
2 0.231786 0.270952 0.043571 0.088571
2 0.222857 0.373810 0.060000 0.109524
2 0.206071 0.511429 0.067857 0.144762
2 0.172143 0.700952 0.085714 0.188571
2 0.139643 0.940952 0.092143 0.110476
2 0.083571 0.383810 0.065714 0.116190
2 0.347500 0.194762 0.045000 0.086667
2 0.629643 0.719524 0.099286 0.189524
2 0.605714 0.344762 0.047143 0.093333
0 0.510357 0.016667 0.009286 0.016190
0 0.507143 0.023333 0.008571 0.020000
0 0.503571 0.239048 0.017143 0.047619
0 0.544286 0.281905 0.017143 0.055238
2 0.551429 0.013333 0.031429 0.026667
2 0.591429 0.008095 0.034286 0.016190
2 0.570714 0.060952 0.037143 0.045714
2 0.617857 0.176190 0.050000 0.074286
2 0.547143 0.155714 0.050000 0.060000
2 0.612857 0.036667 0.038571 0.042857
2 0.691071 0.163810 0.049286 0.072381
2 0.733571 0.250952 0.064286 0.080952
2 0.657143 0.299048 0.055714 0.093333
2 0.813929 0.197143 0.069286 0.072381
0 0.800357 0.267143 0.015000 0.046667
0 0.785714 0.270000 0.017143 0.042857
2 0.813571 0.422381 0.074286 0.098095
2 0.704286 0.458095 0.081429 0.118095
2 0.757500 0.436667 0.080714 0.113333
0 0.822500 0.688571 0.019286 0.043810
2 0.934643 0.934762 0.129286 0.130476
2 0.957500 0.849524 0.083571 0.203810