2 0.490605 0.876623 0.060543 0.070501
2 0.307150 0.677180 0.051670 0.038961
0 0.225470 0.653989 0.011482 0.033395
2 0.342119 0.466141 0.026618 0.026902
2 0.349426 0.439239 0.031837 0.021336
2 0.452244 0.455473 0.027662 0.027829
0 0.354123 0.422078 0.005741 0.011132
0 0.361952 0.418367 0.005741 0.014842
0 0.338205 0.398423 0.005219 0.008349
0 0.342380 0.392857 0.005219 0.019481
0 0.346033 0.364100 0.004175 0.015770
2 0.367693 0.380334 0.023486 0.020408
2 0.363779 0.371521 0.022965 0.017625
2 0.361691 0.364100 0.021921 0.023191
2 0.362213 0.330705 0.020877 0.015770
2 0.367432 0.305195 0.019833 0.016698
2 0.368998 0.301484 0.020877 0.016698
2 0.441023 0.335807 0.018789 0.020408
2 0.439457 0.329777 0.019833 0.017625
2 0.434499 0.321892 0.017223 0.016698
2 0.436065 0.314935 0.016180 0.015770
2 0.433977 0.261596 0.014092 0.012987
2 0.432150 0.251391 0.013570 0.011132
0 0.385438 0.257421 0.003653 0.006494
0 0.390136 0.256957 0.003653 0.007421
0 0.407881 0.239796 0.002610 0.006494
2 0.429019 0.223098 0.010438 0.008349
0 0.408664 0.189239 0.002088 0.005566
2 0.422234 0.145640 0.006263 0.005566
2 0.408142 0.157236 0.004175 0.008349
2 0.395094 0.165121 0.007307 0.007421
2 0.394050 0.171150 0.007307 0.006494
2 0.393528 0.145640 0.006263 0.007421
2 0.638831 0.619666 0.025052 0.061224
2 0.573330 0.383117 0.013048 0.022263
2 0.688413 0.408627 0.016701 0.028757