2 0.658929 0.887690 0.039286 0.085025
2 0.629286 0.800761 0.032857 0.078680
2 0.481786 0.592640 0.023571 0.048223
2 0.594286 0.681472 0.027143 0.060914
2 0.581071 0.607234 0.025000 0.054569
2 0.568929 0.571701 0.019286 0.041878
2 0.560000 0.534264 0.020000 0.043147
2 0.549286 0.507614 0.017143 0.043147
2 0.544643 0.486041 0.015000 0.030457
2 0.535000 0.460660 0.015714 0.035533
2 0.455714 0.429569 0.014286 0.029188
0 0.643571 0.708122 0.007143 0.027919
0 0.605000 0.551396 0.005714 0.024112
0 0.609286 0.548858 0.005714 0.024112
0 0.541429 0.361041 0.005714 0.019036
0 0.518929 0.307107 0.003571 0.015228
0 0.523929 0.298223 0.003571 0.015228
0 0.517143 0.293782 0.004286 0.013959
0 0.499286 0.267132 0.004286 0.016497
0 0.506786 0.255076 0.003571 0.015228
2 0.460357 0.347716 0.010714 0.020305
0 0.437857 0.338832 0.002857 0.012690
0 0.373214 0.317893 0.003571 0.013959
0 0.370000 0.317259 0.005714 0.015228
0 0.431071 0.256345 0.003571 0.010152
0 0.161429 0.727792 0.011429 0.029188
2 0.235000 0.646574 0.034286 0.069797
2 0.133571 0.545685 0.035714 0.045685
2 0.309286 0.259518 0.014286 0.026650
2 0.264286 0.248731 0.014286 0.020305
2 0.335000 0.201777 0.010000 0.017766
2 0.346786 0.175761 0.009286 0.016497
2 0.383214 0.148477 0.007857 0.015228
2 0.373929 0.140228 0.007857 0.013959
2 0.363929 0.133883 0.007857 0.011421
2 0.336071 0.152919 0.007857 0.016497
2 0.346786 0.130076 0.007857 0.011421
2 0.364643 0.067893 0.006429 0.008883
2 0.337857 0.108503 0.008571 0.011421
2 0.371071 0.117386 0.006429 0.013959
2 0.394286 0.118020 0.005714 0.010152
2 0.386786 0.106599 0.006429 0.010152
2 0.398214 0.076142 0.005000 0.010152
2 0.396786 0.059010 0.005000 0.008883
2 0.410357 0.059010 0.003571 0.008883
2 0.412143 0.048858 0.004286 0.008883
2 0.408571 0.045685 0.002857 0.007614
2 0.401429 0.045051 0.004286 0.008883
2 0.404643 0.039975 0.003571 0.006345
2 0.440714 0.168147 0.008571 0.011421
2 0.444286 0.157360 0.005714 0.012690
2 0.447500 0.153553 0.005000 0.010152
2 0.458929 0.150381 0.005000 0.013959
0 0.055714 0.463198 0.007143 0.012690
0 0.060357 0.447335 0.005000 0.016497
0 0.064643 0.442259 0.003571 0.016497
0 0.070357 0.433376 0.005000 0.016497
0 0.076429 0.424492 0.005714 0.019036
0 0.083929 0.423858 0.005000 0.017766
0 0.092857 0.395305 0.004286 0.019036
0 0.129286 0.370558 0.004286 0.010152
0 0.145357 0.347716 0.002143 0.010152
0 0.148214 0.347716 0.003571 0.012690
0 0.165714 0.295051 0.002857 0.016497
0 0.188571 0.291878 0.005714 0.010152
0 0.191429 0.271574 0.002857 0.012690
0 0.193571 0.272208 0.002857 0.013959
0 0.196786 0.264594 0.003571 0.013959
0 0.210714 0.239848 0.002857 0.012690
0 0.240000 0.215102 0.002857 0.013959
0 0.221429 0.228426 0.002857 0.012690
0 0.236429 0.212563 0.002857 0.011421
0 0.258214 0.190990 0.003571 0.013959