2 0.473214 0.734762 0.040714 0.103810
2 0.572857 0.714286 0.035714 0.095238
2 0.574286 0.622857 0.030000 0.074286
2 0.538214 0.552857 0.026429 0.060000
2 0.576071 0.536667 0.029286 0.061905
2 0.469643 0.521429 0.029286 0.058095
2 0.506429 0.508095 0.030000 0.061905
2 0.540714 0.302381 0.015714 0.027619
2 0.607500 0.312857 0.015000 0.023810
2 0.609286 0.241905 0.014286 0.020952
2 0.609286 0.180952 0.017143 0.019048
0 0.319286 0.811429 0.020000 0.043810
0 0.049286 0.715714 0.025714 0.033333
0 0.349286 0.570000 0.010000 0.035238
0 0.372143 0.673333 0.011429 0.032381
0 0.396071 0.684762 0.012143 0.028571
0 0.424286 0.596190 0.012857 0.020952