2 0.119500 0.328000 0.028000 0.029333
2 0.254250 0.401333 0.038500 0.038667
2 0.142500 0.471333 0.043000 0.038667
2 0.451750 0.527333 0.056500 0.046667
2 0.279500 0.619333 0.058000 0.058667
2 0.320000 0.700667 0.056000 0.089333
0 0.240750 0.618000 0.010500 0.030667
0 0.168000 0.703667 0.017000 0.026000
2 0.937000 0.275000 0.028000 0.028667
2 0.971750 0.201667 0.016500 0.020667
2 0.922000 0.322333 0.028000 0.032667
2 0.936500 0.432667 0.029000 0.040000
2 0.963750 0.339000 0.027500 0.034000
2 0.989500 0.251667 0.019000 0.027333
0 0.870000 0.360333 0.012000 0.018000
0 0.964000 0.378667 0.012000 0.018667
0 0.982500 0.287000 0.008000 0.016667
2 0.695000 0.046667 0.014000 0.008000
0 0.985250 0.155667 0.005500 0.011333
0 0.747500 0.057333 0.003000 0.005333
0 0.815750 0.054667 0.003500 0.006667
0 0.994500 0.129333 0.004000 0.012000
0 0.998000 0.130333 0.003000 0.011333
2 0.997000 0.108667 0.006000 0.012000