2 0.410000 0.030000 0.007000 0.006667
2 0.370000 0.084667 0.008000 0.010667
2 0.345250 0.099000 0.007500 0.012667
2 0.348500 0.082667 0.008000 0.010667
2 0.426000 0.107333 0.010000 0.010667
2 0.426500 0.116333 0.008000 0.011333
2 0.426250 0.137333 0.008500 0.012000
2 0.434500 0.190667 0.009000 0.014667
0 0.440000 0.249667 0.003000 0.012667
2 0.446250 0.241667 0.011500 0.016667
2 0.451000 0.255000 0.011000 0.014000
2 0.428500 0.428667 0.013000 0.018667
2 0.588000 0.392667 0.034000 0.021333
2 0.594500 0.421667 0.033000 0.022000
2 0.597500 0.438333 0.032000 0.020667
2 0.610500 0.457000 0.032000 0.020667
2 0.730250 0.520000 0.039500 0.024000
2 0.788000 0.555000 0.039000 0.026000
2 0.218250 0.224667 0.010500 0.017333
2 0.235000 0.198000 0.012000 0.013333
2 0.373000 0.143333 0.008000 0.013333
2 0.334750 0.137333 0.008500 0.014667
0 0.339500 0.142000 0.002000 0.009333
0 0.342500 0.142333 0.002000 0.010000
2 0.333500 0.146333 0.008000 0.014000
2 0.331250 0.167333 0.009500 0.016000
2 0.331250 0.193333 0.009500 0.018667
2 0.330250 0.208333 0.010500 0.016667
2 0.330500 0.229667 0.012000 0.019333
2 0.331750 0.338667 0.012500 0.025333
2 0.334750 0.382667 0.013500 0.026667
2 0.342500 0.443667 0.023000 0.032667
2 0.292750 0.517000 0.016500 0.036667
0 0.322750 0.542667 0.006500 0.017333
2 0.347500 0.525667 0.033000 0.038000
0 0.380500 0.540667 0.005000 0.016000
2 0.342500 0.629333 0.019000 0.056000
2 0.386750 0.601000 0.019500 0.043333
0 0.370250 0.600667 0.006500 0.012000
2 0.352500 0.702333 0.035000 0.047333
2 0.353750 0.756333 0.046500 0.063333
2 0.285000 0.741000 0.024000 0.067333
0 0.316750 0.818000 0.009500 0.021333
0 0.335750 0.859667 0.013500 0.016667
2 0.349750 0.872000 0.049500 0.080000
0 0.458250 0.596333 0.005500 0.015333
0 0.551250 0.659667 0.006500 0.015333
2 0.577500 0.238667 0.024000 0.013333
2 0.662250 0.597000 0.043500 0.024667
2 0.655500 0.617333 0.037000 0.025333
2 0.810750 0.603000 0.044500 0.028667
2 0.709250 0.833000 0.053500 0.043333
2 0.744750 0.787000 0.030500 0.060667
2 0.721000 0.871667 0.064000 0.047333
2 0.782250 0.836333 0.038500 0.054000
2 0.854000 0.709667 0.036000 0.044667
2 0.890500 0.701000 0.039000 0.056667
2 0.882250 0.761667 0.047500 0.060667
2 0.817000 0.796667 0.053000 0.038667
2 0.838000 0.831667 0.056000 0.042000
2 0.921500 0.749667 0.051000 0.039333
2 0.919500 0.698333 0.036000 0.056667
2 0.943500 0.695000 0.036000 0.051333
2 0.963500 0.686000 0.032000 0.050667
2 0.989000 0.678333 0.022000 0.052667
2 0.984750 0.799000 0.030500 0.042000
2 0.959500 0.836333 0.048000 0.050000
2 0.952000 0.941000 0.058000 0.078000
2 0.974250 0.925000 0.051500 0.072667
2 0.894500 0.947333 0.064000 0.041333
2 0.918000 0.983333 0.064000 0.033333
0 0.826000 0.902667 0.009000 0.018667
0 0.834750 0.918667 0.007500 0.022667
0 0.840250 0.907000 0.008500 0.020667
2 0.820000 0.064333 0.016000 0.008667
2 0.919750 0.052000 0.016500 0.008000
2 0.953750 0.051667 0.015500 0.007333
2 0.977750 0.051333 0.014500 0.008000