0 0.331942 0.936456 0.010438 0.030612
2 0.451461 0.849722 0.045929 0.090909
0 0.496608 0.614564 0.007829 0.021336
0 0.431367 0.484230 0.006785 0.025974
0 0.362996 0.501391 0.006785 0.025046
0 0.441806 0.514842 0.006785 0.027829
2 0.582463 0.350649 0.020877 0.035250
2 0.556889 0.349258 0.020877 0.038033
2 0.586378 0.280148 0.021399 0.031540
0 0.641180 0.174861 0.003653 0.017625
2 0.631002 0.152134 0.015658 0.016698
2 0.643789 0.107607 0.008873 0.022263
2 0.648225 0.074212 0.008351 0.014842
2 0.651879 0.066327 0.007307 0.013915
0 0.663622 0.038961 0.002610 0.009276