2 0.003750 0.165667 0.007500 0.008667
2 0.021500 0.167000 0.013000 0.008667
2 0.013500 0.150333 0.010000 0.006000
2 0.011250 0.156667 0.007500 0.005333
2 0.009250 0.159000 0.008500 0.006000
2 0.006500 0.161667 0.008000 0.007333
2 0.969750 0.176667 0.024500 0.010667
2 0.835750 0.227333 0.024500 0.014667
2 0.847000 0.249000 0.027000 0.014000
2 0.868000 0.244000 0.029000 0.014667
2 0.880750 0.240667 0.026500 0.016000
2 0.890500 0.238333 0.022000 0.015333
2 0.909000 0.253667 0.024000 0.016667
2 0.923750 0.272333 0.024500 0.018000
2 0.918250 0.201667 0.021500 0.012667
2 0.984750 0.209667 0.022500 0.014000
2 0.966000 0.336667 0.041000 0.020000
2 0.947500 0.345000 0.043000 0.020667
2 0.934000 0.357667 0.043000 0.020667
2 0.874500 0.386333 0.040000 0.022000
2 0.849750 0.322333 0.029500 0.020667
2 0.810750 0.270333 0.028500 0.018000
2 0.717500 0.239667 0.012000 0.019333
2 0.675000 0.222667 0.014000 0.017333
2 0.652500 0.215667 0.012000 0.019333
2 0.950000 0.237333 0.020000 0.014667
2 0.920500 0.290000 0.026000 0.021333
2 0.990750 0.324667 0.018500 0.017333
2 0.853000 0.260667 0.022000 0.014667
2 0.915250 0.204000 0.019500 0.013333
2 0.908500 0.206667 0.021000 0.013333
2 0.915250 0.371000 0.040500 0.020667
2 0.852500 0.400667 0.047000 0.022667
0 0.817750 0.287000 0.005500 0.014000
2 0.681750 0.492000 0.047500 0.030667
2 0.619750 0.413667 0.036500 0.027333
2 0.541750 0.491000 0.045500 0.032667
2 0.440750 0.545333 0.048500 0.036000
2 0.358250 0.470333 0.043500 0.030000
2 0.298250 0.491000 0.044500 0.032667
2 0.325750 0.696333 0.028500 0.068667
2 0.354250 0.764000 0.045500 0.086667
0 0.034000 0.907000 0.023000 0.030000
0 0.102500 0.549000 0.011000 0.023333
0 0.094750 0.554333 0.010500 0.022000
0 0.083000 0.548667 0.013000 0.025333
0 0.776250 0.476333 0.007500 0.022000
0 0.665000 0.462667 0.007000 0.014667
0 0.592000 0.585667 0.010000 0.026000
0 0.572500 0.583333 0.007000 0.018667
0 0.572750 0.603000 0.006500 0.020667
0 0.565500 0.598333 0.004000 0.011333
0 0.564250 0.592333 0.006500 0.020667
0 0.357750 0.676333 0.009500 0.022000
0 0.399750 0.665333 0.009500 0.024000
0 0.409000 0.659000 0.008000 0.024667
2 0.400500 0.635667 0.044000 0.036667
2 0.482500 0.598000 0.054000 0.033333
2 0.043750 0.823000 0.087500 0.068667
2 0.141750 0.768667 0.079500 0.064000
2 0.198000 0.794333 0.075000 0.084667
2 0.274000 0.897333 0.044000 0.105333
2 0.066750 0.363000 0.037500 0.020667
2 0.018750 0.375333 0.037500 0.022667
2 0.234500 0.316333 0.032000 0.019333
2 0.444750 0.263333 0.025500 0.016000