0 0.598121 0.893321 0.045929 0.194805
0 0.407881 0.632653 0.029749 0.137291
0 0.337161 0.397495 0.024008 0.065863
0 0.471555 0.405844 0.019311 0.060297
0 0.740344 0.309833 0.017223 0.044527
0 0.663100 0.330241 0.016180 0.046382
0 0.541493 0.295455 0.013048 0.036178
0 0.258873 0.347866 0.018789 0.051948
0 0.302453 0.309369 0.008873 0.045455
0 0.311848 0.320501 0.012004 0.051020
0 0.402923 0.219852 0.007307 0.018553
0 0.450418 0.222635 0.006263 0.025974
0 0.429019 0.212894 0.005219 0.017625
2 0.433716 0.224954 0.016701 0.026902
2 0.497390 0.215213 0.018789 0.027829
0 0.520616 0.267625 0.013048 0.028757
0 0.512787 0.261132 0.004697 0.015770
0 0.516962 0.256957 0.008873 0.025974
0 0.524791 0.258349 0.006785 0.034323
0 0.529489 0.262987 0.004697 0.030612
0 0.525574 0.248145 0.004175 0.013915
0 0.525574 0.247681 0.006263 0.025974
2 0.699374 0.268089 0.039666 0.046382
2 0.731472 0.264378 0.038100 0.044527
0 0.631524 0.282004 0.013570 0.033395
0 0.934238 0.632653 0.032359 0.146568
0 0.951200 0.613636 0.025574 0.125232
2 0.427453 0.187848 0.018789 0.017625
2 0.450939 0.179963 0.010438 0.016698
2 0.460856 0.172078 0.011482 0.012059
2 0.462683 0.165121 0.012004 0.011132
2 0.459290 0.163729 0.007307 0.013915
0 0.478079 0.181354 0.003132 0.010204
0 0.478601 0.179499 0.003132 0.012059
0 0.500783 0.180427 0.002610 0.013915
0 0.532620 0.182282 0.003653 0.013915
0 0.535230 0.213822 0.002610 0.012059
0 0.527923 0.218460 0.005741 0.021336
0 0.514614 0.223562 0.005219 0.016698
0 0.514353 0.222635 0.005741 0.022263
2 0.525835 0.227737 0.014092 0.023191
2 0.455637 0.164193 0.006263 0.009276
0 0.477296 0.167440 0.002610 0.006494
2 0.496608 0.155380 0.004697 0.006494
0 0.497651 0.161410 0.003653 0.011132