2 0.297500 0.333756 0.029286 0.025381
2 0.357143 0.312817 0.020000 0.024112
2 0.395000 0.288071 0.010000 0.022843
2 0.416786 0.264594 0.009286 0.021574
2 0.395000 0.251269 0.008571 0.020305
0 0.431429 0.353426 0.007143 0.019036
0 0.428571 0.270939 0.004286 0.011421
0 0.438214 0.260787 0.006429 0.016497
0 0.470357 0.296320 0.005000 0.019036
0 0.417857 0.217005 0.008571 0.015228
2 0.513571 0.335025 0.025714 0.017766
2 0.529643 0.314086 0.026429 0.019036
2 0.600714 0.321701 0.022857 0.019036
2 0.670357 0.320431 0.026429 0.021574
2 0.703571 0.320431 0.021429 0.019036
0 0.661429 0.277919 0.008571 0.015228
2 0.957857 0.887690 0.051429 0.077411
2 0.947500 0.329315 0.016429 0.024112
2 0.880714 0.279822 0.018571 0.019036
2 0.946786 0.265863 0.013571 0.019036
2 0.946429 0.246193 0.010000 0.012690
2 0.960714 0.174492 0.012857 0.016497
2 0.947143 0.171954 0.011429 0.019036
2 0.923929 0.197970 0.015000 0.017766
2 0.927143 0.194797 0.014286 0.016497
2 0.902857 0.190355 0.011429 0.012690
2 0.887500 0.178934 0.015000 0.015228
0 0.875000 0.205584 0.002857 0.012690
2 0.637857 0.323604 0.025714 0.020305
0 0.642500 0.371193 0.003571 0.016497
0 0.646429 0.372462 0.005714 0.016497
0 0.496786 0.385787 0.005000 0.012690
0 0.500357 0.387056 0.006429 0.015228