2 0.238214 0.912381 0.100714 0.120000
2 0.152500 0.619048 0.062143 0.142857
2 0.135714 0.970000 0.080000 0.060000
2 0.078571 0.844762 0.111429 0.112381
2 0.066071 0.781905 0.105000 0.100952
2 0.039286 0.654286 0.075714 0.072381
2 0.043929 0.595238 0.085000 0.085714
2 0.044643 0.531905 0.089286 0.086667
0 0.076786 0.245238 0.019286 0.037143
0 0.040714 0.240000 0.035714 0.041905
0 0.263571 0.179048 0.025714 0.036190
0 0.207143 0.131429 0.027143 0.041905
0 0.241071 0.108571 0.025000 0.047619
2 0.183929 0.042857 0.039286 0.076190
0 0.411786 0.149524 0.015000 0.036190
0 0.439286 0.154762 0.017143 0.037143
2 0.466071 0.282857 0.073571 0.068571
2 0.505714 0.350000 0.078571 0.075238
2 0.525714 0.385714 0.081429 0.074286
2 0.603571 0.544286 0.077143 0.080952
2 0.619286 0.589048 0.067143 0.073333
2 0.645000 0.646190 0.077143 0.086667
2 0.669286 0.700000 0.078571 0.099048
2 0.704643 0.748095 0.085000 0.098095
2 0.745714 0.801905 0.071429 0.104762
2 0.770714 0.863333 0.090000 0.119048
2 0.802500 0.933810 0.096429 0.132381
0 0.843929 0.771905 0.033571 0.021905
0 0.831071 0.744286 0.016429 0.029524
0 0.802857 0.729524 0.017143 0.022857
0 0.765714 0.690952 0.021429 0.029524
0 0.841429 0.725714 0.017143 0.028571
0 0.810714 0.720476 0.014286 0.023810
0 0.886071 0.640000 0.017857 0.022857
0 0.835000 0.548571 0.017143 0.020952
2 0.766786 0.491429 0.082143 0.066667
0 0.523929 0.235714 0.012143 0.027619
0 0.506786 0.230952 0.013571 0.029524
2 0.450357 0.243333 0.070714 0.063810
0 0.495357 0.168095 0.010714 0.033333
0 0.495357 0.142381 0.007857 0.033333
0 0.482857 0.152857 0.008571 0.033333
2 0.517143 0.121905 0.067143 0.070476
2 0.529643 0.057619 0.057857 0.063810
2 0.555357 0.084286 0.050714 0.061905
2 0.463571 0.023810 0.048571 0.047619
0 0.429286 0.074286 0.014286 0.030476
0 0.413571 0.064286 0.011429 0.031429
0 0.374286 0.078095 0.011429 0.038095
0 0.369286 0.051905 0.010000 0.035238
0 0.352500 0.044762 0.013571 0.036190
0 0.718929 0.640000 0.017857 0.034286
0 0.683929 0.569524 0.013571 0.028571