2 0.897500 0.888325 0.029286 0.060914
2 0.859286 0.762690 0.022857 0.045685
2 0.844286 0.713198 0.020000 0.045685
2 0.445000 0.537437 0.011429 0.034264
2 0.446786 0.451777 0.010714 0.030457
2 0.447143 0.405457 0.010000 0.024112
2 0.458571 0.348985 0.008571 0.020305
2 0.434286 0.322335 0.008571 0.017766
2 0.542143 0.345178 0.010000 0.025381
2 0.451786 0.251904 0.009286 0.013959
2 0.089286 0.203046 0.018571 0.015228
2 0.202143 0.170051 0.018571 0.012690
2 0.321429 0.158629 0.018571 0.015228
2 0.210357 0.254442 0.017857 0.016497
0 0.339643 0.883883 0.006429 0.024112
0 0.535000 0.736675 0.004286 0.019036
0 0.507857 0.317893 0.002857 0.011421
0 0.507857 0.290609 0.004286 0.010152