2 0.097857 0.194162 0.005714 0.015228
2 0.261429 0.209391 0.010000 0.010152
2 0.296071 0.050761 0.005000 0.012690
2 0.302500 0.108503 0.005000 0.011421
2 0.352857 0.133883 0.012857 0.008883
2 0.332500 0.013959 0.006429 0.010152
2 0.328571 0.004442 0.005714 0.008883
0 0.349286 0.049492 0.001429 0.005076
0 0.351071 0.048223 0.002143 0.005076
0 0.354286 0.047589 0.001429 0.003807
0 0.348929 0.111675 0.002143 0.007614
0 0.357857 0.104061 0.002857 0.002538
2 0.356786 0.222716 0.007857 0.011421
2 0.364643 0.293782 0.006429 0.013959
0 0.261786 0.736041 0.003571 0.010152
0 0.258929 0.738579 0.002143 0.007614
0 0.446429 0.853426 0.002857 0.006345
0 0.448929 0.851523 0.002143 0.007614
0 0.463214 0.910533 0.002143 0.006345
0 0.473571 0.898477 0.002857 0.007614
0 0.442143 0.789340 0.002857 0.007614
0 0.436071 0.779822 0.003571 0.008883
0 0.421429 0.729695 0.002857 0.007614
0 0.416786 0.728426 0.003571 0.005076
0 0.426071 0.725888 0.002143 0.007614
0 0.401429 0.681472 0.002857 0.010152
0 0.393571 0.623731 0.002857 0.006345
0 0.391071 0.625635 0.002143 0.010152
0 0.378929 0.583756 0.002143 0.007614
0 0.351429 0.503173 0.002857 0.006345
0 0.345714 0.497462 0.002857 0.007614
0 0.347143 0.484137 0.002857 0.008883
0 0.333214 0.432107 0.002143 0.006345
0 0.334643 0.413706 0.002143 0.010152
0 0.321786 0.410533 0.002143 0.008883
0 0.322143 0.381980 0.001429 0.005076
0 0.314643 0.341371 0.002143 0.005076
0 0.283214 0.253807 0.002143 0.007614
0 0.312500 0.360406 0.002143 0.007614
0 0.316786 0.364848 0.002143 0.008883
2 0.472500 0.527284 0.009286 0.021574
2 0.685357 0.211294 0.010714 0.013959
2 0.736429 0.375635 0.008571 0.012690
2 0.745357 0.363579 0.007857 0.016497
2 0.728214 0.387690 0.010714 0.011421
2 0.830714 0.472081 0.010000 0.015228
2 0.823571 0.462563 0.008571 0.013959
0 0.891071 0.393401 0.003571 0.007614
0 0.885357 0.390863 0.002143 0.007614
0 0.862500 0.369289 0.002143 0.002538
0 0.861786 0.364213 0.002143 0.002538
0 0.841071 0.342640 0.002143 0.007614
0 0.824643 0.331853 0.002143 0.006345
0 0.825000 0.336929 0.001429 0.003807
0 0.827857 0.331853 0.002857 0.003807