2 0.439979 0.712894 0.066806 0.056586
2 0.446503 0.621058 0.055846 0.045455
2 0.461378 0.577458 0.052192 0.036178
2 0.539405 0.469852 0.022443 0.056586
2 0.495825 0.379870 0.040710 0.038033
2 0.522182 0.188776 0.012004 0.023191
2 0.607777 0.073284 0.022443 0.016698
2 0.701983 0.075139 0.019833 0.012987
2 0.715031 0.157699 0.012526 0.025974
2 0.725470 0.085343 0.018789 0.016698
2 0.812630 0.094156 0.020877 0.013915
2 0.846033 0.106679 0.026096 0.022263
2 0.651879 0.030148 0.006263 0.017625
2 0.642223 0.019944 0.008873 0.015770
2 0.531576 0.237477 0.026618 0.027829
0 0.910230 0.553803 0.004175 0.022263
0 0.974687 0.708720 0.008873 0.024119
2 0.618737 0.069573 0.017223 0.016698
0 0.554802 0.557050 0.008351 0.017625
0 0.543841 0.347403 0.005219 0.021336
0 0.551409 0.335807 0.003653 0.020408
0 0.548539 0.327458 0.004175 0.024119