0 0.558929 0.030000 0.009286 0.021905
0 0.537857 0.107619 0.008571 0.020952
0 0.560357 0.331905 0.009286 0.018095
0 0.492143 0.551429 0.011429 0.019048
0 0.377500 0.593333 0.009286 0.011429
0 0.367500 0.610476 0.006429 0.007619
2 0.440357 0.070952 0.023571 0.071429
2 0.440000 0.237619 0.025714 0.077143
2 0.592143 0.312857 0.027143 0.073333
2 0.440000 0.446190 0.027143 0.069524
2 0.442857 0.337143 0.028571 0.076190
2 0.561071 0.536667 0.033571 0.088571
2 0.627857 0.540000 0.030000 0.081905
2 0.636071 0.634762 0.030714 0.086667
2 0.438929 0.673333 0.027857 0.089524
2 0.435714 0.786667 0.032857 0.093333
2 0.651429 0.849524 0.040000 0.110476
2 0.438929 0.935714 0.032143 0.103810