2 0.380741 0.807050 0.147704 0.139147
2 0.368998 0.693878 0.144050 0.116883
2 0.373173 0.597403 0.117954 0.115028
2 0.375000 0.596011 0.119520 0.099258
2 0.385177 0.506030 0.124217 0.091837
2 0.408142 0.437848 0.084551 0.087199
2 0.829593 0.952226 0.176931 0.093692
2 0.780793 0.636364 0.129436 0.128015
0 0.359864 0.414657 0.018267 0.072356
0 0.352296 0.389610 0.017745 0.061224
0 0.384134 0.362709 0.013570 0.068646
0 0.362474 0.346011 0.014092 0.064935
0 0.379958 0.348330 0.015658 0.056586
0 0.380219 0.338590 0.015136 0.068646
2 0.436065 0.267625 0.080898 0.073284
2 0.442328 0.215213 0.087161 0.064935
0 0.480689 0.054731 0.014614 0.044527
0 0.475470 0.045455 0.009395 0.042672
2 0.334551 0.966141 0.171190 0.065863