2 0.026750 0.588667 0.051500 0.037333
0 0.232000 0.268333 0.004000 0.014000
2 0.234000 0.353667 0.034000 0.020667
2 0.139000 0.314667 0.021000 0.022667
0 0.404000 0.327667 0.005000 0.012667
0 0.411000 0.325000 0.005000 0.015333
2 0.360750 0.361000 0.033500 0.024667
2 0.382500 0.356000 0.029000 0.021333
2 0.404750 0.349333 0.028500 0.020000
2 0.416250 0.365000 0.027500 0.022000
0 0.379000 0.383667 0.005000 0.016667
2 0.381000 0.378333 0.030000 0.020667
2 0.321500 0.378667 0.032000 0.026667
2 0.343500 0.393333 0.032000 0.021333
0 0.343250 0.467000 0.009500 0.019333
2 0.355750 0.449000 0.035500 0.024667
2 0.344000 0.515667 0.033000 0.032667
2 0.372500 0.547000 0.036000 0.040667
2 0.406500 0.582333 0.040000 0.048667
2 0.478000 0.676667 0.043000 0.048000
0 0.496250 0.732333 0.009500 0.020667
0 0.665250 0.922667 0.011500 0.028000
2 0.676250 0.915333 0.063500 0.074667
2 0.605750 0.823333 0.052500 0.065333