2 0.398571 0.649746 0.027143 0.081218
2 0.426071 0.662437 0.027857 0.083756
2 0.445357 0.566624 0.025000 0.067259
2 0.421429 0.404822 0.021429 0.048223
2 0.431071 0.326777 0.019286 0.057107
2 0.465000 0.338198 0.021429 0.062183
2 0.441071 0.256980 0.019286 0.052030
2 0.475000 0.195431 0.017143 0.048223
2 0.441071 0.189721 0.019286 0.041878
2 0.480714 0.051396 0.017143 0.031726
2 0.534643 0.153553 0.017857 0.063452
2 0.110000 0.307107 0.025714 0.058376
2 0.143929 0.302665 0.046429 0.034264
2 0.143929 0.269036 0.042143 0.030457
2 0.177143 0.076777 0.034286 0.026650
2 0.312143 0.031726 0.018571 0.038071
2 0.327857 0.059645 0.037143 0.027919
2 0.353929 0.100254 0.022143 0.040609
2 0.085000 0.263959 0.041429 0.032995
2 0.091786 0.310914 0.027857 0.063452
2 0.040714 0.120558 0.038571 0.032995
2 0.046429 0.151015 0.041429 0.035533
2 0.033214 0.175761 0.032143 0.026650
2 0.063929 0.180203 0.035000 0.035533
2 0.101429 0.199873 0.055714 0.046954
2 0.085357 0.223350 0.056429 0.048223
2 0.042857 0.225888 0.037143 0.027919
2 0.041429 0.253807 0.041429 0.035533
2 0.091429 0.163071 0.041429 0.034264
2 0.359286 0.064086 0.038571 0.029188
2 0.367143 0.046320 0.034286 0.024112
2 0.334643 0.041878 0.032143 0.025381
2 0.375000 0.020939 0.035714 0.029188
2 0.067143 0.305838 0.030000 0.058376