0 0.481429 0.505238 0.015714 0.050476
0 0.635357 0.423333 0.009286 0.037143
0 0.334643 0.614286 0.026429 0.068571
0 0.214286 0.610952 0.024286 0.065714
2 0.205714 0.502857 0.101429 0.057143
0 0.225357 0.380000 0.007857 0.015238
0 0.183571 0.387619 0.008571 0.019048
0 0.272857 0.389524 0.008571 0.017143
0 0.278571 0.345238 0.004286 0.008571
0 0.140357 0.404286 0.007857 0.023810
2 0.308571 0.402381 0.028571 0.027619
2 0.278571 0.373333 0.022857 0.019048
2 0.283929 0.367619 0.019286 0.017143
2 0.240000 0.371905 0.020000 0.016190
2 0.115357 0.378095 0.025000 0.028571
2 0.944286 0.660952 0.111429 0.097143
2 0.938571 0.602857 0.121429 0.064762
2 0.697857 0.546667 0.108571 0.076190
0 0.621429 0.431429 0.010000 0.030476
0 0.628214 0.436667 0.012143 0.025714
0 0.670357 0.468095 0.015000 0.029524
0 0.714286 0.430476 0.010000 0.028571
2 0.531429 0.423810 0.041429 0.032381
2 0.467857 0.396667 0.040000 0.021905
2 0.449643 0.382381 0.036429 0.020000
0 0.439286 0.373810 0.005714 0.016190
2 0.653214 0.372381 0.026429 0.020952
2 0.622143 0.374762 0.028571 0.014286
2 0.625357 0.372381 0.027857 0.019048
2 0.587500 0.381429 0.033571 0.021905
2 0.590714 0.377143 0.030000 0.022857
2 0.562500 0.374286 0.027857 0.019048
2 0.519286 0.383810 0.038571 0.019048
0 0.601786 0.356190 0.003571 0.013333
0 0.611071 0.358095 0.005000 0.011429
0 0.619286 0.358095 0.004286 0.009524
0 0.648571 0.357619 0.004286 0.010476
0 0.408571 0.375238 0.005714 0.020952
0 0.404643 0.374286 0.006429 0.020952
0 0.400000 0.376667 0.008571 0.018095
0 0.398571 0.372381 0.008571 0.022857
0 0.273214 0.350952 0.005000 0.012381
2 0.248571 0.354762 0.014286 0.016190
2 0.228214 0.349524 0.015000 0.013333
2 0.212857 0.355238 0.017143 0.011429
2 0.205000 0.351905 0.011429 0.012381
2 0.205714 0.348571 0.010000 0.013333
2 0.199286 0.350000 0.012857 0.012381
2 0.203929 0.366667 0.013571 0.015238
2 0.201071 0.364286 0.015000 0.016190
2 0.194643 0.359048 0.015000 0.013333
2 0.188571 0.354762 0.011429 0.014286
2 0.140000 0.367619 0.024286 0.024762
2 0.130357 0.353333 0.012143 0.017143
2 0.114286 0.348571 0.011429 0.013333