2 0.437857 0.150476 0.002857 0.000000
2 0.447500 0.147143 0.002143 0.000952
2 0.448214 0.159524 0.002143 0.002857
2 0.443214 0.146190 0.002143 0.002857
2 0.435000 0.149524 0.002857 0.001905
2 0.432500 0.141905 0.003571 0.003810
2 0.454643 0.253810 0.005000 0.008571
2 0.484643 0.305238 0.007857 0.010476
2 0.492143 0.394286 0.010000 0.013333
2 0.412500 0.183333 0.003571 0.006667
2 0.457143 0.387619 0.010000 0.017143
2 0.461071 0.469048 0.013571 0.027619
2 0.442500 0.446667 0.012143 0.024762
2 0.528571 0.466190 0.014286 0.021905
2 0.460714 0.747143 0.018571 0.060000
2 0.558214 0.965714 0.032143 0.066667
2 0.518214 0.676667 0.019286 0.044762