0 0.711429 0.077143 0.005714 0.013333
2 0.724643 0.091429 0.016429 0.022857
2 0.734286 0.114762 0.017143 0.027619
2 0.755714 0.164286 0.018571 0.027619
2 0.765357 0.189048 0.020714 0.031429
2 0.793214 0.263333 0.023571 0.029524
2 0.727500 0.222857 0.017857 0.028571
2 0.718214 0.192381 0.016429 0.028571
2 0.708929 0.166667 0.017857 0.026667
2 0.698571 0.140476 0.017143 0.027619
2 0.690000 0.114286 0.017143 0.024762
0 0.815714 0.320476 0.007143 0.014286
2 0.873929 0.673333 0.052143 0.032381
2 0.882500 0.714286 0.049286 0.036190
2 0.017500 0.808571 0.035000 0.034286
2 0.012500 0.846667 0.025000 0.034286
2 0.112500 0.725714 0.033571 0.072381
2 0.072500 0.618571 0.050714 0.031429
2 0.083571 0.569048 0.042857 0.027619
2 0.507143 0.491905 0.017143 0.050476
0 0.603214 0.606190 0.007857 0.016190
0 0.605000 0.587143 0.005714 0.014286
0 0.610357 0.571905 0.007857 0.016190
0 0.605000 0.446667 0.005714 0.017143
0 0.598929 0.442381 0.005000 0.014286
0 0.587143 0.385238 0.007143 0.016190
2 0.467143 0.291905 0.015714 0.033333
2 0.087857 0.322857 0.041429 0.024762
2 0.278214 0.338095 0.023571 0.040000
2 0.318214 0.188571 0.016429 0.030476
2 0.251071 0.161429 0.016429 0.025714
2 0.285000 0.088571 0.027143 0.017143
2 0.286071 0.075714 0.023571 0.014286
2 0.292857 0.065714 0.027143 0.017143
2 0.295714 0.041905 0.024286 0.019048
2 0.299286 0.030952 0.022857 0.012381
2 0.301429 0.021905 0.022857 0.013333
2 0.308214 0.015238 0.022143 0.013333
2 0.074643 0.352381 0.040714 0.019048
0 0.130357 0.397619 0.009286 0.014286
0 0.117500 0.220476 0.006429 0.012381
0 0.120357 0.216667 0.007857 0.014286
2 0.916786 0.797619 0.060714 0.039048
2 0.918214 0.842381 0.073571 0.040952