2 0.085000 0.130711 0.007143 0.017766
2 0.088571 0.109137 0.007143 0.020305
2 0.280714 0.135787 0.008571 0.015228
0 0.088214 0.315355 0.005000 0.011421
2 0.188571 0.422589 0.022857 0.017766
2 0.025357 0.454315 0.026429 0.015228
2 0.103214 0.461294 0.020714 0.019036
2 0.115000 0.440990 0.024286 0.019036
2 0.072143 0.703046 0.021429 0.038071
2 0.041071 0.671954 0.022143 0.039340
2 0.025357 0.711929 0.020714 0.027919
2 0.040000 0.801396 0.024286 0.044416
2 0.056429 0.746827 0.020000 0.036802
0 0.161429 0.306472 0.004286 0.008883
2 0.274643 0.348985 0.013571 0.022843
0 0.368214 0.317893 0.002143 0.011421
0 0.348214 0.311548 0.003571 0.013959
0 0.350357 0.305838 0.005000 0.010152
2 0.346429 0.500635 0.022857 0.019036
0 0.379286 0.303934 0.004286 0.013959
0 0.351786 0.342640 0.003571 0.012690
0 0.396071 0.300761 0.003571 0.010152
0 0.374286 0.293782 0.002857 0.011421
2 0.461071 0.566624 0.022143 0.016497
2 0.467143 0.548223 0.021429 0.022843
2 0.540357 0.476523 0.023571 0.024112
2 0.560357 0.581218 0.027857 0.027919
0 0.685357 0.963832 0.005000 0.021574
2 0.791071 0.616117 0.030714 0.021574
2 0.815357 0.439086 0.015000 0.027919
2 0.680357 0.161802 0.013571 0.011421
2 0.682143 0.155457 0.008571 0.006345
2 0.680000 0.151015 0.015714 0.012690
2 0.680714 0.142766 0.011429 0.008883
2 0.681071 0.138325 0.010714 0.007614
2 0.681786 0.133249 0.012143 0.007614
2 0.681786 0.123731 0.013571 0.008883
2 0.683214 0.117386 0.012143 0.008883
2 0.683571 0.111675 0.012857 0.007614
2 0.683929 0.104695 0.010714 0.008883
2 0.684643 0.097716 0.010714 0.007614
2 0.681786 0.074239 0.012143 0.008883
2 0.682857 0.067893 0.011429 0.008883
2 0.682857 0.064086 0.012857 0.008883
2 0.705714 0.085660 0.005714 0.013959