2 0.469643 0.753333 0.066429 0.110476
2 0.758214 0.896667 0.136429 0.113333
2 0.292143 0.715238 0.082857 0.114286
2 0.421429 0.616190 0.065714 0.081905
2 0.410000 0.544762 0.057143 0.060952
2 0.328571 0.551905 0.068571 0.071429
2 0.518571 0.438571 0.042857 0.046667
2 0.439643 0.409048 0.037857 0.044762
2 0.539286 0.361905 0.032857 0.030476
2 0.607143 0.363810 0.024286 0.034286
2 0.579286 0.333810 0.024286 0.029524
2 0.523214 0.312857 0.026429 0.029524
2 0.472857 0.346190 0.028571 0.042857
2 0.506786 0.293810 0.020714 0.027619
2 0.535000 0.258095 0.020000 0.022857
2 0.575714 0.258095 0.020000 0.020952
2 0.561429 0.246190 0.017143 0.020000
2 0.556429 0.229524 0.017143 0.019048
2 0.576429 0.230000 0.015714 0.018095
2 0.590000 0.211429 0.012857 0.017143
2 0.569286 0.215238 0.015714 0.017143
2 0.580000 0.203810 0.015714 0.019048
2 0.603929 0.197143 0.012143 0.017143
2 0.592500 0.187143 0.012143 0.016190
2 0.608929 0.184762 0.010714 0.013333
2 0.615000 0.179524 0.008571 0.016190
2 0.620000 0.171905 0.008571 0.012381
2 0.625357 0.165238 0.007857 0.014286
2 0.631071 0.159048 0.006429 0.015238
2 0.604286 0.172857 0.010000 0.014286
2 0.611071 0.165238 0.009286 0.014286
2 0.617143 0.159048 0.008571 0.015238
2 0.623571 0.153333 0.008571 0.013333
2 0.626786 0.146667 0.007857 0.009524
2 0.640000 0.140000 0.011429 0.015238
2 0.651429 0.111429 0.008571 0.009524
0 0.693214 0.287619 0.005000 0.009524
0 0.708214 0.293810 0.005000 0.012381
0 0.688214 0.342381 0.005000 0.012381
2 0.680000 0.483333 0.057143 0.040952
2 0.923571 0.417619 0.064286 0.033333
0 0.906429 0.512857 0.010000 0.020000
0 0.150714 0.620952 0.011429 0.024762
0 0.228571 0.554286 0.014286 0.022857