2 0.569643 0.495558 0.016429 0.059645
2 0.488214 0.277284 0.015000 0.036802
2 0.516429 0.172589 0.012857 0.027919
2 0.579286 0.149112 0.011429 0.034264
2 0.542857 0.130711 0.010000 0.025381
2 0.548571 0.072970 0.008571 0.021574
2 0.537143 0.024746 0.008571 0.024112
2 0.557143 0.313452 0.015714 0.045685
2 0.611786 0.103426 0.012143 0.031726
2 0.540714 0.526015 0.021429 0.062183
2 0.850000 0.610406 0.060000 0.040609
2 0.912500 0.616117 0.050714 0.036802
2 0.594286 0.003807 0.010000 0.007614
2 0.612143 0.012056 0.011429 0.024112