2 0.196071 0.256345 0.037857 0.050761
2 0.261786 0.552030 0.033571 0.038071
2 0.398214 0.351523 0.032143 0.040609
2 0.364286 0.184010 0.035714 0.053299
2 0.507857 0.013959 0.028571 0.027919
2 0.549643 0.172589 0.017857 0.058376
2 0.695357 0.124365 0.032143 0.050761
2 0.685714 0.463832 0.034286 0.044416
2 0.658929 0.524112 0.035000 0.043147
2 0.771071 0.618020 0.033571 0.040609
2 0.949643 0.741751 0.036429 0.046954
2 0.830357 0.663706 0.036429 0.038071
0 0.792143 0.562183 0.005714 0.012690
2 0.985357 0.628807 0.025000 0.046954
2 0.940357 0.568528 0.022143 0.050761
2 0.921786 0.549492 0.025000 0.048223
2 0.827857 0.412437 0.034286 0.025381