2 0.730714 0.963198 0.041429 0.048223
2 0.833214 0.870558 0.042143 0.053299
2 0.750357 0.776650 0.033571 0.055838
2 0.548571 0.574873 0.018571 0.058376
2 0.567857 0.602792 0.018571 0.068528
2 0.574286 0.518401 0.018571 0.064721
0 0.554286 0.502538 0.007143 0.020305
0 0.472500 0.418782 0.006429 0.012690
2 0.561071 0.413071 0.019286 0.069797
2 0.583929 0.425127 0.017857 0.063452
2 0.536071 0.064086 0.017857 0.054569
2 0.305000 0.670051 0.040000 0.040609
2 0.312143 0.629442 0.038571 0.040609
2 0.260357 0.650381 0.039286 0.041878
2 0.263214 0.605330 0.039286 0.045685
2 0.198929 0.572970 0.030714 0.036802