2 0.342119 0.778293 0.033925 0.070501
2 0.258612 0.730056 0.027662 0.063080
2 0.425626 0.714286 0.026618 0.053803
2 0.758612 0.944341 0.061065 0.081633
2 0.319415 0.596011 0.025052 0.049165
2 0.177453 0.374768 0.018789 0.031540
2 0.220251 0.359926 0.016701 0.025974
2 0.247912 0.397959 0.013570 0.027829
2 0.453810 0.477273 0.033925 0.034323
2 0.356472 0.980519 0.030271 0.037106
2 0.224687 0.293135 0.014092 0.024119
2 0.182933 0.210575 0.010960 0.014842
2 0.199635 0.194341 0.012004 0.017625
2 0.180585 0.150278 0.009395 0.012987
2 0.133612 0.128479 0.009395 0.017625
2 0.175887 0.122913 0.008351 0.010204
2 0.128132 0.078850 0.007829 0.011132
2 0.165449 0.076531 0.007307 0.012059
2 0.157881 0.052876 0.007829 0.014842
2 0.121868 0.054731 0.007829 0.011132
2 0.131002 0.043599 0.007307 0.011132
2 0.146921 0.030612 0.005741 0.009276
2 0.151879 0.013915 0.005219 0.009276
2 0.117432 0.022263 0.005219 0.011132
2 0.297495 0.301484 0.013570 0.024119
2 0.344468 0.314471 0.026096 0.018553
2 0.311326 0.256957 0.024530 0.020408
2 0.307411 0.245362 0.028184 0.013915
2 0.302453 0.238404 0.022443 0.018553
2 0.265397 0.205009 0.010960 0.016698
2 0.292015 0.157699 0.019311 0.012987
2 0.269050 0.162801 0.020355 0.012059
2 0.394572 0.432746 0.032359 0.026902
2 0.295668 0.214286 0.017223 0.016698
2 0.278706 0.181818 0.021921 0.012987
2 0.277923 0.176716 0.020355 0.012059
2 0.206942 0.057514 0.006785 0.011132
2 0.195981 0.032931 0.006785 0.010204
2 0.183977 0.028757 0.005741 0.009276
0 0.314196 0.377551 0.003132 0.011132
0 0.425626 0.627551 0.003653 0.015770
0 0.396660 0.570501 0.003132 0.014842
0 0.095251 0.827922 0.014092 0.026902
0 0.108299 0.826994 0.014092 0.028757
0 0.062891 0.610390 0.006785 0.016698
0 0.078810 0.247217 0.004175 0.012059
0 0.084029 0.240260 0.004175 0.011132
0 0.079071 0.083952 0.002610 0.006494
0 0.223904 0.125232 0.003132 0.009276
0 0.226253 0.140074 0.002610 0.007421
0 0.202505 0.079777 0.003132 0.011132