2 0.235000 0.477619 0.190000 0.098095
2 0.265000 0.272381 0.137143 0.072381
2 0.262500 0.228571 0.127857 0.064762
2 0.271429 0.187143 0.120000 0.060000
2 0.251429 0.110476 0.104286 0.068571
2 0.511429 0.114286 0.097143 0.060952
2 0.271071 0.030952 0.086429 0.044762
2 0.516071 0.080952 0.093571 0.059048
2 0.495357 0.065714 0.083571 0.049524
2 0.471786 0.018095 0.073571 0.036190
0 0.449643 0.197143 0.017857 0.064762
0 0.404286 0.329048 0.020000 0.069524
0 0.599286 0.252857 0.015714 0.060000
2 0.790357 0.285238 0.109286 0.130476
2 0.716429 0.576667 0.200000 0.136190
2 0.663214 0.489048 0.177857 0.117143
2 0.960714 0.567143 0.078571 0.157143
0 0.364286 0.021429 0.014286 0.042857
0 0.343214 0.011905 0.010714 0.023810
0 0.324286 0.013810 0.011429 0.027619