2 0.709286 0.965714 0.085714 0.068571
2 0.226786 0.875714 0.082143 0.107619
2 0.953214 0.800000 0.087857 0.118095
2 0.915357 0.747619 0.093571 0.135238
0 0.969286 0.658571 0.034286 0.039048
2 0.825000 0.644286 0.081429 0.120952
2 0.784643 0.580952 0.072143 0.102857
2 0.738214 0.535238 0.073571 0.091429
2 0.699643 0.487143 0.076429 0.086667
2 0.661071 0.444762 0.075000 0.089524
2 0.627857 0.402857 0.072857 0.089524
2 0.535000 0.297143 0.072857 0.078095
2 0.500357 0.259524 0.072143 0.075238
2 0.471071 0.230476 0.070714 0.080000
2 0.418214 0.148095 0.070714 0.071429
0 0.400000 0.101429 0.015714 0.029524
0 0.395357 0.106667 0.013571 0.024762
0 0.391786 0.105714 0.016429 0.028571
0 0.501071 0.166190 0.010714 0.035238
0 0.510000 0.164286 0.008571 0.033333
0 0.503214 0.150000 0.009286 0.027619
0 0.512143 0.144762 0.010000 0.030476
0 0.499286 0.128095 0.014286 0.031429
0 0.526071 0.116667 0.012143 0.014286
0 0.540714 0.132857 0.010000 0.014286
0 0.542143 0.117143 0.012857 0.015238
0 0.554643 0.163810 0.012143 0.020952
0 0.570000 0.163333 0.012857 0.021905
0 0.589643 0.135238 0.009286 0.024762
2 0.245714 0.090000 0.074286 0.073333
2 0.305000 0.039048 0.062857 0.059048
0 0.219643 0.141429 0.012143 0.035238
0 0.206786 0.140000 0.015000 0.036190