0 0.187500 0.943810 0.045000 0.080000
0 0.660357 0.654762 0.030714 0.054286
0 0.222500 0.720952 0.052143 0.062857
2 0.460000 0.741905 0.188571 0.140952
2 0.124643 0.641905 0.077857 0.182857
2 0.278214 0.558095 0.073571 0.137143
2 0.964286 0.682381 0.071429 0.119048
2 0.831071 0.717619 0.173571 0.136190
2 0.967857 0.311905 0.064286 0.132381
2 0.925357 0.324286 0.097857 0.136190
2 0.807143 0.306667 0.085714 0.129524
0 0.581786 0.443810 0.016429 0.055238
0 0.527857 0.277143 0.015714 0.059048
0 0.487857 0.229524 0.010000 0.053333
0 0.504643 0.219524 0.012143 0.050476
0 0.691071 0.155714 0.015000 0.050476
2 0.541786 0.170952 0.082143 0.098095
2 0.497500 0.160476 0.083571 0.094286
2 0.467143 0.132857 0.082857 0.073333
2 0.203571 0.174286 0.061429 0.074286
2 0.307857 0.125238 0.044286 0.063810
2 0.318929 0.042857 0.037857 0.062857
2 0.029286 0.361905 0.057143 0.129524
2 0.055714 0.248571 0.082857 0.106667
2 0.104643 0.158571 0.062143 0.082857
2 0.136786 0.083810 0.055000 0.074286
2 0.224643 0.020952 0.043571 0.040000
2 0.333929 0.012857 0.030714 0.025714
0 0.228571 0.236190 0.010000 0.034286
0 0.233571 0.253333 0.007143 0.036190