0 0.619286 0.710952 0.018571 0.086667
0 0.600357 0.710476 0.016429 0.072381
0 0.556071 0.619048 0.012143 0.053333
0 0.602143 0.620476 0.012857 0.048571
0 0.649286 0.625238 0.012857 0.048571
0 0.675000 0.629524 0.015714 0.055238
0 0.625000 0.610476 0.014286 0.047619
0 0.636071 0.602857 0.010714 0.049524
0 0.614643 0.581905 0.016429 0.043810
0 0.629643 0.585238 0.012143 0.048571
0 0.683929 0.590476 0.012143 0.045714
0 0.685714 0.617143 0.014286 0.041905
0 0.680357 0.581905 0.007857 0.040000
0 0.597500 0.559048 0.015000 0.034286
0 0.563214 0.503333 0.007857 0.023810
2 0.569643 0.467143 0.026429 0.016190
0 0.563214 0.540952 0.007857 0.034286
0 0.542500 0.506667 0.006429 0.022857
0 0.538571 0.504762 0.005714 0.020952