2 0.532143 0.953810 0.027143 0.080952
2 0.388214 0.983810 0.057857 0.032381
2 0.386071 0.946667 0.062143 0.040000
2 0.383571 0.900952 0.052857 0.034286
2 0.386429 0.793810 0.060000 0.054286
2 0.382857 0.600476 0.062857 0.037143
2 0.387500 0.556667 0.063571 0.037143
2 0.387143 0.514286 0.061429 0.038095
0 0.606429 0.177143 0.008571 0.013333
2 0.387857 0.162381 0.054286 0.035238
0 0.342143 0.160476 0.008571 0.016190
2 0.387857 0.114762 0.055714 0.037143
2 0.386071 0.077143 0.056429 0.034286
0 0.327143 0.084762 0.010000 0.019048
0 0.338571 0.083810 0.010000 0.017143
2 0.386429 0.011429 0.054286 0.022857
0 0.747500 0.759524 0.010714 0.018095
0 0.768214 0.384762 0.010714 0.013333
2 0.831786 0.411905 0.030714 0.077143
2 0.841786 0.331429 0.060714 0.032381
0 0.762500 0.319524 0.010714 0.016190
2 0.834286 0.066667 0.052857 0.043810
2 0.825357 0.012857 0.046429 0.025714