2 0.043214 0.339467 0.009286 0.013959
2 0.334286 0.262690 0.007143 0.010152
2 0.244643 0.078680 0.005000 0.005076
2 0.377143 0.328046 0.004286 0.008883
2 0.388929 0.352792 0.005000 0.012690
2 0.369286 0.351523 0.004286 0.010152
2 0.353929 0.371827 0.005000 0.010152
2 0.356786 0.389594 0.005000 0.012690
2 0.360357 0.418147 0.003571 0.008883
2 0.397857 0.223350 0.007143 0.005076
2 0.480357 0.228426 0.009286 0.007614
2 0.548214 0.218274 0.007857 0.005076
2 0.573571 0.228426 0.005714 0.007614
2 0.580000 0.254442 0.002857 0.006345
2 0.565000 0.283629 0.005714 0.008883
2 0.582857 0.484772 0.007143 0.010152
2 0.567143 0.499365 0.010000 0.008883
2 0.553571 0.509518 0.008571 0.008883
2 0.527143 0.554569 0.005714 0.012690
2 0.526429 0.610406 0.005714 0.015228
2 0.407500 0.442893 0.003571 0.010152
2 0.403571 0.461929 0.004286 0.015228
2 0.377143 0.505711 0.004286 0.011421
2 0.394286 0.527284 0.004286 0.011421
2 0.379643 0.576777 0.005000 0.013959
2 0.413929 0.585025 0.005000 0.017766
2 0.402500 0.593909 0.005000 0.015228
2 0.427500 0.628173 0.006429 0.017766
2 0.446071 0.511421 0.005000 0.017766
2 0.381429 0.645939 0.004286 0.015228
2 0.423214 0.661802 0.005000 0.013959
2 0.449286 0.730964 0.005714 0.020305
2 0.447500 0.843909 0.007857 0.025381
2 0.366071 0.954949 0.010714 0.026650
2 0.375000 0.961294 0.008571 0.024112
2 0.368214 0.992386 0.006429 0.012690
2 0.464286 0.892132 0.007143 0.022843
2 0.467500 0.927665 0.006429 0.020305
2 0.644286 0.910533 0.011429 0.024112
2 0.616071 0.833122 0.010714 0.019036
2 0.606071 0.813452 0.010714 0.020305
2 0.593214 0.789340 0.010714 0.020305
2 0.582143 0.768401 0.011429 0.016497
2 0.479643 0.607868 0.007857 0.015228
2 0.497500 0.633883 0.010714 0.013959
2 0.535000 0.680838 0.007143 0.016497
2 0.558929 0.665609 0.010714 0.011421
2 0.571429 0.654188 0.011429 0.013959
2 0.591786 0.638959 0.012143 0.013959
2 0.596429 0.491117 0.010000 0.012690
2 0.558929 0.514594 0.010714 0.011421
2 0.680000 0.434010 0.007143 0.005076
2 0.710000 0.407995 0.008571 0.006345
2 0.800000 0.460025 0.008571 0.013959
2 0.875357 0.528553 0.010714 0.011421
2 0.851071 0.537437 0.006429 0.013959
2 0.846429 0.552030 0.010000 0.012690
2 0.855357 0.552665 0.009286 0.013959
2 0.856786 0.564721 0.009286 0.012690
2 0.867857 0.568528 0.010000 0.012690
2 0.879643 0.581218 0.010714 0.015228
2 0.893929 0.607868 0.010714 0.017766
2 0.904643 0.612310 0.009286 0.013959
2 0.911786 0.649112 0.010714 0.016497
2 0.922143 0.633249 0.011429 0.015228