2 0.661429 0.949524 0.060000 0.085714
2 0.149286 0.950000 0.048571 0.100000
2 0.201786 0.898095 0.040714 0.102857
2 0.117143 0.795714 0.060000 0.086667
2 0.088214 0.778571 0.065000 0.086667
2 0.015714 0.744286 0.031429 0.044762
2 0.051429 0.641429 0.048571 0.056190
2 0.112500 0.608095 0.043571 0.048571
2 0.127143 0.575714 0.050000 0.039048
2 0.168214 0.550476 0.030714 0.045714
0 0.215357 0.560952 0.007857 0.022857
0 0.226429 0.556190 0.008571 0.020952
0 0.220357 0.502381 0.007857 0.023810
0 0.200357 0.472381 0.007857 0.020952
2 0.261429 0.520476 0.051429 0.037143
2 0.257500 0.502857 0.043571 0.028571
2 0.249643 0.478571 0.046429 0.025714
2 0.245000 0.419524 0.041429 0.027619
2 0.243214 0.393810 0.040714 0.027619
2 0.236786 0.366667 0.040714 0.026667
0 0.198571 0.358571 0.007143 0.016190
2 0.227857 0.346190 0.031429 0.021905
2 0.223929 0.335238 0.029286 0.022857
2 0.220714 0.321905 0.025714 0.020952
2 0.217500 0.302857 0.023571 0.019048
2 0.215000 0.290952 0.022857 0.016190
2 0.212500 0.283333 0.022143 0.016190
2 0.208929 0.259524 0.019286 0.016190
2 0.213571 0.275238 0.020000 0.015238
2 0.208929 0.243333 0.020714 0.016190
2 0.156071 0.258571 0.015000 0.020000
2 0.159286 0.303333 0.017143 0.021905
0 0.637857 0.747143 0.007143 0.023810
0 0.616786 0.718571 0.007857 0.025714
0 0.526071 0.688571 0.012143 0.026667
0 0.565357 0.615714 0.009286 0.016190
0 0.648571 0.569048 0.007143 0.014286
0 0.649643 0.564286 0.009286 0.016190
0 0.654643 0.490476 0.007857 0.019048
0 0.565357 0.473810 0.003571 0.012381
0 0.565000 0.471429 0.007143 0.011429
2 0.526071 0.427143 0.027857 0.039048
0 0.396429 0.533810 0.011429 0.012381
0 0.463214 0.545238 0.009286 0.020000
2 0.441071 0.452857 0.026429 0.040952
2 0.455714 0.416190 0.024286 0.038095
2 0.469286 0.385714 0.024286 0.036190
2 0.481429 0.358095 0.021429 0.030476
0 0.550000 0.315238 0.004286 0.011429
0 0.576786 0.296190 0.005000 0.011429
0 0.565000 0.272857 0.005714 0.014286
0 0.600357 0.227619 0.005000 0.007619
2 0.452857 0.261905 0.017143 0.022857
2 0.458571 0.230000 0.012857 0.016190
2 0.488571 0.232381 0.012857 0.019048
2 0.502143 0.234286 0.012857 0.017143
2 0.516071 0.233810 0.012143 0.018095
2 0.530714 0.232857 0.012857 0.018095
0 0.570357 0.225238 0.005000 0.014286
0 0.590714 0.219524 0.004286 0.014286
2 0.574643 0.209048 0.013571 0.023810
0 0.559286 0.192381 0.004286 0.013333
0 0.677500 0.216667 0.003571 0.012381
0 0.678214 0.207619 0.003571 0.013333