2 0.372143 0.590476 0.037143 0.057143
2 0.425357 0.599524 0.039286 0.054286
2 0.502857 0.611905 0.034286 0.063810
2 0.567500 0.628571 0.049286 0.055238
2 0.666429 0.658571 0.052857 0.037143
2 0.733571 0.662857 0.052857 0.034286
2 0.536786 0.496190 0.022143 0.047619
2 0.212857 0.370000 0.027143 0.040952
2 0.079643 0.640952 0.057857 0.038095
2 0.139286 0.651429 0.052857 0.032381
2 0.274643 0.635238 0.039286 0.070476
2 0.447500 0.118571 0.013571 0.027619
2 0.396429 0.340000 0.022857 0.040000
2 0.343571 0.160000 0.018571 0.036190