2 0.533214 0.914762 0.089286 0.113333
2 0.532500 0.496190 0.033571 0.081905
2 0.515714 0.372857 0.025714 0.073333
2 0.512500 0.285238 0.029286 0.060000
2 0.502143 0.215238 0.024286 0.064762
2 0.508929 0.143810 0.019286 0.053333
2 0.166071 0.295238 0.039286 0.059048
2 0.188214 0.226667 0.033571 0.045714
2 0.206786 0.167619 0.025000 0.047619
2 0.221429 0.126190 0.034286 0.044762
2 0.314286 0.082857 0.040000 0.017143
2 0.310714 0.075238 0.047143 0.032381
2 0.321071 0.055714 0.039286 0.023810
2 0.322143 0.041429 0.037143 0.023810
2 0.324286 0.023333 0.037143 0.025714
2 0.327143 0.015714 0.042857 0.025714
2 0.170714 0.475714 0.081429 0.040952
2 0.236071 0.087619 0.023571 0.040000
2 0.259643 0.008571 0.023571 0.017143
2 0.178571 0.010476 0.041429 0.020952
2 0.564643 0.014286 0.017857 0.026667
2 0.631786 0.020476 0.022143 0.033333
2 0.792857 0.190952 0.021429 0.039048
2 0.787500 0.091905 0.025000 0.042857
2 0.677143 0.195714 0.030000 0.050476
2 0.626071 0.125238 0.019286 0.046667
2 0.614286 0.060000 0.022857 0.038095
2 0.655714 0.093333 0.030000 0.040000
0 0.815714 0.167143 0.008571 0.025714
0 0.825000 0.167619 0.010000 0.026667
0 0.987143 0.837619 0.025714 0.023810
0 0.587857 0.012381 0.008571 0.024762
0 0.040714 0.506667 0.017143 0.030476
0 0.017500 0.812381 0.025000 0.022857
0 0.585714 0.686667 0.011429 0.017143
0 0.757500 0.396667 0.012143 0.016190
0 0.851429 0.527143 0.011429 0.014286
0 0.501786 0.038571 0.006429 0.014286
0 0.523571 0.075238 0.008571 0.017143
0 0.698571 0.089524 0.008571 0.019048
0 0.460714 0.172857 0.007143 0.021905
0 0.447857 0.325238 0.012857 0.023810