2 0.200357 0.233333 0.093571 0.059048
2 0.292857 0.651905 0.045714 0.124762
2 0.279643 0.821429 0.049286 0.138095
2 0.265000 0.963810 0.052857 0.072381
0 0.166786 0.961905 0.017857 0.022857
0 0.308214 0.986190 0.019286 0.021905
2 0.315357 0.372857 0.047857 0.117143
0 0.337143 0.417619 0.015714 0.025714
0 0.226786 0.282857 0.017857 0.024762
0 0.189643 0.439048 0.019286 0.017143
0 0.141429 0.278095 0.020000 0.024762
0 0.212143 0.400000 0.015714 0.020952
0 0.221786 0.380952 0.019286 0.022857
0 0.547500 0.441429 0.009286 0.021905
0 0.534643 0.676190 0.012143 0.020952
0 0.657500 0.684762 0.019286 0.019048
2 0.945714 0.674286 0.064286 0.127619
2 0.802143 0.257619 0.041429 0.098095
0 0.763571 0.109524 0.014286 0.034286
0 0.753929 0.106667 0.015000 0.034286
0 0.758571 0.065714 0.017143 0.040000
2 0.629643 0.945714 0.049286 0.108571
0 0.058929 0.115238 0.022143 0.032381
0 0.021071 0.159048 0.022143 0.032381
0 0.792500 0.700952 0.019286 0.017143
0 0.848214 0.863810 0.022143 0.019048
0 0.870000 0.903333 0.024286 0.031429
0 0.804643 0.899524 0.017857 0.023810
0 0.751071 0.960952 0.020714 0.024762
0 0.787143 0.957143 0.020000 0.024762
0 0.846071 0.930476 0.022143 0.026667
0 0.863571 0.934762 0.024286 0.020000
0 0.743571 0.779048 0.015714 0.019048
0 0.718214 0.803333 0.016429 0.020000
0 0.721071 0.814762 0.006429 0.016190
0 0.730714 0.796190 0.018571 0.022857