2 0.742500 0.776667 0.050714 0.088571
2 0.901071 0.902381 0.142143 0.113333
2 0.342143 0.590952 0.061429 0.046667
2 0.220714 0.602857 0.065714 0.041905
2 0.064286 0.705714 0.082857 0.064762
2 0.368571 0.546667 0.047143 0.036190
2 0.282500 0.535714 0.046429 0.037143
2 0.467143 0.548571 0.050000 0.040000
2 0.497143 0.523810 0.047143 0.036190
2 0.456071 0.510476 0.042143 0.034286
2 0.422857 0.502857 0.031429 0.032381
2 0.359643 0.498571 0.043571 0.037143
2 0.910714 0.567143 0.032857 0.039048
2 0.833929 0.422857 0.016429 0.019048
2 0.841071 0.390000 0.016429 0.016190
2 0.236071 0.454286 0.046429 0.030476
2 0.276429 0.503810 0.050000 0.036190
2 0.235714 0.520476 0.052857 0.029524
2 0.292500 0.471429 0.036429 0.028571
2 0.317143 0.475238 0.044286 0.038095
2 0.333571 0.483810 0.037143 0.026667
2 0.381429 0.490476 0.048571 0.032381
2 0.478214 0.472857 0.033571 0.025714
2 0.493571 0.488571 0.034286 0.026667
2 0.425357 0.475238 0.040714 0.030476
2 0.509643 0.510476 0.045000 0.034286
2 0.531429 0.506190 0.047143 0.029524
2 0.539286 0.494286 0.038571 0.028571
2 0.547857 0.486667 0.041429 0.030476
2 0.568929 0.474286 0.045000 0.032381
2 0.863929 0.374286 0.010714 0.013333
2 0.819643 0.356190 0.010714 0.013333
2 0.868929 0.345714 0.007857 0.011429
2 0.851071 0.357143 0.007857 0.011429
2 0.855714 0.334762 0.007143 0.008571
2 0.873571 0.328571 0.007143 0.007619
2 0.861429 0.317619 0.005714 0.004762
2 0.891429 0.377143 0.010000 0.013333
2 0.888571 0.362381 0.010000 0.010476
2 0.886071 0.350000 0.010714 0.014286
2 0.856071 0.350000 0.009286 0.010476
2 0.826071 0.335714 0.012143 0.010476
2 0.770000 0.385238 0.012857 0.014286
2 0.777857 0.377619 0.014286 0.014286
2 0.790714 0.360476 0.010000 0.012381
2 0.786071 0.366190 0.009286 0.010476
2 0.796786 0.355238 0.010714 0.011429
2 0.842857 0.410000 0.014286 0.014286
0 0.884643 0.417143 0.006429 0.017143
2 0.900000 0.513810 0.024286 0.029524
0 0.858571 0.511429 0.008571 0.019048
0 0.822500 0.560000 0.009286 0.019048
0 0.912500 0.624286 0.015000 0.033333
2 0.987857 0.634286 0.024286 0.055238
2 0.971071 0.578095 0.035000 0.045714
2 0.322143 0.524286 0.045714 0.029524
0 0.388929 0.512857 0.007857 0.025714
0 0.515714 0.575238 0.008571 0.026667
0 0.593571 0.565238 0.008571 0.027619
0 0.582857 0.564286 0.008571 0.027619
0 0.543571 0.555714 0.005714 0.025714
0 0.534286 0.561429 0.010000 0.027619
0 0.547500 0.588095 0.012143 0.029524
2 0.047143 0.932857 0.094286 0.132381
0 0.059643 0.524762 0.012143 0.028571
0 0.168571 0.565238 0.011429 0.029524