2 0.374286 0.919048 0.215714 0.161905
2 0.391786 0.754286 0.202143 0.217143
2 0.692857 0.665714 0.098571 0.220952
2 0.660714 0.446190 0.068571 0.138095
0 0.605357 0.129048 0.039286 0.060000
0 0.561429 0.213333 0.008571 0.041905
0 0.582857 0.150000 0.010000 0.040952
2 0.607857 0.084762 0.077143 0.057143
2 0.443214 0.326190 0.117857 0.084762
2 0.447500 0.263333 0.093571 0.071429
2 0.460357 0.207143 0.092143 0.067619
2 0.455714 0.170476 0.077143 0.055238
2 0.461786 0.131905 0.080714 0.050476
0 0.392857 0.298095 0.015714 0.051429
2 0.343571 0.014762 0.060000 0.029524
2 0.383214 0.047619 0.040714 0.051429
2 0.282857 0.104762 0.081429 0.051429
2 0.272857 0.135714 0.084286 0.054286
2 0.259286 0.166667 0.092857 0.057143
2 0.236429 0.198095 0.088571 0.066667
2 0.247143 0.047619 0.055714 0.060952
2 0.218214 0.099524 0.052143 0.056190
0 0.190714 0.256667 0.020000 0.042857
0 0.172143 0.263810 0.020000 0.055238
0 0.157500 0.256190 0.017857 0.045714
2 0.074286 0.287143 0.084286 0.090476
0 0.168214 0.408571 0.025000 0.053333
2 0.210357 0.331905 0.080714 0.113333
2 0.280000 0.487619 0.094286 0.148571
2 0.125000 0.429048 0.072857 0.132381
2 0.030000 0.404286 0.060000 0.130476