2 0.108571 0.897619 0.124286 0.197143
2 0.198571 0.831905 0.128571 0.220000
2 0.275000 0.749524 0.120000 0.186667
2 0.350714 0.692381 0.125714 0.171429
2 0.196429 0.602857 0.142857 0.154286
2 0.375714 0.523333 0.118571 0.124762
2 0.342500 0.466667 0.115000 0.114286
2 0.298929 0.415714 0.120714 0.117143
2 0.268571 0.368095 0.117143 0.113333
2 0.238929 0.330000 0.107857 0.098095
2 0.504643 0.214762 0.076429 0.092381
2 0.158571 0.220952 0.105714 0.087619
2 0.108571 0.202381 0.102857 0.080952
2 0.117143 0.157619 0.097143 0.075238
2 0.093571 0.130952 0.100000 0.075238
2 0.062500 0.612381 0.125000 0.142857
2 0.051429 0.541905 0.102857 0.099048
2 0.043571 0.485714 0.087143 0.104762
2 0.023214 0.423810 0.046429 0.064762
2 0.017500 0.380952 0.035000 0.060952
2 0.915714 0.301905 0.091429 0.066667
2 0.900714 0.166667 0.058571 0.062857
0 0.583214 0.963333 0.026429 0.040952
0 0.510357 0.747143 0.025000 0.025714
0 0.585000 0.664286 0.017143 0.040952
0 0.636429 0.716190 0.021429 0.049524
0 0.540714 0.615238 0.021429 0.049524
0 0.626429 0.603810 0.024286 0.041905
0 0.412857 0.654762 0.021429 0.021905
0 0.499286 0.529524 0.018571 0.041905
0 0.518571 0.515238 0.020000 0.047619
0 0.484643 0.515714 0.019286 0.040952
0 0.736071 0.472857 0.019286 0.031429
0 0.743214 0.471429 0.009286 0.034286
0 0.671786 0.060476 0.015000 0.035238
0 0.798929 0.123810 0.012143 0.034286
0 0.856071 0.185238 0.019286 0.035238
0 0.961429 0.248095 0.022857 0.039048
0 0.962500 0.211905 0.019286 0.029524
2 0.845000 0.014762 0.064286 0.029524