2 0.379286 0.851429 0.055714 0.148571
2 0.402143 0.663333 0.050000 0.122857
2 0.513214 0.880000 0.042143 0.140952
2 0.642500 0.451905 0.090714 0.065714
2 0.673214 0.265238 0.097857 0.069524
2 0.703571 0.161905 0.094286 0.068571
2 0.719643 0.090000 0.089286 0.065714
2 0.098214 0.958571 0.095000 0.067619
2 0.104286 0.889048 0.102857 0.071429
2 0.124643 0.757143 0.102143 0.066667
2 0.148929 0.556667 0.100714 0.063810
2 0.161071 0.480476 0.093571 0.065714
2 0.166071 0.418095 0.099286 0.060952
2 0.173214 0.354762 0.097857 0.069524
2 0.180714 0.287143 0.092857 0.058095
2 0.189286 0.228571 0.095714 0.060952
2 0.193929 0.170476 0.087857 0.059048
2 0.200000 0.107143 0.092857 0.071429
2 0.210357 0.050476 0.092143 0.055238
2 0.029286 0.054286 0.058571 0.062857
2 0.084643 0.028571 0.049286 0.057143
2 0.024643 0.353333 0.049286 0.125714
0 0.471071 0.468571 0.013571 0.019048
0 0.790357 0.230952 0.017857 0.027619
0 0.780357 0.210952 0.016429 0.027619
0 0.757857 0.347619 0.015714 0.020952
0 0.804286 0.209524 0.017143 0.024762
0 0.771429 0.414762 0.020000 0.023810
0 0.797857 0.347143 0.020000 0.016190
0 0.800000 0.333810 0.017143 0.014286
0 0.786429 0.095714 0.012857 0.020000
0 0.817143 0.087143 0.008571 0.021905
0 0.784643 0.068095 0.016429 0.029524
0 0.797143 0.059048 0.012857 0.030476
0 0.811429 0.080000 0.014286 0.024762
0 0.797500 0.097619 0.015000 0.027619
0 0.793929 0.152857 0.015000 0.018095
0 0.787500 0.142381 0.017857 0.023810
0 0.805000 0.511905 0.018571 0.018095
0 0.817857 0.515238 0.018571 0.015238
0 0.796429 0.743333 0.021429 0.023810
0 0.762143 0.660000 0.014286 0.017143
0 0.704286 0.636190 0.014286 0.020952
0 0.785357 0.957143 0.019286 0.036190
0 0.746786 0.942857 0.022143 0.036190
0 0.793214 0.820000 0.026429 0.019048
0 0.747143 0.887619 0.021429 0.036190
0 0.696786 0.893810 0.010714 0.027619