2 0.526250 0.720000 0.043500 0.030667
2 0.523500 0.784667 0.052000 0.040000
2 0.571750 0.740667 0.047500 0.033333
0 0.461250 0.711000 0.007500 0.018000
2 0.477750 0.699000 0.035500 0.027333
2 0.444750 0.684667 0.033500 0.024000
2 0.413500 0.721333 0.041000 0.030667
2 0.380750 0.701333 0.036500 0.028000
0 0.341500 0.655000 0.005000 0.016667
0 0.330750 0.638333 0.004500 0.015333
0 0.377500 0.663000 0.004000 0.018000
0 0.418250 0.651667 0.006500 0.016667
2 0.380750 0.657333 0.028500 0.020000
2 0.362000 0.647667 0.026000 0.019333
2 0.369000 0.624000 0.030000 0.014667
2 0.322000 0.630667 0.009000 0.017333
0 0.334500 0.643000 0.003000 0.006000
2 0.698750 0.699667 0.044500 0.030000
2 0.716750 0.692667 0.040500 0.025333
2 0.719250 0.727333 0.036500 0.033333
2 0.729500 0.753333 0.042000 0.034667
2 0.780750 0.830000 0.080500 0.052000
2 0.645750 0.854000 0.075500 0.057333
0 0.654500 0.824333 0.005000 0.019333
0 0.677750 0.841000 0.006500 0.024667
0 0.678250 0.832000 0.004500 0.021333
0 0.679500 0.828000 0.005000 0.022667
0 0.677500 0.816333 0.004000 0.011333
0 0.683250 0.822333 0.009500 0.039333
2 0.808250 0.649667 0.040500 0.026000
2 0.830000 0.643333 0.042000 0.021333
2 0.840000 0.638667 0.033000 0.022667
0 0.881750 0.579333 0.003500 0.012000
2 0.898500 0.883667 0.099000 0.067333
2 0.833000 0.956667 0.107000 0.080000
0 0.717750 0.649667 0.004500 0.016667
0 0.728250 0.605333 0.002500 0.013333
0 0.704500 0.602000 0.003000 0.008000
0 0.722500 0.605667 0.002000 0.003333
0 0.709750 0.602667 0.001500 0.008000
2 0.453750 0.540000 0.010500 0.006667
2 0.440750 0.531667 0.010500 0.006000
2 0.421500 0.576000 0.016000 0.010667
2 0.403750 0.531000 0.007500 0.006000
0 0.420000 0.542333 0.001000 0.006000
0 0.411500 0.562000 0.002000 0.006667
2 0.327250 0.670667 0.017500 0.022667
2 0.831750 0.553333 0.009500 0.008000
2 0.851250 0.632000 0.028500 0.014667
2 0.866500 0.629000 0.025000 0.010000
2 0.882250 0.631333 0.031500 0.018667
2 0.929500 0.618667 0.027000 0.016000
2 0.668750 0.548333 0.012500 0.007333
2 0.677500 0.548667 0.014000 0.005333
2 0.670750 0.555667 0.014500 0.006000
2 0.680500 0.555333 0.016000 0.008000
2 0.685250 0.553667 0.014500 0.008667
2 0.830000 0.731333 0.063000 0.033333
2 0.800000 0.707000 0.036000 0.027333
2 0.989000 0.929000 0.022000 0.043333