2 0.246250 0.838333 0.082500 0.142000
2 0.283750 0.706667 0.062500 0.109333
2 0.337000 0.476667 0.028000 0.052000
2 0.343500 0.437000 0.029000 0.035333
2 0.348000 0.405000 0.025000 0.039333
2 0.433750 0.467000 0.028500 0.059333
2 0.349500 0.346333 0.022000 0.044667
2 0.407250 0.299333 0.020500 0.024000
2 0.400250 0.286333 0.023500 0.020667
2 0.735000 0.703333 0.065000 0.086667
2 0.636750 0.913667 0.055500 0.115333
2 0.651250 0.528667 0.044500 0.048000
2 0.606750 0.441000 0.036500 0.036667
0 0.600750 0.519333 0.008500 0.029333
0 0.601750 0.525333 0.009500 0.020000
2 0.535750 0.319333 0.014500 0.022667
2 0.376750 0.222333 0.010500 0.011333
2 0.350250 0.222000 0.011500 0.013333