2 0.522143 0.859048 0.055714 0.102857
0 0.590000 0.612381 0.008571 0.024762
0 0.846071 0.662381 0.017857 0.027619
0 0.312143 0.436190 0.007143 0.020952
2 0.159286 0.083333 0.007143 0.008571
2 0.173571 0.112381 0.007143 0.009524
2 0.172857 0.124762 0.007143 0.007619
2 0.202857 0.151429 0.010000 0.011429
0 0.188571 0.172381 0.004286 0.007619
0 0.212857 0.227619 0.004286 0.011429
0 0.222500 0.232857 0.005000 0.010476
2 0.151429 0.279524 0.012857 0.018095
2 0.156786 0.314286 0.012143 0.019048
2 0.068929 0.391429 0.043571 0.024762
2 0.069643 0.405714 0.046429 0.024762
2 0.161071 0.330000 0.015000 0.020000
0 0.322500 0.931429 0.009286 0.024762
0 0.313214 0.923810 0.009286 0.024762
0 0.217500 0.949524 0.017857 0.026667
0 0.561786 0.703333 0.010714 0.021905
2 0.317143 0.130000 0.008571 0.010476
0 0.836786 0.716190 0.012143 0.024762
0 0.505714 0.715714 0.011429 0.018095
0 0.614286 0.628095 0.008571 0.018095