2 0.022500 0.065990 0.012143 0.015228
2 0.106429 0.027284 0.014286 0.016497
2 0.053929 0.065355 0.016429 0.016497
2 0.118571 0.132614 0.015714 0.024112
2 0.149643 0.024746 0.009286 0.016497
2 0.151071 0.115482 0.015000 0.020305
2 0.164286 0.138325 0.010000 0.020305
2 0.142857 0.109137 0.012857 0.020305
2 0.335714 0.169416 0.014286 0.019036
2 0.810357 0.345178 0.016429 0.017766
2 0.785714 0.368655 0.011429 0.019036
2 0.764286 0.398477 0.014286 0.020305
2 0.732857 0.448604 0.014286 0.021574
2 0.667143 0.547589 0.014286 0.024112
2 0.584286 0.674492 0.017143 0.026650
2 0.531429 0.755711 0.020000 0.031726