2 0.351429 0.922589 0.054286 0.058376
2 0.761429 0.719543 0.030000 0.065990
2 0.823929 0.651650 0.050714 0.079949
2 0.895000 0.384518 0.042857 0.045685
2 0.795714 0.368655 0.044286 0.049492
2 0.556071 0.253807 0.035000 0.045685
2 0.587857 0.189086 0.034286 0.040609
2 0.309286 0.255076 0.031429 0.035533
2 0.265000 0.298858 0.038571 0.044416
0 0.114643 0.350254 0.010714 0.020305
0 0.212143 0.267132 0.010000 0.026650
0 0.403571 0.045685 0.007143 0.022843
0 0.506786 0.036168 0.007857 0.031726
2 0.398929 0.178299 0.029286 0.026650
0 0.975714 0.366117 0.010000 0.031726
0 0.751786 0.278553 0.005000 0.021574
0 0.779286 0.294416 0.010000 0.032995
0 0.766071 0.284898 0.007857 0.021574
0 0.744643 0.275381 0.007857 0.025381
0 0.732143 0.256980 0.008571 0.029188
0 0.069286 0.927030 0.014286 0.031726
0 0.062857 0.935279 0.011429 0.032995