0 0.825357 0.051429 0.007857 0.020952
0 0.829286 0.088095 0.010000 0.018095
0 0.835714 0.116667 0.011429 0.018095
0 0.843929 0.127619 0.006429 0.020952
0 0.777143 0.345238 0.010000 0.016190
0 0.387500 0.161905 0.010714 0.030476
0 0.697500 0.856190 0.012143 0.011429
0 0.211786 0.753333 0.019286 0.017143
0 0.160000 0.549048 0.015714 0.021905
0 0.791786 0.435238 0.015000 0.024762
2 0.528571 0.952857 0.057143 0.094286
2 0.672857 0.740000 0.037143 0.100952
2 0.557143 0.819048 0.048571 0.099048
2 0.302143 0.585238 0.058571 0.111429
2 0.335714 0.474762 0.055714 0.101905
2 0.376429 0.361429 0.052857 0.092381
2 0.699643 0.513333 0.073571 0.076190
2 0.445000 0.176667 0.038571 0.082857
2 0.670000 0.278571 0.041429 0.092381
2 0.683571 0.198095 0.042857 0.080000
2 0.766429 0.181905 0.032857 0.068571
2 0.704286 0.100476 0.037143 0.077143
2 0.713571 0.024762 0.037143 0.049524
2 0.497857 0.028571 0.041429 0.057143