2 0.614286 0.520305 0.028571 0.091371
2 0.397857 0.587563 0.030000 0.083756
2 0.445000 0.189721 0.018571 0.044416
2 0.281786 0.706218 0.059286 0.090102
2 0.255714 0.831853 0.054286 0.102792
2 0.293214 0.654188 0.046429 0.079949
2 0.117500 0.364848 0.046429 0.034264
2 0.065714 0.361675 0.057143 0.035533
2 0.172143 0.364848 0.054286 0.034264
2 0.224643 0.366117 0.049286 0.044416
2 0.537143 0.949873 0.040000 0.097716
0 0.237143 0.758249 0.012857 0.034264
0 0.308214 0.825508 0.012143 0.041878
0 0.300714 0.826777 0.010000 0.036802
0 0.322857 0.769670 0.010000 0.036802
0 0.312143 0.770939 0.010000 0.041878
0 0.375000 0.318528 0.007143 0.032995
0 0.396429 0.272208 0.005714 0.029188
0 0.769643 0.269670 0.006429 0.031726
0 0.756786 0.235406 0.006429 0.024112
0 0.752857 0.248731 0.007143 0.032995