2 0.412857 0.986675 0.041429 0.024112
2 0.356071 0.058376 0.003571 0.005076
2 0.353929 0.065355 0.005000 0.006345
2 0.339643 0.072970 0.003571 0.006345
2 0.344643 0.085660 0.005000 0.008883
2 0.353929 0.077411 0.003571 0.005076
2 0.364643 0.064086 0.003571 0.003807
2 0.375714 0.063452 0.004286 0.005076
2 0.385357 0.024746 0.003571 0.006345
2 0.391429 0.031091 0.002857 0.006345
2 0.390714 0.020939 0.002857 0.003807
2 0.375357 0.019670 0.003571 0.003807
2 0.374643 0.049492 0.003571 0.005076
2 0.349643 0.090102 0.005000 0.007614
2 0.488214 0.114848 0.015000 0.011421
2 0.487143 0.086294 0.011429 0.010152
2 0.490714 0.088832 0.011429 0.010152
2 0.390714 0.152284 0.004286 0.010152
2 0.481071 0.214467 0.006429 0.012690
2 0.693929 0.015863 0.006429 0.006345
2 0.710357 0.134518 0.010714 0.010152
0 0.599286 0.215102 0.002857 0.011421
0 0.607857 0.214467 0.002857 0.010152
0 0.628929 0.212563 0.003571 0.011421
0 0.684643 0.206218 0.002143 0.011421
0 0.697500 0.206853 0.002143 0.010152
0 0.725714 0.203046 0.002857 0.010152
0 0.718214 0.204949 0.002143 0.011421
2 0.715357 0.309010 0.016429 0.021574
2 0.702143 0.310279 0.015714 0.019036
2 0.678929 0.313452 0.016429 0.022843
2 0.751786 0.349619 0.016429 0.016497
0 0.786071 0.279188 0.003571 0.015228
0 0.790000 0.279188 0.002857 0.012690
0 0.719643 0.369924 0.003571 0.016497
0 0.721071 0.371827 0.003571 0.012690
0 0.723571 0.393401 0.004286 0.015228
0 0.735357 0.397843 0.003571 0.019036
0 0.736071 0.398477 0.003571 0.017766
0 0.838929 0.351523 0.003571 0.015228
0 0.841786 0.350254 0.003571 0.012690
0 0.973214 0.536802 0.009286 0.020305
0 0.911786 0.536802 0.007857 0.015228
0 0.840357 0.531091 0.005000 0.013959
0 0.869286 0.503173 0.005714 0.016497
0 0.872500 0.501269 0.005000 0.015228
0 0.797143 0.492386 0.005714 0.015228
0 0.432500 0.352157 0.003571 0.011421
0 0.443929 0.419416 0.003571 0.006345
0 0.444643 0.423858 0.003571 0.010152
2 0.437857 0.564721 0.017143 0.022843
2 0.352857 0.494289 0.011429 0.026650
2 0.393214 0.793147 0.033571 0.038071
2 0.406429 0.966371 0.040000 0.046954
2 0.278214 0.771574 0.017857 0.050761
2 0.288571 0.522208 0.010000 0.029188
2 0.240000 0.536168 0.012857 0.034264
2 0.058571 0.354061 0.012857 0.015228
0 0.083929 0.350888 0.002143 0.008883
2 0.088929 0.393401 0.012143 0.020305
2 0.103571 0.348985 0.011429 0.012690
0 0.105714 0.365482 0.004286 0.012690
2 0.115714 0.373096 0.012857 0.017766
2 0.125714 0.347716 0.011429 0.015228
2 0.130000 0.410533 0.012857 0.016497
2 0.160357 0.359137 0.010714 0.017766
2 0.268214 0.321701 0.007857 0.013959
2 0.279286 0.180838 0.007143 0.008883
2 0.312143 0.169416 0.005714 0.008883
2 0.300357 0.163071 0.006429 0.008883
0 0.113571 0.215102 0.004286 0.011421
0 0.127857 0.206218 0.002857 0.013959
2 0.169286 0.222716 0.010000 0.011421
2 0.180000 0.215102 0.011429 0.008883
2 0.197500 0.196066 0.010714 0.008883
2 0.241786 0.177030 0.009286 0.008883
0 0.233571 0.199239 0.002857 0.007614
2 0.288929 0.130711 0.006429 0.007614
2 0.274286 0.143401 0.005714 0.007614
0 0.900000 0.704949 0.010000 0.024112
0 0.837857 0.706218 0.007143 0.021574