2 0.014286 0.968571 0.028571 0.062857
2 0.109643 0.570476 0.095000 0.045714
2 0.496429 0.703333 0.064286 0.111429
2 0.529643 0.625238 0.059286 0.075238
2 0.718214 0.602381 0.067857 0.054286
2 0.852500 0.760476 0.099286 0.090476
2 0.827143 0.566190 0.068571 0.037143
2 0.906071 0.532857 0.050714 0.031429
2 0.962500 0.510476 0.043571 0.020952
2 0.939643 0.495714 0.043571 0.020000
2 0.873214 0.477619 0.043571 0.025714
2 0.922143 0.466667 0.040000 0.026667
2 0.920357 0.454286 0.032143 0.015238
2 0.982500 0.455238 0.033571 0.019048
2 0.792143 0.435714 0.031429 0.025714
2 0.767143 0.436667 0.030000 0.027619
2 0.746071 0.434762 0.022143 0.023810
2 0.714643 0.435714 0.017857 0.025714
2 0.690357 0.456667 0.047857 0.023810
2 0.686786 0.435238 0.019286 0.020952
2 0.712143 0.538571 0.061429 0.037143
2 0.625000 0.545714 0.057143 0.040000
2 0.567857 0.502857 0.042857 0.028571
2 0.516786 0.527143 0.042143 0.042857
2 0.496429 0.476667 0.025714 0.031429
2 0.525357 0.465714 0.026429 0.024762
2 0.469643 0.445714 0.023571 0.026667
2 0.442143 0.412857 0.022857 0.020000
2 0.285357 0.412857 0.016429 0.020000
2 0.280357 0.393810 0.013571 0.018095
2 0.277500 0.370476 0.010714 0.017143
2 0.274286 0.331429 0.014286 0.011429
2 0.028214 0.476190 0.053571 0.028571
2 0.017857 0.443333 0.030000 0.027619
2 0.087143 0.432857 0.031429 0.031429
2 0.115357 0.426667 0.035000 0.022857
2 0.130357 0.415714 0.047857 0.027619
2 0.206071 0.435714 0.020714 0.042857
2 0.213571 0.419048 0.015714 0.026667
2 0.215714 0.399048 0.015714 0.024762
0 0.050357 0.621905 0.015000 0.051429
0 0.151429 0.457619 0.007143 0.029524
0 0.159286 0.463333 0.005714 0.025714
0 0.146786 0.509524 0.007857 0.032381
0 0.180000 0.486190 0.008571 0.023810
0 0.594643 0.445714 0.007857 0.015238
0 0.674643 0.474286 0.006429 0.022857
0 0.793929 0.504286 0.007857 0.023810
0 0.798571 0.501905 0.007143 0.022857
0 0.806786 0.504762 0.009286 0.022857
0 0.727500 0.457143 0.007857 0.022857
0 0.733571 0.464286 0.008571 0.012381
0 0.887500 0.590476 0.015000 0.034286
0 0.974643 0.580476 0.006429 0.023810
0 0.070714 0.558571 0.012857 0.037143
2 0.276071 0.349048 0.012143 0.012381
0 0.602500 0.454762 0.005000 0.021905
0 0.395000 0.342857 0.002857 0.009524
2 0.331429 0.301905 0.005714 0.005714
2 0.326071 0.281429 0.005000 0.006667
2 0.301071 0.271905 0.005000 0.004762
0 0.191786 0.370000 0.005000 0.014286
0 0.197143 0.370000 0.007143 0.016190
0 0.183929 0.337619 0.005000 0.012381
2 0.137143 0.399048 0.045714 0.019048
2 0.144643 0.394286 0.040714 0.020952
2 0.165357 0.361905 0.035000 0.019048
2 0.160000 0.367619 0.032857 0.017143
2 0.155000 0.373810 0.038571 0.016190
2 0.153571 0.380952 0.042857 0.022857
0 0.159286 0.428571 0.005714 0.026667
0 0.170000 0.425714 0.007143 0.028571
2 0.633214 0.428095 0.026429 0.020000
2 0.463929 0.520952 0.030714 0.041905
0 0.790357 0.802381 0.016429 0.050476
2 0.068571 0.497619 0.037143 0.021905
0 0.094286 0.899048 0.025714 0.051429
0 0.266786 0.726190 0.023571 0.046667
0 0.330714 0.580476 0.014286 0.035238
0 0.402500 0.363810 0.005000 0.009524
0 0.375000 0.336190 0.004286 0.011429
0 0.393214 0.353810 0.003571 0.008571
0 0.658571 0.496190 0.008571 0.017143
0 0.638571 0.465714 0.008571 0.020952
0 0.666429 0.476190 0.007143 0.022857
0 0.754286 0.486667 0.004286 0.024762
0 0.671429 0.476190 0.004286 0.020952
0 0.785000 0.468571 0.005714 0.019048
2 0.938214 0.610952 0.042143 0.046667