2 0.568633 0.839054 0.024530 0.086271
2 0.530271 0.867347 0.022965 0.085343
2 0.500783 0.832096 0.024530 0.089054
2 0.562109 0.748145 0.021921 0.065863
2 0.526879 0.729592 0.027662 0.082560
2 0.495303 0.744898 0.019833 0.063080
2 0.497129 0.653061 0.017223 0.064935
2 0.527401 0.634972 0.020355 0.078850
2 0.469468 0.636827 0.017223 0.062152
2 0.552453 0.605751 0.019311 0.059369
2 0.496608 0.586271 0.015136 0.050093
2 0.519833 0.539425 0.017745 0.049165
2 0.497129 0.535250 0.017223 0.051948
2 0.494259 0.472635 0.011482 0.039889
2 0.519050 0.482839 0.018267 0.045455
2 0.496086 0.429963 0.010960 0.036178
2 0.518528 0.414657 0.010960 0.031540
2 0.498434 0.395176 0.014614 0.033395
2 0.517745 0.357607 0.013570 0.030612
2 0.543058 0.223098 0.012004 0.023191
2 0.153706 0.527365 0.041232 0.030612
2 0.164405 0.502319 0.037578 0.025046
2 0.493215 0.120594 0.007307 0.020408
0 0.347599 0.938312 0.010438 0.017625
0 0.372912 0.894249 0.008873 0.022263