2 0.509643 0.014286 0.059286 0.028571
2 0.515357 0.089524 0.056429 0.049524
2 0.502500 0.152381 0.065000 0.041905
2 0.478929 0.210000 0.066429 0.042857
2 0.501071 0.253333 0.066429 0.034286
2 0.494643 0.296667 0.067857 0.040952
2 0.491786 0.352381 0.060714 0.038095
2 0.464286 0.398095 0.052857 0.043810
2 0.473214 0.441429 0.070714 0.044762
2 0.473214 0.530952 0.065000 0.058095
2 0.482143 0.776667 0.077143 0.046667
2 0.288571 0.915238 0.077143 0.108571
2 0.287500 0.835714 0.065000 0.086667
0 0.363214 0.984286 0.013571 0.020000
0 0.423571 0.992381 0.010000 0.013333
0 0.368929 0.872857 0.009286 0.020000
0 0.358929 0.852857 0.012143 0.016190
0 0.348214 0.830952 0.010714 0.014286
0 0.406429 0.794762 0.012857 0.012381
0 0.417857 0.791905 0.008571 0.006667
0 0.358929 0.740952 0.015000 0.022857
0 0.371786 0.525714 0.010714 0.013333
0 0.394286 0.413810 0.011429 0.020000
0 0.330000 0.108095 0.012857 0.021905