0 0.505000 0.133333 0.010000 0.026667
0 0.571429 0.167619 0.010000 0.022857
2 0.460357 0.140476 0.076429 0.048571
2 0.459643 0.189524 0.079286 0.051429
2 0.461071 0.241429 0.075000 0.046667
2 0.460714 0.284286 0.078571 0.044762
2 0.450000 0.347619 0.072857 0.045714
2 0.452857 0.398571 0.075714 0.044762
0 0.381786 0.512381 0.009286 0.013333
0 0.510000 0.574762 0.010000 0.016190
2 0.457857 0.508095 0.074286 0.040952
2 0.461071 0.561429 0.075000 0.040952
2 0.464286 0.608571 0.077143 0.045714
2 0.456429 0.660000 0.071429 0.045714
2 0.451786 0.798095 0.073571 0.049524
2 0.448929 0.855714 0.073571 0.046667
2 0.451071 0.907619 0.079286 0.057143
2 0.459286 0.959048 0.072857 0.043810
2 0.695357 0.957143 0.076429 0.053333
2 0.704643 0.867143 0.075000 0.044762
2 0.710714 0.767619 0.078571 0.051429
2 0.706429 0.716190 0.072857 0.041905
2 0.679643 0.592381 0.070714 0.043810
2 0.703571 0.537143 0.074286 0.043810
0 0.542500 0.400476 0.013571 0.044762
0 0.656786 0.453810 0.010714 0.012381
2 0.644286 0.408095 0.071429 0.046667
2 0.638214 0.355714 0.073571 0.050476
2 0.627857 0.303810 0.074286 0.057143
0 0.581429 0.296190 0.012857 0.017143