2 0.082143 0.107868 0.011429 0.035533
2 0.077143 0.369924 0.012857 0.046954
2 0.133571 0.357234 0.012857 0.041878
2 0.110000 0.072335 0.011429 0.038071
2 0.111071 0.451142 0.015000 0.044416
2 0.110000 0.893401 0.015714 0.068528
2 0.453214 0.473350 0.016429 0.043147
2 0.465714 0.526015 0.021429 0.054569
2 0.587857 0.935914 0.028571 0.074873
2 0.537143 0.710025 0.024286 0.072335
2 0.564643 0.842640 0.027857 0.078680
2 0.497500 0.776015 0.025000 0.067259
0 0.079286 0.190355 0.004286 0.007614
0 0.243571 0.553934 0.005714 0.013959
0 0.281071 0.549492 0.006429 0.015228
0 0.775714 0.934645 0.004286 0.008883