2 0.283214 0.663810 0.190714 0.106667
2 0.301071 0.614286 0.155000 0.076190
2 0.424286 0.471429 0.042857 0.057143
2 0.411071 0.432381 0.037857 0.040000
2 0.319643 0.352381 0.027857 0.024762
2 0.311786 0.307143 0.019286 0.023810
2 0.405357 0.330000 0.042143 0.020000
2 0.576071 0.337143 0.027857 0.020952
2 0.600714 0.328095 0.032857 0.023810
2 0.603929 0.354286 0.026429 0.024762
2 0.533571 0.370952 0.050000 0.029524
2 0.514643 0.405238 0.037857 0.035238
2 0.545357 0.427619 0.045000 0.041905
2 0.626786 0.517143 0.060714 0.059048
2 0.582857 0.460000 0.058571 0.051429