2 0.267500 0.860952 0.055000 0.142857
2 0.276786 0.713333 0.053571 0.121905
2 0.175714 0.133333 0.081429 0.049524
2 0.056071 0.131429 0.055000 0.087619
2 0.197500 0.019524 0.082143 0.039048
2 0.179286 0.089524 0.061429 0.047619
0 0.180357 0.398571 0.017857 0.016190
0 0.690357 0.414762 0.015000 0.025714
0 0.804286 0.808571 0.021429 0.017143
0 0.796429 0.970476 0.020000 0.024762
0 0.773929 0.622381 0.015000 0.035238
2 0.801071 0.711905 0.052143 0.134286
2 0.901071 0.296667 0.089286 0.058095
2 0.920000 0.236667 0.084286 0.056190
2 0.938214 0.118571 0.085000 0.050476
0 0.971786 0.068571 0.022143 0.028571
0 0.988571 0.097619 0.021429 0.037143
0 0.722143 0.055714 0.017143 0.027619
0 0.898929 0.042857 0.007857 0.013333
0 0.890000 0.040000 0.017143 0.030476