0 0.642750 0.558667 0.009500 0.044000
0 0.668500 0.553000 0.010000 0.042000
0 0.725000 0.576667 0.009000 0.045333
0 0.709750 0.568000 0.011500 0.038667
0 0.734250 0.777667 0.017500 0.054000
0 0.747500 0.766667 0.016000 0.052000
0 0.848000 0.503667 0.014000 0.030000
0 0.876750 0.488667 0.011500 0.025333
2 0.882750 0.554333 0.091500 0.046000
2 0.781500 0.547667 0.085000 0.043333
2 0.943250 0.476333 0.065500 0.036667
2 0.976750 0.561000 0.046500 0.043333
2 0.732750 0.442667 0.044500 0.032000
2 0.676750 0.463333 0.067500 0.033333
2 0.508250 0.458333 0.066500 0.035333
2 0.427500 0.452667 0.066000 0.037333
2 0.388250 0.528333 0.069500 0.043333
2 0.340750 0.449000 0.063500 0.035333
2 0.224750 0.523667 0.076500 0.038000
2 0.068250 0.516667 0.070500 0.038667
2 0.120250 0.447667 0.059500 0.031333
2 0.055000 0.444667 0.060000 0.026667
0 0.451750 0.508333 0.011500 0.035333
0 0.477500 0.467333 0.011000 0.034667
0 0.475000 0.488000 0.011000 0.036000
0 0.398750 0.202000 0.004500 0.014667
0 0.269000 0.252333 0.006000 0.018000
0 0.264500 0.251000 0.006000 0.018000
0 0.245750 0.257000 0.005500 0.016667
2 0.267250 0.345000 0.045500 0.027333
2 0.253750 0.360667 0.043500 0.028000
2 0.291500 0.403333 0.035000 0.032000
2 0.360250 0.298000 0.023500 0.024000
2 0.372250 0.354667 0.047500 0.024000
2 0.347750 0.339333 0.026500 0.026667
2 0.347000 0.282333 0.033000 0.020667
2 0.403750 0.249667 0.029500 0.019333
2 0.393750 0.253000 0.023500 0.018000
2 0.382750 0.256333 0.028500 0.018000
2 0.374250 0.262333 0.032500 0.022000
2 0.365500 0.270333 0.035000 0.019333
2 0.440000 0.231000 0.027000 0.014000
2 0.754250 0.215667 0.019500 0.018000
2 0.768750 0.203000 0.022500 0.011333
2 0.776500 0.207000 0.021000 0.011333
2 0.826250 0.245333 0.028500 0.016000
2 0.772750 0.280333 0.036500 0.014000
2 0.775500 0.286000 0.044000 0.017333
2 0.778250 0.296000 0.040500 0.021333
2 0.802000 0.358000 0.043000 0.028000
2 0.738750 0.254000 0.024500 0.021333
2 0.792000 0.214000 0.023000 0.014667
2 0.984250 0.259000 0.031500 0.020667
2 0.934250 0.187667 0.010500 0.015333
2 0.946750 0.203000 0.011500 0.016667
2 0.973250 0.216333 0.034500 0.015333
2 0.971750 0.210333 0.035500 0.014000
0 0.946000 0.276667 0.006000 0.014667
0 0.952000 0.279333 0.005000 0.012000
0 0.906750 0.208000 0.004500 0.012000
0 0.910250 0.206667 0.004500 0.014667