2 0.104643 0.232868 0.027857 0.019036
2 0.176786 0.256345 0.029286 0.020305
0 0.018214 0.374365 0.005000 0.017766
0 0.028929 0.411802 0.005000 0.021574
0 0.032500 0.407995 0.005000 0.019036
0 0.445714 0.183376 0.002857 0.011421
0 0.484643 0.161168 0.002143 0.012690
0 0.480357 0.162437 0.002143 0.012690
2 0.598214 0.159264 0.013571 0.013959
2 0.653929 0.102157 0.010714 0.011421
2 0.670357 0.087563 0.009286 0.010152
2 0.678214 0.079315 0.009286 0.011421
0 0.651786 0.134518 0.002143 0.007614
2 0.664643 0.102157 0.010714 0.013959
2 0.799643 0.006345 0.006429 0.007614
2 0.715714 0.097081 0.008571 0.013959
2 0.666786 0.131345 0.010714 0.011421
2 0.680714 0.135787 0.011429 0.015228
2 0.996429 0.143401 0.007143 0.017766
2 0.605000 0.199873 0.012857 0.013959
2 0.573929 0.246827 0.015000 0.016497
2 0.592857 0.269036 0.027143 0.020305
2 0.455714 0.243655 0.017143 0.015228
2 0.478571 0.277919 0.031429 0.020305
2 0.693571 0.411168 0.011429 0.027919
2 0.604286 0.377538 0.015714 0.034264
2 0.573571 0.375000 0.014286 0.036802
2 0.395357 0.475254 0.019286 0.031726
2 0.521429 0.517132 0.018571 0.041878
2 0.579286 0.571066 0.017143 0.045685
0 0.788571 0.617386 0.005714 0.024112
2 0.658214 0.692893 0.019286 0.055838
2 0.543214 0.700508 0.020714 0.060914
2 0.388571 0.897208 0.025714 0.083756
2 0.889643 0.951142 0.029286 0.085025