2 0.195000 0.208571 0.008571 0.013333
2 0.196429 0.199048 0.008571 0.013333
2 0.198571 0.186190 0.010000 0.014286
2 0.198571 0.117143 0.008571 0.011429
2 0.305714 0.143333 0.010000 0.012381
2 0.320714 0.143333 0.008571 0.014286
2 0.331786 0.142857 0.007857 0.015238
2 0.275357 0.122857 0.007857 0.011429
2 0.284643 0.122857 0.007857 0.011429
2 0.260000 0.023333 0.005714 0.008571
2 0.408929 0.189524 0.019286 0.013333
2 0.407857 0.183333 0.020000 0.012381
2 0.374286 0.135238 0.017143 0.009524
2 0.375714 0.129048 0.014286 0.008571
0 0.449643 0.380000 0.005000 0.013333
0 0.231071 0.582381 0.007857 0.012381
0 0.233214 0.496667 0.006429 0.018095
0 0.231071 0.478095 0.006429 0.017143
0 0.218571 0.440476 0.005714 0.014286
0 0.225357 0.438095 0.005000 0.007619
0 0.220357 0.411429 0.007857 0.015238
0 0.306071 0.374286 0.005000 0.011429
0 0.311429 0.370000 0.004286 0.012381
0 0.314643 0.373333 0.003571 0.015238
0 0.318571 0.372381 0.005714 0.015238
0 0.480714 0.310000 0.002857 0.012381
0 0.490357 0.305714 0.003571 0.013333
2 0.666786 0.296667 0.022143 0.018095