2 0.483929 0.488579 0.045000 0.119289
2 0.527857 0.449239 0.048571 0.096447
2 0.350714 0.602792 0.095714 0.091371
2 0.360714 0.776015 0.118571 0.128173
2 0.364643 0.694162 0.107857 0.068528
2 0.566429 0.803299 0.065714 0.182741
2 0.942500 0.748731 0.103571 0.185279
2 0.902500 0.663071 0.095000 0.151015
2 0.938214 0.512056 0.052143 0.130711
2 0.861429 0.605330 0.100000 0.116751
2 0.829643 0.542513 0.077857 0.107868
2 0.799643 0.493655 0.087857 0.098985
2 0.772500 0.434645 0.082143 0.105330
2 0.822143 0.340736 0.041429 0.133249
2 0.749643 0.395305 0.082143 0.107868
2 0.773929 0.296954 0.043571 0.116751
2 0.716429 0.354695 0.074286 0.095178
2 0.690000 0.327411 0.060000 0.086294
2 0.439643 0.227792 0.059286 0.064721
2 0.512500 0.189086 0.053571 0.071066
2 0.593214 0.139594 0.049286 0.065990
2 0.681071 0.157360 0.055000 0.058376
2 0.653214 0.112310 0.060714 0.057107
2 0.655000 0.078046 0.045714 0.057107
2 0.736071 0.074239 0.043571 0.057107
2 0.802857 0.036802 0.050000 0.055838
2 0.340714 0.521574 0.070000 0.078680
2 0.525000 0.084391 0.032857 0.057107
2 0.622143 0.041878 0.031429 0.055838
2 0.651786 0.024112 0.032143 0.048223
2 0.496786 0.101523 0.032143 0.055838
2 0.855357 0.394670 0.040714 0.104061
2 0.369643 0.916244 0.117857 0.114213
2 0.483929 0.055838 0.056429 0.040609
2 0.757857 0.037437 0.055714 0.057107
0 0.194286 0.298223 0.011429 0.035533
0 0.186071 0.299492 0.010714 0.043147
0 0.255714 0.199873 0.014286 0.029188