0 0.255714 0.931429 0.022857 0.045714
0 0.276786 0.913333 0.033571 0.066667
0 0.097500 0.763810 0.025000 0.055238
0 0.092500 0.749524 0.019286 0.057143
0 0.587143 0.678571 0.021429 0.058095
0 0.617857 0.619048 0.021429 0.062857
0 0.408929 0.622857 0.023571 0.038095
0 0.408571 0.617143 0.021429 0.038095
0 0.021429 0.525238 0.020000 0.037143
0 0.271429 0.504286 0.017143 0.033333
0 0.273571 0.495238 0.015714 0.038095
0 0.373929 0.470000 0.015000 0.037143
0 0.514286 0.444762 0.012857 0.034286
0 0.533571 0.446667 0.011429 0.032381
0 0.541429 0.469524 0.020000 0.036190
0 0.679643 0.479048 0.013571 0.043810
0 0.661071 0.529524 0.023571 0.041905
0 0.790357 0.517143 0.016429 0.041905
0 0.807857 0.529524 0.014286 0.045714
0 0.785357 0.553810 0.017857 0.031429
0 0.911786 0.575714 0.019286 0.033333
0 0.917143 0.504762 0.010000 0.020952
0 0.902500 0.483810 0.013571 0.038095
0 0.938214 0.504762 0.016429 0.041905
0 0.936071 0.495238 0.017857 0.043810
0 0.921429 0.399048 0.012857 0.034286
0 0.695357 0.414762 0.009286 0.033333
0 0.676071 0.441905 0.012143 0.030476
0 0.667500 0.440476 0.012143 0.035238
0 0.651786 0.430952 0.010714 0.035238
0 0.640000 0.430476 0.008571 0.034286
0 0.628929 0.438571 0.007857 0.035238
0 0.620357 0.441429 0.013571 0.035238
0 0.610000 0.440952 0.008571 0.038095
0 0.649643 0.424286 0.009286 0.033333
0 0.654643 0.422381 0.007857 0.035238
0 0.634286 0.470952 0.015714 0.023810
0 0.631071 0.424286 0.007857 0.033333
0 0.629643 0.423333 0.009286 0.025714
0 0.595357 0.459048 0.012143 0.036190
0 0.589643 0.444286 0.009286 0.035238
0 0.583929 0.442381 0.012143 0.029524
2 0.589286 0.388571 0.050000 0.026667
2 0.053571 0.411429 0.058571 0.032381
2 0.018214 0.350476 0.036429 0.024762
2 0.032500 0.298571 0.027857 0.016190
2 0.053929 0.308095 0.032143 0.023810
2 0.075000 0.279048 0.024286 0.019048
2 0.092857 0.272857 0.021429 0.014286
2 0.119643 0.270476 0.019286 0.013333
2 0.109643 0.264762 0.019286 0.013333
2 0.073571 0.375714 0.031429 0.021905
2 0.110714 0.383333 0.051429 0.027619
2 0.128214 0.329524 0.030714 0.034286
2 0.149286 0.331429 0.025714 0.024762
2 0.173571 0.331429 0.030000 0.026667
2 0.201071 0.325238 0.023571 0.020000
2 0.190714 0.369524 0.032857 0.024762
2 0.201429 0.362857 0.035714 0.022857
2 0.225714 0.323333 0.021429 0.023810
2 0.248571 0.319524 0.025714 0.021905
2 0.224643 0.385714 0.042143 0.030476
2 0.216071 0.374762 0.040714 0.027619
2 0.252500 0.368571 0.046429 0.028571
0 0.218929 0.348571 0.005000 0.019048
0 0.225714 0.349048 0.008571 0.021905
0 0.274286 0.320952 0.007143 0.019048
0 0.279286 0.318571 0.007143 0.018095
2 0.310714 0.330000 0.044286 0.023810
2 0.332143 0.340476 0.040000 0.025714
2 0.274643 0.373333 0.052143 0.030476
2 0.362857 0.376667 0.054286 0.027619
2 0.373214 0.347143 0.047857 0.023810
2 0.336786 0.310000 0.019286 0.025714
0 0.319643 0.315714 0.005000 0.014286
0 0.312500 0.322857 0.005000 0.017143
2 0.261071 0.310952 0.015000 0.016190
0 0.249286 0.322857 0.008571 0.022857
2 0.408571 0.349048 0.047143 0.027619
2 0.529643 0.347143 0.042143 0.025714
2 0.507143 0.331905 0.041429 0.023810
2 0.516071 0.295714 0.019286 0.023810
2 0.546786 0.335714 0.042143 0.023810
2 0.586786 0.350952 0.043571 0.025714
2 0.569286 0.326190 0.037143 0.021905
2 0.581786 0.316190 0.033571 0.020952
2 0.598929 0.337143 0.042143 0.024762
2 0.612143 0.327619 0.041429 0.024762
2 0.538571 0.290000 0.020000 0.023810
2 0.575714 0.301429 0.037143 0.020000
2 0.573571 0.285238 0.015714 0.018095
0 0.536429 0.298571 0.005714 0.020000
0 0.532500 0.297143 0.006429 0.019048
0 0.540714 0.297143 0.008571 0.020952
2 0.654286 0.339048 0.047143 0.030476
2 0.630714 0.316190 0.044286 0.024762
2 0.626071 0.295238 0.042143 0.019048
2 0.632857 0.284762 0.038571 0.019048
2 0.650000 0.306190 0.040000 0.023810
2 0.675000 0.321429 0.045714 0.025714
2 0.664286 0.333810 0.044286 0.029524
2 0.655357 0.294286 0.033571 0.026667
2 0.721071 0.334286 0.049286 0.026667
2 0.732500 0.324762 0.043571 0.026667
2 0.734286 0.318571 0.044286 0.027619
2 0.787143 0.327143 0.051429 0.027619
2 0.788214 0.315714 0.043571 0.027619
2 0.781429 0.310000 0.050000 0.033333
2 0.746429 0.306190 0.038571 0.025714
2 0.699286 0.268571 0.031429 0.024762
2 0.706071 0.237619 0.030714 0.020000
2 0.742857 0.232857 0.012857 0.016190
2 0.746071 0.228571 0.010714 0.015238
2 0.762500 0.260476 0.015000 0.018095
2 0.766786 0.239524 0.013571 0.014286
2 0.779643 0.260952 0.015000 0.020952
2 0.778571 0.243810 0.011429 0.015238
2 0.780357 0.238095 0.012143 0.015238
2 0.781429 0.230952 0.011429 0.016190
2 0.780714 0.226190 0.011429 0.012381
2 0.751786 0.222381 0.010714 0.014286
0 0.796071 0.236667 0.005000 0.016190
2 0.800714 0.234762 0.012857 0.014286
2 0.816429 0.247143 0.014286 0.018095
2 0.817857 0.268095 0.022857 0.020000
2 0.807143 0.277143 0.017143 0.019048
2 0.857143 0.318571 0.045714 0.033333
2 0.832857 0.299048 0.041429 0.028571
0 0.854286 0.280952 0.005714 0.017143
2 0.866429 0.283810 0.028571 0.019048
2 0.891786 0.306667 0.046429 0.026667
2 0.888929 0.300000 0.043571 0.022857
2 0.890000 0.288571 0.044286 0.022857
2 0.971429 0.302381 0.042857 0.021905
2 0.951071 0.298571 0.042143 0.023810
2 0.945357 0.290952 0.046429 0.021905
2 0.981071 0.270952 0.037857 0.023810
2 0.983214 0.280000 0.033571 0.019048
2 0.983929 0.285238 0.030714 0.029524
0 0.810000 0.227143 0.004286 0.016190
0 0.887500 0.251905 0.005000 0.014286