2 0.685000 0.828046 0.044286 0.102792
2 0.311071 0.723350 0.047857 0.093909
2 0.257143 0.236675 0.037143 0.052030
2 0.221429 0.284898 0.035714 0.052030
2 0.193571 0.332487 0.032857 0.048223
2 0.151071 0.381980 0.043571 0.078680
2 0.070000 0.496193 0.050000 0.071066
0 0.379286 0.184645 0.011429 0.024112
0 0.426071 0.271574 0.006429 0.027919
0 0.411429 0.272843 0.010000 0.027919
0 0.097143 0.758249 0.015714 0.031726
0 0.086786 0.760152 0.010714 0.022843
0 0.079286 0.770305 0.008571 0.020305
0 0.075714 0.787437 0.012857 0.029188
0 0.091786 0.791878 0.017857 0.022843