2 0.517857 0.751904 0.025714 0.064721
2 0.519286 0.595812 0.020000 0.044416
2 0.488929 0.386421 0.016429 0.024112
2 0.528929 0.399746 0.019286 0.030457
2 0.457857 0.310279 0.012857 0.019036
2 0.451786 0.273477 0.012143 0.019036
2 0.430714 0.245558 0.012857 0.019036
2 0.411429 0.248096 0.012857 0.019036
2 0.425714 0.226523 0.012857 0.019036
2 0.381071 0.167513 0.012143 0.012690
2 0.370357 0.170685 0.010714 0.013959
2 0.376786 0.201777 0.010714 0.012690
2 0.339286 0.168782 0.011429 0.012690
2 0.322500 0.168782 0.010714 0.012690
2 0.313929 0.147208 0.010714 0.012690
2 0.282857 0.159898 0.010000 0.010152
2 0.287143 0.146574 0.010000 0.013959
2 0.267143 0.147208 0.008571 0.012690
2 0.252143 0.135787 0.010000 0.010152
2 0.250714 0.126269 0.008571 0.008883
2 0.235714 0.121827 0.010000 0.010152
2 0.180714 0.112310 0.010000 0.011421
2 0.094643 0.096447 0.007857 0.010152
2 0.105357 0.093274 0.006429 0.008883
2 0.113214 0.092005 0.007857 0.008883
2 0.141071 0.110406 0.006429 0.007614
2 0.246786 0.140228 0.009286 0.008883
2 0.070357 0.088198 0.006429 0.008883
2 0.076786 0.087563 0.005000 0.007614
2 0.081429 0.084391 0.005714 0.008883
2 0.072857 0.075508 0.005714 0.008883
2 0.089286 0.076777 0.005714 0.008883
2 0.100714 0.709391 0.047143 0.032995
2 0.115000 0.725254 0.042857 0.026650
2 0.106429 0.760787 0.045714 0.029188
2 0.099643 0.777919 0.042143 0.043147