2 0.531474 0.584447 0.082976 0.090649
2 0.708870 0.495706 0.067239 0.084924
2 0.957082 0.414599 0.062947 0.058206
2 0.672389 0.885973 0.113019 0.113550
2 0.959943 0.962309 0.075823 0.071565
2 0.711373 0.958015 0.142346 0.080153
2 0.675250 0.513359 0.065808 0.083969
2 0.858727 0.817748 0.116595 0.143130
2 0.889127 0.748569 0.104435 0.136450
0 0.992132 0.543893 0.012876 0.030534
0 0.814735 0.448473 0.012876 0.038168
0 0.826896 0.572996 0.012876 0.023855
2 0.757868 0.489504 0.062232 0.085878
2 0.596924 0.282920 0.056509 0.035305
2 0.168097 0.367366 0.072961 0.040076
2 0.066166 0.299618 0.069385 0.049618
2 0.139485 0.156489 0.035765 0.032443
2 0.052933 0.124046 0.024320 0.026718
0 0.113376 0.194656 0.010730 0.026718
2 0.155222 0.334447 0.064378 0.042939
2 0.027897 0.110687 0.022890 0.024809
0 0.008226 0.197042 0.009299 0.025763
0 0.133405 0.855439 0.029328 0.046756
0 0.066166 0.912214 0.032189 0.036260
0 0.215308 0.927004 0.024320 0.046756
0 0.394134 0.416031 0.011445 0.040076
0 0.435622 0.368321 0.014306 0.026718
0 0.341202 0.833492 0.020029 0.033397
0 0.335837 0.811546 0.017883 0.037214
2 0.837268 0.492366 0.069385 0.057252
2 0.928827 0.423664 0.066524 0.072519
0 0.903791 0.328721 0.012160 0.029580
2 0.906295 0.236164 0.042918 0.035305
2 0.913090 0.311546 0.042203 0.027672
2 0.441345 0.308206 0.064378 0.032443
2 0.381974 0.288168 0.038627 0.053435
2 0.353004 0.207538 0.046495 0.021947
0 0.265021 0.176050 0.010730 0.023855
2 0.175608 0.019084 0.013591 0.019084
0 0.253577 0.144561 0.006438 0.014313
2 0.256080 0.056775 0.014306 0.020038
2 0.248212 0.034828 0.012876 0.018130
2 0.253219 0.021469 0.012876 0.016221
0 0.264306 0.205630 0.009299 0.020038
0 0.468884 0.432729 0.009299 0.033397
0 0.713519 0.120229 0.005007 0.017176
0 0.541845 0.365458 0.012160 0.019084
2 0.748569 0.141221 0.037911 0.022901
2 0.841559 0.107347 0.032189 0.021947
0 0.928827 0.081584 0.005007 0.014313
2 0.913090 0.076813 0.016452 0.018130
2 0.922389 0.069656 0.016452 0.011450
2 0.935265 0.069656 0.013591 0.013359
2 0.948856 0.069656 0.017883 0.013359
2 0.959227 0.063931 0.018598 0.011450
2 0.974607 0.064885 0.015021 0.013359