0 0.248214 0.319797 0.007857 0.025381
0 0.355714 0.384518 0.005714 0.022843
0 0.260000 0.230330 0.007143 0.024112
0 0.278929 0.153553 0.007857 0.022843
0 0.284286 0.159898 0.004286 0.015228
0 0.288571 0.126904 0.005714 0.022843
0 0.362143 0.042513 0.004286 0.016497
0 0.390714 0.072335 0.005714 0.022843
0 0.402857 0.148477 0.005714 0.022843
2 0.356429 0.510152 0.031429 0.063452
2 0.410714 0.444797 0.027143 0.057107
2 0.451786 0.265228 0.020714 0.043147
2 0.482143 0.027284 0.014286 0.034264
2 0.738571 0.133249 0.018571 0.043147
2 0.923929 0.048858 0.019286 0.039340
2 0.872143 0.284264 0.021429 0.053299
2 0.895357 0.286802 0.019286 0.045685
2 0.872857 0.352157 0.021429 0.059645
2 0.812500 0.395305 0.020714 0.059645
2 0.792857 0.491751 0.021429 0.067259
2 0.816071 0.532995 0.023571 0.071066
2 0.787143 0.730964 0.030000 0.091371
2 0.921429 0.984772 0.038571 0.027919
2 0.943571 0.867386 0.058571 0.064721
2 0.950000 0.821701 0.050000 0.059645
2 0.989286 0.600254 0.021429 0.076142
2 0.733571 0.548858 0.022857 0.057107