2 0.481071 0.872462 0.022143 0.067259
2 0.676786 0.365482 0.013571 0.030457
2 0.654286 0.250635 0.008571 0.024112
2 0.609286 0.072970 0.008571 0.016497
2 0.465000 0.548858 0.028571 0.034264
2 0.468571 0.531726 0.022857 0.032995
2 0.458571 0.580584 0.022857 0.036802
2 0.556071 0.128807 0.005000 0.011421
2 0.562857 0.069162 0.004286 0.011421
2 0.642500 0.104695 0.015000 0.011421
2 0.651429 0.099619 0.010000 0.013959
2 0.671786 0.101523 0.015000 0.012690
2 0.631786 0.076142 0.006429 0.015228
2 0.629643 0.064721 0.005000 0.012690
2 0.629286 0.053934 0.005714 0.013959
2 0.627857 0.046320 0.007143 0.013959
2 0.628571 0.039975 0.005714 0.011421
2 0.573214 0.076142 0.005000 0.010152
2 0.574286 0.043782 0.004286 0.008883
2 0.566071 0.129442 0.007857 0.012690
2 0.564286 0.086929 0.008571 0.011421
2 0.556071 0.138325 0.006429 0.012690
2 0.748214 0.095812 0.015000 0.011421
2 0.706786 0.099619 0.022143 0.013959
2 0.821429 0.091371 0.015714 0.015228
2 0.771429 0.070431 0.008571 0.016497
2 0.777857 0.097081 0.014286 0.013959
2 0.763571 0.059645 0.005714 0.017766
0 0.486786 0.562183 0.005000 0.020305
0 0.474643 0.663706 0.005000 0.022843
0 0.466429 0.663071 0.004286 0.021574
0 0.445000 0.524746 0.004286 0.019036
0 0.464286 0.452411 0.004286 0.016497
0 0.480357 0.430838 0.002143 0.016497
0 0.486071 0.431472 0.003571 0.015228
0 0.485000 0.453680 0.004286 0.016497
0 0.482143 0.454949 0.004286 0.019036
0 0.448214 0.565355 0.005000 0.021574
0 0.470357 0.654188 0.005000 0.019036
2 0.365000 0.425761 0.031429 0.026650