2 0.021429 0.116190 0.042857 0.038095
0 0.015714 0.140000 0.012857 0.028571
0 0.007143 0.150000 0.011429 0.027619
0 0.026429 0.172381 0.011429 0.024762
0 0.201786 0.078095 0.012143 0.022857
2 0.063214 0.082857 0.047857 0.026667
0 0.052500 0.184762 0.009286 0.020952
2 0.276786 0.080476 0.033571 0.044762
2 0.316071 0.102857 0.029286 0.034286
2 0.306429 0.169524 0.040000 0.053333
2 0.160714 0.306667 0.058571 0.066667
0 0.222857 0.515714 0.017143 0.037143
0 0.255357 0.506667 0.016429 0.038095
0 0.391071 0.013333 0.026429 0.024762
2 0.547500 0.028095 0.020714 0.031429
0 0.630000 0.006667 0.005714 0.013333
0 0.638571 0.007619 0.008571 0.015238
0 0.557500 0.228571 0.013571 0.026667
0 0.510714 0.441905 0.010000 0.034286
0 0.694286 0.389524 0.014286 0.036190
0 0.706786 0.621905 0.013571 0.028571
2 0.587143 0.964762 0.110000 0.070476
0 0.794286 0.794762 0.017143 0.031429
0 0.814286 0.795714 0.017143 0.035238
0 0.827500 0.819524 0.017857 0.035238
0 0.803214 0.834286 0.020714 0.032381
2 0.843929 0.581429 0.087857 0.063810
2 0.934286 0.511429 0.082857 0.057143
2 0.975714 0.705238 0.048571 0.058095
2 0.961429 0.638571 0.077143 0.056190
2 0.940357 0.378571 0.069286 0.048571
2 0.937857 0.343333 0.060000 0.039048
2 0.923214 0.316190 0.072143 0.041905
2 0.920357 0.272381 0.063571 0.047619
2 0.906786 0.176190 0.057857 0.032381
2 0.834643 0.090476 0.023571 0.030476
2 0.938929 0.100952 0.025000 0.030476
2 0.910000 0.144286 0.050000 0.027619
2 0.902143 0.123333 0.047143 0.023810
2 0.893214 0.106190 0.046429 0.023810
2 0.888929 0.094286 0.047857 0.026667
2 0.875357 0.071905 0.050714 0.023810
2 0.876786 0.062381 0.047857 0.020000
2 0.872857 0.048571 0.034286 0.017143
2 0.863214 0.022381 0.040714 0.021905
2 0.869643 0.012857 0.036429 0.018095
2 0.818929 0.010000 0.036429 0.020000
2 0.819643 0.021429 0.039286 0.029524
2 0.980000 0.042381 0.040000 0.023810
2 0.979286 0.029048 0.041429 0.014286
2 0.965000 0.018571 0.037143 0.016190
2 0.986071 0.088095 0.027857 0.016190
2 0.990000 0.130000 0.020000 0.021905