2 0.140714 0.926667 0.185714 0.146667
2 0.451071 0.854286 0.187857 0.152381
2 0.551071 0.643810 0.132143 0.104762
2 0.723929 0.590952 0.132143 0.092381
2 0.911071 0.695714 0.157857 0.105714
2 0.878214 0.532857 0.119286 0.079048
2 0.050000 0.344762 0.100000 0.068571
2 0.976071 0.116190 0.045000 0.038095
2 0.927857 0.208095 0.048571 0.046667
2 0.687500 0.193810 0.050714 0.040952
2 0.220000 0.198095 0.065714 0.045714
2 0.332500 0.191429 0.049286 0.040000
2 0.849286 0.114762 0.032857 0.025714
0 0.094643 0.228571 0.016429 0.036190
0 0.051429 0.243333 0.012857 0.031429
0 0.041071 0.241905 0.016429 0.034286
0 0.021786 0.157619 0.010714 0.029524
0 0.127143 0.090952 0.010000 0.021905
2 0.130357 0.075238 0.025000 0.026667
2 0.081786 0.121429 0.015000 0.023810
2 0.422143 0.308095 0.048571 0.050476
2 0.404286 0.284286 0.078571 0.052381
2 0.242857 0.310476 0.095714 0.045714
2 0.246786 0.340476 0.086429 0.044762
2 0.246429 0.382381 0.108571 0.061905
2 0.982857 0.493333 0.034286 0.057143
2 0.569286 0.254762 0.070000 0.033333
0 0.604643 0.179048 0.007857 0.034286
2 0.780000 0.174286 0.035714 0.026667
0 0.007500 0.185238 0.015000 0.029524
0 0.215357 0.228571 0.015000 0.034286
0 0.153929 0.709048 0.037857 0.048571
0 0.008929 0.452857 0.017857 0.050476
0 0.753571 0.127143 0.007143 0.020000