2 0.082500 0.029822 0.022143 0.044416
2 0.039643 0.229695 0.019286 0.032995
2 0.039286 0.642132 0.057143 0.093909
2 0.340000 0.173858 0.028571 0.038071
2 0.401071 0.154822 0.027857 0.038071
2 0.485000 0.026015 0.021429 0.029188
2 0.423571 0.025381 0.021429 0.027919
2 0.373571 0.446066 0.030000 0.059645
2 0.402143 0.399112 0.028571 0.046954
2 0.425000 0.342640 0.024286 0.043147
2 0.447143 0.311548 0.020000 0.029188
2 0.471071 0.275381 0.019286 0.035533
2 0.481429 0.331853 0.021429 0.034264
2 0.417857 0.509518 0.031429 0.049492
2 0.331071 0.696701 0.035000 0.073604
2 0.589643 0.395939 0.017857 0.048223
2 0.655714 0.416878 0.018571 0.054569
2 0.679286 0.427030 0.020000 0.046954
2 0.702500 0.432741 0.017857 0.048223
2 0.724643 0.435279 0.020714 0.058376
2 0.752500 0.442893 0.020714 0.068528
2 0.496786 0.595812 0.029286 0.057107
2 0.540357 0.613579 0.029286 0.067259
2 0.585714 0.631345 0.030000 0.059645
2 0.796071 0.732234 0.032143 0.065990
2 0.741429 0.711294 0.024286 0.074873
2 0.715357 0.704315 0.025000 0.068528
2 0.665714 0.663706 0.022857 0.050761
2 0.615357 0.648477 0.025000 0.071066
2 0.840000 0.640228 0.058571 0.052030
2 0.840357 0.604695 0.046429 0.041878
2 0.787500 0.559010 0.057857 0.046954
2 0.680714 0.571066 0.050000 0.048223
2 0.855714 0.482234 0.042857 0.035533
2 0.851071 0.443528 0.055000 0.039340
2 0.856071 0.417513 0.049286 0.027919
2 0.951429 0.458122 0.021429 0.050761
2 0.945000 0.406726 0.024286 0.039340
2 0.952857 0.532360 0.024286 0.046954
2 0.955714 0.717005 0.034286 0.071066
2 0.993929 0.812817 0.012143 0.095178
2 0.990357 0.720178 0.019286 0.052030
2 0.483929 0.243020 0.016429 0.039340
2 0.457500 0.250635 0.017857 0.039340
2 0.568929 0.390228 0.020714 0.052030
2 0.590714 0.355330 0.020000 0.055838
2 0.647857 0.369289 0.021429 0.045685
2 0.791429 0.409264 0.037143 0.024112
2 0.820714 0.383249 0.037143 0.030457
2 0.803929 0.431472 0.033571 0.027919
2 0.800357 0.456218 0.040714 0.029188
2 0.993571 0.423223 0.012857 0.046954
2 0.022857 0.849619 0.041429 0.097716
2 0.457857 0.014594 0.021429 0.026650
2 0.545714 0.520939 0.047143 0.046954
2 0.549286 0.491751 0.042857 0.039340
2 0.567143 0.285533 0.022857 0.038071
2 0.452143 0.193528 0.034286 0.039340
2 0.433571 0.206853 0.028571 0.030457
2 0.422857 0.225888 0.032857 0.025381
2 0.389643 0.282995 0.030714 0.043147
2 0.396786 0.268401 0.029286 0.041878
2 0.410000 0.248731 0.035714 0.035533