0 0.132857 0.210660 0.002857 0.010152
0 0.183929 0.246193 0.003571 0.010152
0 0.181071 0.236041 0.002143 0.007614
0 0.191429 0.254442 0.002857 0.011421
0 0.200714 0.243020 0.002857 0.008883
0 0.195357 0.244924 0.003571 0.012690
0 0.196071 0.235406 0.002143 0.008883
2 0.238214 0.371827 0.016429 0.020305
2 0.193571 0.421320 0.017143 0.020305
0 0.140357 0.414340 0.003571 0.011421
2 0.214643 0.399746 0.015000 0.017766
0 0.263929 0.306472 0.003571 0.011421
2 0.280000 0.324873 0.012857 0.017766
2 0.296429 0.300761 0.012857 0.020305
2 0.311071 0.314721 0.015000 0.017766
2 0.011786 0.902919 0.013571 0.041878
2 0.025714 0.887690 0.011429 0.031726
2 0.054643 0.871193 0.013571 0.039340
2 0.068929 0.862310 0.013571 0.036802
2 0.082857 0.853426 0.012857 0.036802
2 0.171429 0.812183 0.021429 0.035533
2 0.136786 0.753807 0.025000 0.027919
2 0.315000 0.785533 0.024286 0.025381
2 0.350000 0.798223 0.022857 0.022843
2 0.326071 0.647843 0.022143 0.024112
2 0.289286 0.611041 0.021429 0.026650
2 0.427143 0.675127 0.020000 0.020305
2 0.357143 0.491751 0.018571 0.021574
2 0.377500 0.527284 0.019286 0.024112
2 0.464286 0.456853 0.018571 0.022843
2 0.525000 0.413071 0.018571 0.016497
2 0.550357 0.342005 0.017857 0.016497
2 0.554286 0.879442 0.024286 0.027919
0 0.679286 0.973985 0.004286 0.011421
0 0.685357 0.959391 0.005000 0.010152
0 0.686786 0.975254 0.005000 0.011421
2 0.920000 0.963198 0.028571 0.048223
0 0.872500 0.580584 0.005000 0.008883
0 0.880714 0.595178 0.002857 0.010152
2 0.715000 0.621827 0.020000 0.030457
2 0.671786 0.460025 0.016429 0.029188
2 0.713571 0.435279 0.018571 0.017766
0 0.965357 0.480964 0.005000 0.007614
0 0.939286 0.489213 0.004286 0.008883
0 0.993214 0.464467 0.005000 0.010152
2 0.902143 0.260787 0.018571 0.013959
2 0.734286 0.298858 0.017143 0.013959
2 0.681429 0.281091 0.015714 0.013959
0 0.666786 0.363579 0.003571 0.008883
2 0.603929 0.312817 0.012143 0.024112
2 0.591071 0.257614 0.016429 0.015228
2 0.965357 0.189086 0.016429 0.012690
2 0.827143 0.164975 0.014286 0.012690
2 0.767857 0.156726 0.014286 0.011421
2 0.684643 0.147843 0.012143 0.008883
2 0.616429 0.162437 0.011429 0.010152
2 0.541429 0.213832 0.010000 0.019036
0 0.343571 0.189721 0.002857 0.011421
0 0.345357 0.185914 0.003571 0.008883
0 0.340357 0.187817 0.003571 0.007614
0 0.376071 0.166244 0.002143 0.010152
0 0.361786 0.106599 0.002143 0.010152
2 0.439643 0.005711 0.006429 0.011421
2 0.449643 0.008249 0.005000 0.011421
2 0.463214 0.021574 0.006429 0.012690
2 0.444643 0.019036 0.005000 0.010152
2 0.449286 0.033629 0.007143 0.011421
0 0.440357 0.149112 0.002143 0.008883
2 0.460714 0.065355 0.008571 0.011421
2 0.471786 0.086929 0.007857 0.011421
2 0.486071 0.075508 0.007857 0.013959
2 0.480000 0.108503 0.010000 0.013959