2 0.545000 0.855714 0.058571 0.096190
2 0.785357 0.907143 0.066429 0.100000
2 0.903214 0.898571 0.075000 0.092381
2 0.781071 0.720476 0.063571 0.090476
2 0.706786 0.590476 0.055000 0.083810
2 0.676786 0.459524 0.065000 0.050476
2 0.385357 0.512381 0.052143 0.081905
2 0.519286 0.412857 0.048571 0.071429
2 0.548214 0.402381 0.046429 0.080952
2 0.668571 0.354286 0.067143 0.040000
2 0.440357 0.252857 0.035000 0.054286
2 0.415714 0.192381 0.040000 0.059048
2 0.409643 0.118571 0.040714 0.061905
2 0.292500 0.274762 0.040714 0.067619
2 0.216786 0.240952 0.039286 0.068571
0 0.242857 0.071905 0.010000 0.016190
2 0.190714 0.698571 0.047143 0.092381
2 0.151071 0.589048 0.043571 0.082857
2 0.125714 0.488571 0.044286 0.078095
0 0.097500 0.493333 0.012143 0.020952
2 0.100000 0.414762 0.038571 0.069524
2 0.080357 0.189048 0.052143 0.044762
0 0.168929 0.233333 0.012143 0.020952
2 0.068214 0.161905 0.056429 0.043810
2 0.065357 0.135714 0.057857 0.044762
0 0.023929 0.588095 0.015000 0.016190
0 0.041429 0.683810 0.015714 0.019048
0 0.061071 0.636667 0.016429 0.016190
2 0.118929 0.776667 0.057857 0.101905
0 0.220357 0.909524 0.016429 0.015238