2 0.006786 0.005238 0.013571 0.010476
2 0.090714 0.287143 0.027143 0.020000
2 0.103571 0.193810 0.012857 0.014286
0 0.088214 0.221429 0.005000 0.012381
2 0.593571 0.619524 0.038571 0.054286
2 0.565000 0.636190 0.035714 0.057143
2 0.534643 0.645238 0.036429 0.060000
2 0.622500 0.609524 0.025000 0.045714
2 0.973929 0.439524 0.026429 0.021905
2 0.871786 0.374762 0.026429 0.020000
2 0.617500 0.450000 0.042143 0.027619
2 0.469286 0.443333 0.024286 0.035238
2 0.524643 0.425238 0.022143 0.033333
2 0.605000 0.431429 0.040000 0.024762
2 0.591071 0.335238 0.030714 0.017143
2 0.550000 0.341905 0.028571 0.019048
0 0.528929 0.383810 0.003571 0.013333
2 0.348571 0.382381 0.034286 0.023810
2 0.237143 0.378571 0.037143 0.029524
2 0.235714 0.367143 0.037143 0.023810
2 0.411429 0.342857 0.030000 0.020952
2 0.408571 0.333333 0.031429 0.019048
2 0.343929 0.339048 0.030714 0.022857
2 0.339643 0.329524 0.033571 0.019048
2 0.337857 0.319048 0.030000 0.015238
2 0.332857 0.310476 0.031429 0.019048
2 0.328571 0.300000 0.027143 0.017143
2 0.324286 0.294286 0.031429 0.019048
2 0.387143 0.297619 0.031429 0.018095
2 0.398929 0.314286 0.032143 0.017143
2 0.367500 0.345238 0.030714 0.023810
2 0.379286 0.281905 0.027143 0.017143
2 0.369286 0.271429 0.024286 0.015238
0 0.140000 0.229048 0.004286 0.008571
0 0.200357 0.206667 0.005000 0.009524
0 0.166786 0.216667 0.003571 0.006667
0 0.077143 0.231905 0.007143 0.008571
2 0.388929 0.224286 0.015000 0.020000
2 0.381071 0.211429 0.012143 0.015238
2 0.305357 0.243810 0.026429 0.015238
2 0.300357 0.234286 0.025000 0.013333
2 0.296071 0.227143 0.023571 0.016190
2 0.307857 0.253333 0.025714 0.015238
2 0.236429 0.161429 0.012857 0.012381