2 0.840031 0.333952 0.031837 0.025974
2 0.788100 0.330705 0.032359 0.023191
2 0.977557 0.349258 0.034447 0.021336
2 0.973643 0.832560 0.051670 0.052876
2 0.808716 0.248145 0.013048 0.017625
2 0.823330 0.245826 0.016180 0.029685
2 0.824896 0.226345 0.016180 0.024119
2 0.795668 0.227737 0.016180 0.026902
2 0.784969 0.208720 0.011482 0.016698
2 0.799061 0.207328 0.012526 0.019481
2 0.784969 0.184137 0.011482 0.025046
2 0.771921 0.165584 0.014614 0.017625
2 0.760177 0.144712 0.009916 0.018553
2 0.733820 0.113636 0.009395 0.015770
2 0.811587 0.223098 0.011482 0.021336
2 0.635177 0.325603 0.031315 0.027829
0 0.913361 0.272727 0.004175 0.012987
0 0.747129 0.237013 0.004697 0.008349
0 0.840292 0.470315 0.007307 0.018553