2 0.147500 0.044762 0.019286 0.045714
2 0.168571 0.167143 0.034286 0.023810
2 0.208571 0.178095 0.032857 0.022857
2 0.187857 0.058571 0.017143 0.044762
2 0.205357 0.055238 0.017857 0.040000
2 0.244286 0.056667 0.017143 0.042857
2 0.333929 0.042381 0.015000 0.042857
2 0.352143 0.047619 0.015714 0.045714
2 0.367500 0.044286 0.013571 0.048571
0 0.284643 0.059048 0.007857 0.015238
2 0.302143 0.235714 0.028571 0.037143
2 0.300000 0.301905 0.031429 0.022857
2 0.295357 0.326667 0.033571 0.020952
2 0.295357 0.348571 0.035000 0.019048
2 0.298214 0.369524 0.030714 0.022857
2 0.297500 0.405238 0.029286 0.023810
2 0.300000 0.428095 0.032857 0.021905
2 0.335357 0.230952 0.015000 0.040952
2 0.355714 0.244286 0.027143 0.021905
2 0.357857 0.223333 0.030000 0.020000
2 0.493571 0.301905 0.012857 0.041905
2 0.459286 0.208095 0.031429 0.027619
2 0.298571 0.551905 0.027143 0.020000
2 0.294643 0.587619 0.033571 0.020952
2 0.294643 0.635714 0.033571 0.020000
2 0.295357 0.733810 0.035000 0.021905
2 0.243929 0.700476 0.017857 0.044762
0 0.423571 0.591905 0.005714 0.008571
0 0.442143 0.639524 0.004286 0.010476
0 0.241429 0.853333 0.015714 0.040000
2 0.887143 0.907143 0.032857 0.023810
2 0.885357 0.867619 0.019286 0.045714
2 0.812500 0.633333 0.017857 0.040000
2 0.877500 0.606667 0.017857 0.041905
2 0.927143 0.553333 0.031429 0.017143
2 0.877857 0.252381 0.015714 0.040000
2 0.845357 0.188095 0.017857 0.040952
2 0.617143 0.264762 0.014286 0.043810
0 0.675000 0.172857 0.004286 0.010476
0 0.673214 0.172381 0.002143 0.007619
0 0.652143 0.224286 0.005714 0.010476
0 0.502857 0.037143 0.002857 0.013333
0 0.703571 0.204762 0.005714 0.009524
0 0.711071 0.199524 0.005000 0.006667
0 0.711786 0.207143 0.005000 0.008571
0 0.725000 0.203333 0.005714 0.008571
0 0.030714 0.068571 0.012857 0.011429