0 0.021071 0.919524 0.009286 0.016190
0 0.014643 0.740000 0.010714 0.017143
0 0.307857 0.892857 0.007143 0.014286
0 0.316071 0.975238 0.009286 0.013333
2 0.378571 0.966667 0.038571 0.066667
0 0.624286 0.983333 0.008571 0.012381
2 0.529286 0.668571 0.025714 0.060952
2 0.566071 0.437619 0.022143 0.044762
2 0.517143 0.440476 0.018571 0.035238
0 0.548571 0.392857 0.004286 0.010476
2 0.586429 0.341429 0.018571 0.035238
0 0.569286 0.335238 0.005714 0.011429
2 0.511071 0.298095 0.015000 0.032381
2 0.520000 0.258571 0.018571 0.037143
2 0.530000 0.220000 0.018571 0.036190
2 0.622143 0.154762 0.015714 0.025714
2 0.631071 0.104286 0.015000 0.027619
2 0.541786 0.189048 0.017857 0.033333
2 0.550714 0.155714 0.018571 0.033333
2 0.559643 0.127143 0.017857 0.029524
2 0.574643 0.072857 0.015000 0.027619
2 0.565000 0.096190 0.015714 0.030476
2 0.582500 0.046190 0.017857 0.027619
0 0.566429 0.030476 0.002857 0.007619
0 0.626429 0.088571 0.002857 0.013333
2 0.643571 0.057619 0.011429 0.020000
0 0.131429 0.414286 0.007143 0.009524
2 0.210000 0.148095 0.030000 0.029524
2 0.222500 0.134286 0.030714 0.020952
2 0.233929 0.112857 0.032143 0.021905