0 0.095357 0.175238 0.033571 0.055238
0 0.083571 0.195238 0.022857 0.051429
0 0.169643 0.196667 0.017857 0.050476
0 0.332143 0.406667 0.020000 0.045714
2 0.259643 0.369048 0.072143 0.147619
0 0.237143 0.332857 0.008571 0.027619
2 0.187143 0.629048 0.087143 0.183810
2 0.438929 0.656667 0.072143 0.185714
2 0.116786 0.895714 0.120714 0.204762
2 0.381786 0.942857 0.073571 0.108571
0 0.616429 0.264762 0.014286 0.036190
0 0.656429 0.365714 0.012857 0.045714
2 0.865357 0.178095 0.112143 0.085714
2 0.842143 0.383810 0.112857 0.140952
0 0.821429 0.274762 0.021429 0.050476
0 0.846786 0.294762 0.016429 0.042857
0 0.830000 0.304762 0.015714 0.043810
2 0.788929 0.444286 0.105000 0.143810
2 0.603214 0.596190 0.069286 0.167619
2 0.967857 0.186667 0.060000 0.068571