0 0.075157 0.956401 0.016701 0.040816
0 0.538622 0.303803 0.005219 0.013915
2 0.536795 0.244434 0.012004 0.017625
2 0.521921 0.192022 0.008351 0.016698
0 0.509395 0.184137 0.003132 0.012059
2 0.507829 0.172078 0.010438 0.015770
2 0.493215 0.166976 0.008351 0.014842
2 0.486430 0.151670 0.018789 0.013915
2 0.566806 0.128015 0.014614 0.014842
0 0.489301 0.020872 0.001566 0.004638
0 0.495825 0.028757 0.001044 0.005566
2 0.709290 0.518089 0.039666 0.038033
2 0.689196 0.753711 0.057933 0.049165
0 0.980689 0.522727 0.009395 0.017625
0 0.985125 0.521336 0.006785 0.014842
0 0.884134 0.500464 0.006263 0.013915
0 0.888570 0.499536 0.006785 0.012059
0 0.883090 0.491651 0.007307 0.016698
0 0.810021 0.317718 0.006263 0.015770
0 0.793058 0.292208 0.005741 0.012987
0 0.783664 0.293599 0.005741 0.012059
2 0.742693 0.215677 0.018789 0.023191
0 0.723382 0.174861 0.004175 0.013915
0 0.701200 0.176716 0.003653 0.012059
0 0.700678 0.148423 0.002610 0.011132
0 0.664666 0.115955 0.002610 0.009276
0 0.639353 0.087662 0.002088 0.008349
0 0.635177 0.083488 0.003132 0.007421
0 0.579854 0.055659 0.002088 0.007421
2 0.598382 0.041744 0.005741 0.009276