2 0.513929 0.459048 0.020714 0.041905
2 0.180000 0.719048 0.048571 0.049524
2 0.219286 0.643810 0.031429 0.055238
2 0.092143 0.668571 0.044286 0.034286
2 0.133571 0.824286 0.047143 0.061905
2 0.092143 0.914286 0.051429 0.060952
2 0.202857 0.812381 0.044286 0.070476
2 0.270357 0.554286 0.029286 0.047619
2 0.286786 0.499048 0.027857 0.040000
2 0.323929 0.244762 0.026429 0.017143
2 0.438214 0.169048 0.022143 0.016190
2 0.461429 0.051429 0.008571 0.011429
2 0.481786 0.074286 0.017857 0.011429
2 0.474286 0.087619 0.018571 0.015238
2 0.491429 0.069524 0.018571 0.011429
2 0.494643 0.064762 0.017857 0.011429
2 0.446429 0.053810 0.008571 0.012381
2 0.400357 0.139048 0.020714 0.013333
2 0.403214 0.127619 0.017857 0.011429
2 0.461786 0.096667 0.023571 0.012381
2 0.458571 0.103333 0.021429 0.010476
2 0.449643 0.152857 0.017857 0.016190
0 0.421071 0.145714 0.005000 0.007619
0 0.773929 0.218571 0.005000 0.008571
0 0.791786 0.187619 0.005000 0.011429
0 0.772500 0.264286 0.007857 0.016190
0 0.714286 0.011429 0.002857 0.009524
2 0.720357 0.097143 0.010714 0.011429
0 0.685714 0.417143 0.007143 0.015238
0 0.744286 0.444286 0.008571 0.018095
0 0.802500 0.498571 0.009286 0.016190
0 0.755000 0.404762 0.008571 0.017143
0 0.771071 0.395238 0.009286 0.017143
0 0.783571 0.394286 0.007143 0.020952
0 0.745714 0.380952 0.005714 0.017143
0 0.720714 0.406667 0.007143 0.020952
0 0.716071 0.391905 0.009286 0.020000
0 0.687143 0.378095 0.005714 0.019048
0 0.702857 0.371429 0.005714 0.017143
0 0.831071 0.353333 0.006429 0.009524
0 0.850000 0.777619 0.011429 0.018095
0 0.787500 0.758571 0.010714 0.023810
0 0.883929 0.756190 0.017857 0.019048
2 0.822857 0.422857 0.021429 0.036190