2 0.555000 0.948604 0.028571 0.062183
2 0.511429 0.767132 0.012857 0.049492
2 0.440000 0.691624 0.014286 0.035533
2 0.533929 0.657360 0.013571 0.043147
2 0.469286 0.543782 0.012857 0.034264
2 0.530714 0.590736 0.012857 0.031726
2 0.442500 0.446701 0.010714 0.025381
2 0.473929 0.453680 0.007857 0.024112
2 0.510357 0.395939 0.009286 0.020305
2 0.459286 0.426396 0.008571 0.022843
2 0.458929 0.455584 0.012143 0.022843
2 0.496071 0.553299 0.010714 0.032995
2 0.476786 0.386421 0.009286 0.019036
2 0.461429 0.305203 0.010000 0.021574
2 0.415714 0.338198 0.018571 0.013959
2 0.511429 0.248731 0.005714 0.015228
2 0.511786 0.295685 0.007857 0.015228
2 0.509286 0.197970 0.005714 0.017766
2 0.499286 0.239213 0.007143 0.019036
2 0.508571 0.109772 0.004286 0.008883
2 0.510714 0.072335 0.004286 0.010152
2 0.504643 0.013325 0.003571 0.008883
2 0.510000 0.008883 0.002857 0.005076
2 0.516071 0.066624 0.003571 0.008883
2 0.516786 0.110406 0.005000 0.010152
2 0.487857 0.101523 0.004286 0.005076
2 0.488214 0.108503 0.005000 0.006345
2 0.488214 0.115482 0.005000 0.007614
2 0.479643 0.092640 0.003571 0.007614
2 0.480357 0.100888 0.003571 0.006345
2 0.480714 0.109137 0.005714 0.010152
2 0.486429 0.123096 0.005714 0.010152
2 0.480357 0.119289 0.005000 0.010152
2 0.488214 0.092005 0.006429 0.011421
2 0.508929 0.164975 0.006429 0.017766
2 0.522143 0.239213 0.007143 0.016497
2 0.526786 0.390228 0.009286 0.024112
2 0.530357 0.520939 0.010714 0.034264
2 0.471786 0.267766 0.007857 0.015228
2 0.539643 0.825508 0.013571 0.054569
2 0.537500 0.747462 0.015000 0.053299
2 0.528571 0.451142 0.010000 0.024112
0 0.407857 0.553299 0.004286 0.017766
0 0.415000 0.347716 0.002857 0.010152