2 0.446429 0.027619 0.027143 0.022857
2 0.391071 0.106190 0.029286 0.021905
2 0.388214 0.030952 0.027857 0.020000
2 0.386071 0.006190 0.027857 0.012381
2 0.062500 0.210476 0.033571 0.022857
2 0.747857 0.407619 0.015714 0.034286
2 0.602857 0.740476 0.014286 0.042857
2 0.460000 0.610952 0.032857 0.020000
2 0.845714 0.912381 0.028571 0.019048
2 0.911071 0.922381 0.032143 0.021905
2 0.913571 0.959524 0.030000 0.021905
0 0.895714 0.886190 0.008571 0.012381
0 0.902500 0.884286 0.007857 0.010476
0 0.787857 0.680000 0.010000 0.011429