2 0.236430 0.783859 0.025052 0.061224
2 0.267223 0.764378 0.029228 0.064935
2 0.296451 0.752783 0.028184 0.056586
2 0.324635 0.732375 0.030271 0.062152
2 0.432933 0.679035 0.033925 0.050093
2 0.455376 0.668831 0.033925 0.050093
2 0.536534 0.622913 0.032359 0.051020
2 0.615605 0.583952 0.030793 0.036178
2 0.707985 0.529685 0.024530 0.033395
2 0.732516 0.519944 0.033925 0.036178
2 0.741649 0.505566 0.032359 0.031540
2 0.758351 0.498145 0.028184 0.029685
2 0.955115 0.304731 0.021921 0.023191
2 0.966075 0.301948 0.019833 0.017625
2 0.972599 0.296382 0.019311 0.017625
2 0.977296 0.290816 0.021399 0.017625
2 0.987996 0.287106 0.015658 0.017625
2 0.992432 0.280612 0.014092 0.017625
2 0.089248 0.267625 0.012526 0.017625
2 0.094207 0.275974 0.009916 0.013915
2 0.097338 0.286178 0.010960 0.019481
2 0.095511 0.317254 0.014614 0.020408
2 0.040449 0.404917 0.025574 0.019481
2 0.039144 0.398423 0.020877 0.019481
2 0.078027 0.627551 0.017223 0.039889