2 0.387526 0.515306 0.038100 0.034323
2 0.960595 0.237477 0.024530 0.022263
2 0.923800 0.286178 0.027140 0.025046
2 0.743737 0.553340 0.041754 0.036178
2 0.733038 0.533859 0.038100 0.032468
0 0.778706 0.541280 0.006263 0.030612
2 0.671712 0.435529 0.034447 0.026902
2 0.663883 0.422078 0.035491 0.029685
2 0.649530 0.378942 0.032881 0.021336
2 0.622912 0.289425 0.017223 0.024119
2 0.419363 0.249072 0.017223 0.021336
2 0.573852 0.261132 0.024530 0.019481
2 0.636482 0.185993 0.014092 0.015770
2 0.623956 0.173006 0.014092 0.015770
2 0.611430 0.158163 0.013048 0.013915
2 0.600731 0.147495 0.011482 0.012987
2 0.591597 0.136827 0.013048 0.012059
2 0.535491 0.192022 0.020877 0.014842
2 0.530010 0.127087 0.015136 0.016698
2 0.509916 0.092764 0.013570 0.011132
2 0.484864 0.093692 0.016701 0.012987
2 0.587683 0.092301 0.015658 0.010204
2 0.600731 0.088126 0.015658 0.009276
0 0.557150 0.175788 0.002610 0.008349
0 0.733038 0.210111 0.002610 0.010204
0 0.581420 0.072820 0.002088 0.006494
2 0.507568 0.064935 0.007829 0.011132
2 0.515919 0.062616 0.008873 0.010204
2 0.501566 0.058442 0.008351 0.012987
2 0.509134 0.055659 0.008873 0.011132
2 0.518006 0.055195 0.008873 0.010204
2 0.489301 0.041280 0.007829 0.010204
2 0.481472 0.021800 0.006785 0.010204
0 0.366388 0.974954 0.007307 0.033395