2 0.699286 0.547143 0.052857 0.052381
2 0.574286 0.458095 0.040000 0.049524
2 0.512143 0.389524 0.047143 0.047619
2 0.376786 0.309048 0.047857 0.046667
2 0.330357 0.131429 0.049286 0.026667
2 0.376786 0.143333 0.042143 0.046667
2 0.423929 0.179048 0.040714 0.041905
2 0.474286 0.214762 0.040000 0.040952
2 0.574286 0.276190 0.048571 0.045714
2 0.526071 0.240000 0.042143 0.041905
2 0.677857 0.259048 0.048571 0.045714
2 0.617500 0.222857 0.046429 0.045714
2 0.456071 0.125714 0.046429 0.041905
2 0.382857 0.062857 0.040000 0.038095
2 0.883929 0.459524 0.055000 0.052381
2 0.970357 0.380952 0.039286 0.064762