2 0.005714 0.532995 0.011429 0.035533
2 0.348214 0.520939 0.017857 0.034264
2 0.442143 0.663706 0.017143 0.043147
2 0.476071 0.609772 0.013571 0.039340
2 0.470357 0.089467 0.006429 0.016497
2 0.457143 0.159264 0.010000 0.021574
2 0.431786 0.264594 0.010714 0.021574
2 0.460357 0.123731 0.009286 0.019036
2 0.498571 0.033629 0.005714 0.013959
2 0.530357 0.021574 0.006429 0.022843
0 0.454643 0.187183 0.002143 0.008883
0 0.501071 0.061548 0.002143 0.008883
0 0.512857 0.024746 0.002857 0.006345
2 0.419643 0.309645 0.010714 0.020305
2 0.520000 0.134518 0.007143 0.020305
2 0.528929 0.094543 0.006429 0.019036
2 0.568571 0.174492 0.010000 0.024112
2 0.465000 0.512690 0.012857 0.035533
0 0.009643 0.749365 0.005000 0.013959
0 0.009286 0.733503 0.005714 0.010152
2 0.602143 0.367386 0.012857 0.029188