2 0.376044 0.880334 0.045407 0.148423
2 0.330898 0.745362 0.039666 0.112245
2 0.405793 0.615028 0.041232 0.092764
2 0.401357 0.487013 0.030271 0.072356
2 0.414927 0.372449 0.019833 0.056586
2 0.421712 0.291744 0.018789 0.034323
2 0.395094 0.293135 0.018789 0.037106
2 0.468424 0.046846 0.009916 0.019481
2 0.463987 0.019017 0.006263 0.013915
0 0.628392 0.520872 0.012526 0.028757
0 0.659447 0.555195 0.014092 0.032468
0 0.782098 0.877551 0.019311 0.038961
0 0.712683 0.626160 0.013048 0.035250
0 0.699635 0.621521 0.010960 0.046382
2 0.767745 0.414193 0.054280 0.041744
2 0.805324 0.467996 0.068894 0.054731
2 0.732255 0.257421 0.033403 0.026902
0 0.749217 0.255102 0.006785 0.022263
2 0.695981 0.247217 0.037056 0.030612
2 0.708768 0.235158 0.034447 0.023191
2 0.673278 0.192950 0.015658 0.025974
2 0.651879 0.124304 0.025052 0.018553
2 0.635177 0.107607 0.020877 0.018553
2 0.634656 0.098794 0.017745 0.013915
0 0.629436 0.104360 0.006263 0.015770
2 0.607516 0.099258 0.022965 0.014842
0 0.585856 0.114100 0.003653 0.009276
2 0.581420 0.048701 0.012526 0.017625
2 0.472860 0.004638 0.006263 0.009276
2 0.589248 0.038961 0.013570 0.014842
0 0.578549 0.038497 0.002610 0.010204
2 0.574896 0.038033 0.015136 0.012987
2 0.586639 0.028757 0.016701 0.011132
2 0.575157 0.032468 0.011482 0.009276
2 0.573591 0.010668 0.012526 0.012059