2 0.093750 0.915667 0.187500 0.168667
2 0.311500 0.517333 0.116000 0.072000
2 0.375750 0.467667 0.099500 0.054000
0 0.494750 0.573000 0.023500 0.063333
2 0.469250 0.496667 0.058500 0.069333
0 0.802000 0.788667 0.023000 0.058667
0 0.715500 0.763667 0.025000 0.071333
0 0.697750 0.678000 0.024500 0.040000
0 0.712750 0.572333 0.013500 0.058000
2 0.652000 0.576667 0.113000 0.069333
2 0.700750 0.542000 0.124500 0.068000
2 0.697250 0.355000 0.072500 0.038000
2 0.605750 0.371000 0.046500 0.039333
2 0.459750 0.364000 0.057500 0.041333
2 0.480500 0.331333 0.052000 0.029333
2 0.496500 0.324333 0.054000 0.031333
2 0.658750 0.340000 0.061500 0.034667
2 0.697000 0.316333 0.061000 0.035333
2 0.682000 0.306333 0.040000 0.024667
2 0.696500 0.302000 0.042000 0.024000
2 0.689250 0.297000 0.044500 0.028667
2 0.542250 0.323333 0.029500 0.032000
2 0.543750 0.271000 0.044500 0.024667
2 0.542500 0.260333 0.044000 0.019333
2 0.549000 0.252333 0.039000 0.019333
2 0.563750 0.248000 0.041500 0.021333
2 0.562500 0.243333 0.041000 0.020000
2 0.557000 0.233000 0.035000 0.018000
2 0.688500 0.285000 0.032000 0.019333
2 0.688750 0.274000 0.046500 0.021333
2 0.690250 0.268333 0.048500 0.023333
2 0.649750 0.257333 0.023500 0.021333
0 0.631750 0.246333 0.008500 0.023333
2 0.691500 0.244333 0.041000 0.020667
2 0.684250 0.203333 0.029500 0.016000
2 0.682250 0.199667 0.025500 0.015333
2 0.684750 0.195667 0.029500 0.016667
2 0.680750 0.181000 0.021500 0.012667
2 0.683500 0.157667 0.017000 0.011333
0 0.675000 0.157333 0.004000 0.009333
2 0.600500 0.203667 0.029000 0.012667
2 0.605250 0.199667 0.024500 0.014000
2 0.605750 0.192667 0.028500 0.013333
2 0.612250 0.182667 0.025500 0.014667
2 0.621750 0.166000 0.020500 0.009333
0 0.636000 0.178667 0.004000 0.013333