0 0.386743 0.638219 0.022965 0.051948
0 0.413622 0.673933 0.018267 0.051020
0 0.444676 0.640074 0.013570 0.076067
0 0.427975 0.611317 0.010438 0.048237
0 0.439196 0.554731 0.009916 0.076067
0 0.422495 0.549165 0.019311 0.066790
0 0.421712 0.527365 0.009395 0.028757
0 0.533142 0.481911 0.008873 0.032468
0 0.575678 0.438312 0.009395 0.052876
0 0.583768 0.446660 0.007829 0.030612
0 0.458768 0.179499 0.005219 0.036178
0 0.412839 0.180891 0.004175 0.024119
0 0.641180 0.209184 0.006785 0.036178
0 0.589248 0.109462 0.006263 0.024119
2 0.424322 0.107607 0.032359 0.022263
0 0.470772 0.046382 0.003132 0.011132
0 0.496086 0.065399 0.003653 0.013915
2 0.547495 0.071429 0.014614 0.020408
2 0.180585 0.871985 0.089770 0.135436
0 0.490866 0.281076 0.007829 0.029685
0 0.484603 0.079314 0.004697 0.015770
0 0.483299 0.031076 0.003132 0.012059
0 0.492954 0.040816 0.004697 0.011132