2 0.750357 0.574286 0.070714 0.066667
2 0.605714 0.498095 0.064286 0.053333
2 0.452857 0.464286 0.045714 0.042857
2 0.401429 0.433333 0.037143 0.038095
2 0.456786 0.418571 0.040714 0.037143
2 0.867500 0.414762 0.025000 0.042857
2 0.238571 0.258095 0.022857 0.022857
2 0.276786 0.312381 0.027857 0.020952
2 0.119286 0.180952 0.014286 0.013333
2 0.108929 0.159048 0.010714 0.015238
2 0.116071 0.136667 0.012143 0.012381
2 0.111071 0.108095 0.010714 0.012381
2 0.127857 0.096667 0.011429 0.010476
2 0.122857 0.076667 0.010000 0.012381
2 0.096786 0.087143 0.009286 0.014286
2 0.086071 0.084762 0.010714 0.011429
2 0.095357 0.063810 0.010714 0.015238
2 0.078571 0.055238 0.010000 0.007619
2 0.086786 0.044286 0.010714 0.006667
2 0.975000 0.345238 0.018571 0.035238
2 0.948929 0.207143 0.012143 0.016190
2 0.948214 0.168095 0.013571 0.014286
2 0.949643 0.148095 0.010714 0.016190
2 0.932500 0.143333 0.010714 0.016190
2 0.885714 0.131429 0.015714 0.017143
2 0.909286 0.116190 0.012857 0.015238
2 0.928929 0.083810 0.013571 0.011429
2 0.967143 0.066190 0.010000 0.012381
2 0.945357 0.065714 0.012143 0.011429
2 0.930714 0.061429 0.011429 0.012381
2 0.962500 0.722857 0.075000 0.081905
0 0.770357 0.401905 0.006429 0.019048
0 0.780000 0.385238 0.007143 0.021905
0 0.791071 0.390952 0.006429 0.016190
0 0.802500 0.392381 0.006429 0.015238
2 0.532143 0.789524 0.062857 0.123810