2 0.338750 0.961667 0.038500 0.074000
2 0.246750 0.146000 0.010500 0.017333
2 0.258500 0.126000 0.010000 0.013333
0 0.362500 0.717000 0.008000 0.019333
0 0.368000 0.672333 0.019000 0.015333
2 0.362500 0.633667 0.022000 0.048667
0 0.405500 0.562667 0.008000 0.013333
0 0.360500 0.502000 0.007000 0.016000
2 0.374750 0.513667 0.033500 0.046000
0 0.348250 0.465000 0.009500 0.018000
2 0.374750 0.456000 0.033500 0.038667
2 0.373250 0.430000 0.024500 0.032000
2 0.326250 0.399333 0.006500 0.017333
2 0.362500 0.391333 0.018000 0.034667
2 0.457250 0.412333 0.015500 0.020667
2 0.394500 0.376667 0.015000 0.026667
2 0.362750 0.335667 0.024500 0.027333
0 0.345250 0.343333 0.006500 0.014667
0 0.383250 0.377667 0.006500 0.012667
0 0.405000 0.403000 0.004000 0.011333
0 0.430000 0.370667 0.005000 0.014667
0 0.489250 0.391000 0.007500 0.014000
0 0.571250 0.588000 0.007500 0.017333
2 0.595750 0.641667 0.031500 0.047333
0 0.914750 0.891667 0.011500 0.022000
0 0.922500 0.886000 0.013000 0.022667
2 0.955000 0.905333 0.060000 0.081333
2 0.876000 0.896333 0.058000 0.054000
2 0.836500 0.830000 0.045000 0.074667
2 0.765750 0.686333 0.035500 0.056667
2 0.736000 0.632333 0.035000 0.051333
2 0.810000 0.638667 0.050000 0.037333
2 0.825250 0.688667 0.034500 0.050667
2 0.859500 0.752000 0.042000 0.065333
2 0.907000 0.827333 0.052000 0.068000
2 0.744250 0.557333 0.043500 0.028000
2 0.733500 0.538000 0.039000 0.029333
2 0.770500 0.536000 0.031000 0.038667
2 0.787750 0.526667 0.022500 0.030667
0 0.783750 0.506333 0.007500 0.014000
2 0.786000 0.487000 0.034000 0.032667
2 0.806750 0.415000 0.022500 0.031333
2 0.791750 0.421000 0.022500 0.031333
2 0.775000 0.425333 0.022000 0.033333
2 0.753250 0.423333 0.022500 0.036000
2 0.771000 0.449000 0.037000 0.023333
2 0.741750 0.456333 0.027500 0.034000
2 0.728000 0.432000 0.022000 0.030667
2 0.704500 0.488667 0.040000 0.028000
2 0.693250 0.472333 0.035500 0.026000
2 0.643750 0.466667 0.018500 0.038667
2 0.665750 0.492667 0.025500 0.030667
2 0.622000 0.507333 0.042000 0.028000
2 0.615750 0.487333 0.037500 0.025333
0 0.428250 0.154000 0.004500 0.010667
2 0.442000 0.167333 0.014000 0.016000
2 0.438000 0.156667 0.012000 0.014667
2 0.420250 0.081667 0.010500 0.010000
2 0.419750 0.065667 0.009500 0.010000
2 0.418750 0.060000 0.008500 0.012000
2 0.397750 0.048333 0.008500 0.010000
2 0.382500 0.019000 0.006000 0.010000
2 0.376000 0.004000 0.009000 0.008000
0 0.362500 0.028000 0.002000 0.006667
0 0.360500 0.028667 0.002000 0.006667
2 0.351000 0.040667 0.006000 0.012000
2 0.348250 0.054000 0.007500 0.012000
2 0.341250 0.082333 0.007500 0.011333
2 0.340250 0.089000 0.008500 0.011333
2 0.339000 0.105000 0.010000 0.015333
2 0.339750 0.121333 0.008500 0.016000
2 0.339750 0.133667 0.010500 0.015333
2 0.345250 0.222000 0.011500 0.018667
0 0.361250 0.206000 0.004500 0.008000
2 0.350250 0.250333 0.011500 0.018000
2 0.357000 0.287000 0.019000 0.023333
0 0.325500 0.233000 0.005000 0.010000
2 0.322250 0.328000 0.015500 0.024000
2 0.546750 0.154667 0.020500 0.013333
2 0.550250 0.253333 0.026500 0.018667
2 0.554500 0.270000 0.026000 0.018667
2 0.554250 0.282333 0.026500 0.015333
2 0.563000 0.295000 0.027000 0.019333
2 0.651500 0.330667 0.030000 0.017333
2 0.692500 0.348667 0.029000 0.021333
2 0.705250 0.373667 0.033500 0.019333
2 0.597000 0.373667 0.030000 0.023333
0 0.665500 0.538667 0.008000 0.017333
0 0.673000 0.545333 0.008000 0.017333
0 0.674000 0.538000 0.010000 0.024000