2 0.591429 0.285238 0.048571 0.077143
2 0.806429 0.184286 0.035714 0.061905
2 0.675000 0.120000 0.037143 0.060952
2 0.610357 0.099524 0.036429 0.048571
2 0.582857 0.149048 0.040000 0.048571
2 0.529643 0.243333 0.047857 0.067619
2 0.791071 0.101905 0.030714 0.040000
0 0.586786 0.203810 0.012143 0.026667
0 0.912857 0.207619 0.018571 0.022857
2 0.780357 0.029524 0.049286 0.036190
0 0.847143 0.109524 0.014286 0.034286
2 0.955714 0.957619 0.088571 0.084762
2 0.978214 0.762857 0.043571 0.129524
0 0.315000 0.755238 0.027143 0.024762