2 0.814643 0.506345 0.032143 0.096447
2 0.772500 0.491117 0.039286 0.093909
2 0.737143 0.473350 0.034286 0.091371
2 0.654643 0.530457 0.040714 0.104061
2 0.621071 0.505076 0.040714 0.096447
2 0.557500 0.473350 0.040714 0.093909
2 0.574643 0.680203 0.039286 0.093909
2 0.509643 0.638325 0.046429 0.096447
2 0.414286 0.584391 0.054286 0.105330
2 0.582143 0.404822 0.037143 0.081218
2 0.614286 0.410533 0.032857 0.085025
2 0.645357 0.427030 0.032143 0.074873
2 0.679643 0.437183 0.036429 0.085025
2 0.555714 0.375000 0.040000 0.085025
2 0.525357 0.365482 0.035000 0.071066
2 0.675714 0.292513 0.030000 0.079949
2 0.734643 0.312817 0.030714 0.079949
2 0.619643 0.265228 0.030714 0.078680
2 0.595357 0.253173 0.035000 0.072335
2 0.540357 0.227792 0.033571 0.082487
2 0.513214 0.207487 0.037857 0.077411
2 0.536071 0.156726 0.039286 0.067259
2 0.564286 0.166878 0.037143 0.059645
2 0.588571 0.184645 0.030000 0.062183
2 0.612500 0.193528 0.035000 0.069797
2 0.665357 0.218274 0.027857 0.058376
2 0.692500 0.229061 0.033571 0.067259
2 0.722143 0.235406 0.031429 0.069797
2 0.746071 0.253173 0.030714 0.062183
2 0.806429 0.282995 0.032857 0.065990
2 0.795714 0.152919 0.028571 0.074873
2 0.666071 0.102792 0.027857 0.060914
2 0.347500 0.151015 0.037857 0.055838
2 0.451786 0.100888 0.047857 0.054569
2 0.428214 0.040609 0.043571 0.040609
2 0.327143 0.045051 0.050000 0.046954
2 0.185714 0.079315 0.045714 0.052030
2 0.147857 0.064086 0.038571 0.054569
2 0.222500 0.090102 0.039286 0.053299
2 0.242857 0.104695 0.042857 0.057107
2 0.284643 0.120558 0.035000 0.048223
2 0.321429 0.145939 0.032857 0.053299
2 0.388571 0.175127 0.034286 0.058376
2 0.464643 0.078680 0.042143 0.038071
2 0.495714 0.020939 0.047143 0.041878
2 0.591429 0.025381 0.034286 0.050761
2 0.500357 0.441624 0.039286 0.101523
2 0.501071 0.347081 0.030714 0.072335
2 0.465714 0.331853 0.030000 0.069797
2 0.217143 0.016497 0.047143 0.032995
0 0.170357 0.550127 0.017857 0.034264
0 0.166786 0.527919 0.010714 0.038071
2 0.985000 0.546320 0.030000 0.095178
2 0.983571 0.456218 0.032857 0.079949