2 0.193214 0.199048 0.025000 0.015238
0 0.220000 0.188095 0.004286 0.008571
2 0.323929 0.089048 0.012143 0.016190
2 0.346429 0.075714 0.008571 0.012381
2 0.348571 0.067143 0.011429 0.008571
2 0.361071 0.082857 0.005000 0.011429
0 0.801429 0.715238 0.010000 0.013333
2 0.529286 0.289048 0.014286 0.023810
2 0.546786 0.187143 0.007857 0.008571
2 0.541071 0.174286 0.005000 0.009524
2 0.598214 0.008571 0.003571 0.005714
2 0.601071 0.005238 0.005000 0.004762
2 0.690714 0.102857 0.011429 0.013333
0 0.717857 0.155714 0.004286 0.006667
2 0.632143 0.022381 0.014286 0.006667
2 0.706786 0.117143 0.019286 0.007619
2 0.777500 0.150000 0.022143 0.010476
2 0.758214 0.270000 0.030714 0.016190
2 0.801429 0.287143 0.017143 0.021905
2 0.777143 0.284762 0.017143 0.019048
2 0.753929 0.234762 0.013571 0.018095
2 0.737857 0.231429 0.012857 0.017143
2 0.747857 0.197143 0.017143 0.015238
0 0.709643 0.247619 0.003571 0.009524
0 0.849643 0.302381 0.005000 0.014286
2 0.937500 0.349524 0.035000 0.024762
0 0.868571 0.291905 0.004286 0.012381