2 0.614643 0.897208 0.033571 0.086294
2 0.623929 0.788071 0.025000 0.076142
2 0.634643 0.708756 0.023571 0.059645
2 0.660357 0.605330 0.030714 0.060914
2 0.745000 0.598985 0.028571 0.065990
2 0.760357 0.530457 0.027857 0.055838
2 0.774286 0.467005 0.024286 0.053299
2 0.792857 0.399112 0.024286 0.054569
2 0.804643 0.342640 0.023571 0.050761
2 0.817857 0.280457 0.021429 0.053299
2 0.838214 0.187183 0.020714 0.049492
2 0.462500 0.750000 0.042143 0.058376
2 0.475714 0.710025 0.038571 0.054569
2 0.473929 0.655457 0.036429 0.054569
2 0.409286 0.631980 0.040000 0.055838
2 0.081429 0.266497 0.035714 0.048223