2 0.407143 0.510787 0.048571 0.082487
2 0.417143 0.597716 0.051429 0.111675
2 0.357500 0.562183 0.043571 0.083756
2 0.295714 0.621193 0.045714 0.085025
2 0.333571 0.702411 0.057143 0.120558
2 0.494286 0.767766 0.055714 0.101523
2 0.406429 0.868020 0.058571 0.119289
2 0.132143 0.836929 0.077143 0.118020
2 0.481429 0.279822 0.050000 0.085025
2 0.583929 0.156091 0.040714 0.060914
2 0.208929 0.842005 0.076429 0.102792
2 0.223929 0.895939 0.076429 0.098985
2 0.119286 0.962563 0.082857 0.072335
2 0.177500 0.979061 0.075000 0.039340
2 0.817143 0.810914 0.064286 0.096447
2 0.773571 0.877538 0.068571 0.110406
2 0.744286 0.902284 0.071429 0.121827
2 0.723214 0.946066 0.075000 0.105330
2 0.696429 0.967640 0.061429 0.062183
2 0.799286 0.976523 0.050000 0.044416
2 0.832857 0.960660 0.068571 0.076142
2 0.950000 0.616117 0.054286 0.095178
0 0.814643 0.445431 0.016429 0.035533