2 0.794286 0.536802 0.024286 0.020305
0 0.726071 0.345812 0.005000 0.006345
0 0.734643 0.383249 0.005000 0.007614
0 0.725357 0.407995 0.005000 0.008883
2 0.773929 0.258249 0.010714 0.041878
2 0.478214 0.517132 0.023571 0.016497
2 0.342500 0.516497 0.022143 0.017766
0 0.077500 0.307107 0.007857 0.007614
0 0.037857 0.370558 0.007143 0.007614
0 0.012143 0.250635 0.007143 0.008883
0 0.005714 0.225888 0.007143 0.010152
0 0.003929 0.196066 0.006429 0.011421
0 0.007857 0.198604 0.007143 0.011421
0 0.010714 0.190990 0.007143 0.011421
0 0.007143 0.187183 0.007143 0.013959
0 0.015357 0.152919 0.006429 0.011421
0 0.042857 0.262056 0.005714 0.008883
0 0.043214 0.240482 0.006429 0.011421
2 0.075357 0.246827 0.013571 0.041878
2 0.046429 0.085025 0.015714 0.040609