0 0.473500 0.763333 0.022000 0.065333
0 0.510250 0.725000 0.023500 0.062000
0 0.541750 0.580667 0.017500 0.045333
2 0.613750 0.579667 0.069500 0.132667
0 0.713750 0.961000 0.031500 0.078000
0 0.743250 0.951667 0.021500 0.050000
0 0.710750 0.867000 0.034500 0.076667
0 0.842500 0.822667 0.041000 0.068000
0 0.825500 0.794333 0.032000 0.067333
0 0.849250 0.799333 0.033500 0.073333
0 0.876500 0.792333 0.028000 0.068667
0 0.690250 0.509667 0.015500 0.048667
0 0.500000 0.471000 0.012000 0.046000
0 0.451750 0.459667 0.010500 0.046000
0 0.470500 0.427333 0.015000 0.044000
0 0.462250 0.418333 0.008500 0.046000
0 0.515250 0.387667 0.014500 0.046000
0 0.496250 0.347000 0.006500 0.032667
0 0.503250 0.340000 0.009500 0.038667
0 0.516500 0.341000 0.010000 0.039333
0 0.486500 0.332000 0.011000 0.040000
0 0.491250 0.318667 0.006500 0.017333
0 0.474750 0.307667 0.010500 0.032667
0 0.475750 0.304333 0.008500 0.030000
0 0.487500 0.304667 0.008000 0.030667
0 0.651500 0.405667 0.013000 0.044667
0 0.624750 0.354000 0.011500 0.038667
0 0.667250 0.325000 0.009500 0.028667
0 0.622250 0.318333 0.009500 0.039333
0 0.627750 0.314333 0.007500 0.036667
0 0.618500 0.300333 0.013000 0.032667
0 0.566750 0.309667 0.009500 0.036667
0 0.591000 0.289667 0.012000 0.034000
0 0.609750 0.251333 0.008500 0.032000
0 0.626250 0.249667 0.012500 0.030000
0 0.569500 0.276667 0.012000 0.024000
0 0.577250 0.268667 0.009500 0.030667
0 0.545500 0.283333 0.009000 0.034667
0 0.527500 0.284667 0.011000 0.024000
0 0.548250 0.267667 0.013500 0.030000
0 0.549750 0.274333 0.010500 0.034000
0 0.535500 0.264667 0.010000 0.033333
0 0.602250 0.263000 0.009500 0.030000
0 0.528500 0.248667 0.009000 0.032000
0 0.541250 0.250000 0.007500 0.030667
0 0.530750 0.239000 0.007500 0.030000
0 0.544250 0.245333 0.007500 0.030667
0 0.545250 0.234000 0.008500 0.025333
0 0.573250 0.229667 0.006500 0.026000
0 0.583750 0.234667 0.006500 0.032000
0 0.588000 0.235000 0.006000 0.028667
2 0.565250 0.246667 0.026500 0.037333
0 0.472750 0.272333 0.007500 0.034000
0 0.496750 0.239667 0.004500 0.028667
0 0.478500 0.249000 0.010000 0.018000
0 0.484750 0.230000 0.005500 0.025333
0 0.534250 0.215667 0.006500 0.027333
0 0.520500 0.202667 0.009000 0.028000
0 0.472750 0.232000 0.007500 0.021333
0 0.465000 0.196333 0.005000 0.020667
0 0.469750 0.199000 0.004500 0.023333
0 0.473000 0.208000 0.006000 0.018667
0 0.475250 0.179667 0.006500 0.023333
0 0.465500 0.179333 0.006000 0.022667
0 0.450750 0.174333 0.006500 0.016667
0 0.457000 0.175000 0.006000 0.016667
0 0.491250 0.190333 0.007500 0.019333
0 0.545000 0.174333 0.007000 0.020667
0 0.550000 0.179667 0.005000 0.022000
0 0.558250 0.174333 0.005500 0.024667
0 0.561750 0.181000 0.006500 0.022000
0 0.564750 0.182000 0.004500 0.013333
0 0.572250 0.181667 0.005500 0.023333
0 0.571000 0.177000 0.005000 0.014000
0 0.583000 0.174333 0.006000 0.018000
0 0.623250 0.172333 0.004500 0.015333
0 0.346000 0.206667 0.006000 0.022667
0 0.352000 0.209000 0.007000 0.024667
0 0.356750 0.210667 0.005500 0.025333
0 0.360750 0.205333 0.008500 0.025333
0 0.353500 0.276000 0.008000 0.028000
0 0.372000 0.273000 0.008000 0.030000
0 0.381500 0.259333 0.009000 0.021333
0 0.331750 0.270000 0.010500 0.029333
0 0.330500 0.286667 0.008000 0.020000
2 0.765500 0.181000 0.045000 0.027333
0 0.782500 0.168000 0.005000 0.018667
0 0.790250 0.173333 0.006500 0.018667
0 0.794000 0.156667 0.007000 0.022667
0 0.517750 0.158333 0.007500 0.019333
0 0.523750 0.159333 0.003500 0.017333
0 0.522000 0.156333 0.004000 0.011333
2 0.415250 0.137333 0.025500 0.017333
2 0.417500 0.124333 0.014000 0.015333
0 0.414500 0.114667 0.003000 0.010667
0 0.417000 0.115000 0.004000 0.010000
2 0.406250 0.119000 0.014500 0.012667
2 0.421500 0.100333 0.010000 0.011333
2 0.428750 0.090333 0.010500 0.010000
2 0.439750 0.077333 0.006500 0.009333
2 0.444750 0.072000 0.008500 0.009333
2 0.447250 0.067333 0.008500 0.008000
2 0.452000 0.062333 0.006000 0.008667
2 0.453500 0.061000 0.006000 0.007333
0 0.341500 0.117333 0.005000 0.010667
0 0.358000 0.106667 0.004000 0.013333
0 0.362250 0.097000 0.002500 0.010000
0 0.367000 0.091000 0.002000 0.011333
0 0.550500 0.065000 0.003000 0.010000
2 0.604250 0.065667 0.018500 0.008667
2 0.601750 0.064333 0.013500 0.008667
2 0.580500 0.065000 0.015000 0.008667
2 0.606000 0.044333 0.005000 0.007333
2 0.573750 0.059667 0.011500 0.008667
2 0.572500 0.059000 0.012000 0.007333
2 0.570000 0.059667 0.013000 0.008667
2 0.572500 0.056667 0.013000 0.006667
2 0.572500 0.054667 0.014000 0.006667
2 0.568500 0.050667 0.014000 0.008000
2 0.567500 0.048667 0.016000 0.006667
2 0.564000 0.046000 0.013000 0.008000
2 0.581750 0.047333 0.018500 0.008000
2 0.588250 0.050667 0.018500 0.006667
2 0.646500 0.058667 0.015000 0.008000
2 0.640500 0.055000 0.014000 0.007333
2 0.633500 0.051000 0.012000 0.008667
2 0.631500 0.049333 0.013000 0.008000