0 0.451461 0.865492 0.011482 0.048237
0 0.538361 0.837199 0.007829 0.023191
0 0.538883 0.833024 0.008873 0.035250
0 0.523225 0.778293 0.008873 0.027829
0 0.522182 0.775974 0.006785 0.030612
0 0.465031 0.498145 0.006263 0.024119
0 0.437891 0.329777 0.005219 0.010204
0 0.522443 0.261596 0.005219 0.012987
0 0.530010 0.308905 0.003653 0.011132
2 0.566806 0.377551 0.017745 0.033395
0 0.658925 0.467996 0.006785 0.023191
0 0.651879 0.442950 0.006263 0.026902
0 0.633351 0.447588 0.007829 0.019481
2 0.615084 0.495362 0.026618 0.042672
2 0.711639 0.710575 0.054802 0.059369
2 0.526618 0.179499 0.011482 0.021336
2 0.467902 0.195733 0.009916 0.018553
0 0.456681 0.181818 0.004175 0.011132
0 0.451722 0.179035 0.002610 0.012987
0 0.454593 0.179499 0.004175 0.012059
0 0.503653 0.145176 0.003132 0.008349
0 0.508612 0.135436 0.003653 0.007421
0 0.483820 0.115955 0.002088 0.007421
0 0.498173 0.099258 0.002610 0.007421
0 0.463205 0.099258 0.002610 0.011132
0 0.469207 0.099722 0.003132 0.010204
0 0.479645 0.053803 0.002088 0.005566
0 0.484864 0.041280 0.002088 0.004638
0 0.488257 0.034323 0.001566 0.003711
2 0.834551 0.280612 0.020877 0.021336