2 0.137143 0.052030 0.048571 0.055838
2 0.108929 0.177665 0.047857 0.058376
2 0.220000 0.282995 0.055714 0.071066
0 0.233214 0.070431 0.007857 0.024112
0 0.251786 0.074239 0.005000 0.019036
0 0.298214 0.123096 0.010714 0.027919
0 0.295714 0.203680 0.008571 0.031726
0 0.301071 0.210660 0.006429 0.025381
2 0.318214 0.346447 0.060714 0.048223
2 0.412143 0.365482 0.058571 0.076142
0 0.264643 0.406726 0.009286 0.026650
0 0.259643 0.420051 0.007857 0.022843
0 0.284643 0.468274 0.009286 0.030457
0 0.275000 0.495558 0.007143 0.026650
0 0.307857 0.546320 0.007143 0.024112
0 0.391429 0.456853 0.008571 0.025381
0 0.372143 0.507614 0.011429 0.020305
0 0.355000 0.577411 0.008571 0.022843
0 0.391071 0.546320 0.006429 0.021574
0 0.416429 0.605330 0.010000 0.020305
0 0.438929 0.578046 0.009286 0.021574
0 0.440714 0.552665 0.008571 0.024112
0 0.445000 0.536168 0.008571 0.021574
0 0.201429 0.848985 0.008571 0.022843
0 0.212500 0.850888 0.012143 0.019036
2 0.677500 0.683376 0.045000 0.105330
2 0.717857 0.411168 0.040000 0.083756
0 0.700357 0.182107 0.009286 0.026650
0 0.694286 0.151650 0.010000 0.026650
0 0.654286 0.311548 0.007143 0.031726
0 0.611429 0.361041 0.008571 0.029188
0 0.497500 0.303299 0.009286 0.022843
0 0.507143 0.294416 0.007143 0.027919
0 0.517143 0.444797 0.010000 0.026650
0 0.544643 0.425761 0.009286 0.026650
0 0.536786 0.437183 0.006429 0.011421
0 0.498929 0.456853 0.006429 0.022843
0 0.502857 0.465736 0.007143 0.027919
0 0.512857 0.479061 0.005714 0.024112
0 0.510357 0.497462 0.009286 0.027919
0 0.519286 0.501904 0.007143 0.024112
0 0.510714 0.535533 0.010000 0.027919
2 0.816071 0.083756 0.030714 0.063452
2 0.799286 0.253807 0.035714 0.076142