0 0.373571 0.590476 0.008571 0.019048
0 0.356071 0.544286 0.007857 0.012381
2 0.306071 0.487143 0.025000 0.023810
0 0.259643 0.476190 0.005000 0.011429
2 0.114286 0.373333 0.018571 0.011429
2 0.201786 0.327619 0.010714 0.005714
2 0.085714 0.327143 0.008571 0.006667
2 0.876786 0.498571 0.036429 0.021905
2 0.451071 0.437619 0.020714 0.016190
2 0.093571 0.535238 0.032857 0.015238
2 0.825000 0.534286 0.044286 0.028571
2 0.801071 0.576667 0.042143 0.025714
0 0.979286 0.552381 0.010000 0.022857
0 0.912143 0.513810 0.007143 0.021905