2 0.266071 0.432381 0.019286 0.036190
2 0.304643 0.467619 0.032143 0.019048
2 0.299286 0.489048 0.031429 0.021905
2 0.291786 0.522381 0.033571 0.021905
2 0.278214 0.572381 0.032143 0.019048
2 0.194643 0.956667 0.053571 0.035238
2 0.195357 0.685238 0.026429 0.048571
2 0.319286 0.238095 0.012857 0.020952
2 0.335357 0.188095 0.010714 0.020000
2 0.387500 0.116667 0.016429 0.010476
2 0.387500 0.110952 0.017857 0.010476
2 0.389643 0.102381 0.015000 0.008571
2 0.388929 0.099048 0.017857 0.009524
2 0.390714 0.094286 0.015714 0.009524
2 0.393571 0.089048 0.015714 0.010476
2 0.398214 0.076667 0.015000 0.010476
2 0.414286 0.076667 0.008571 0.010476
2 0.426071 0.074286 0.015000 0.009524
2 0.399643 0.054286 0.015000 0.009524
2 0.425357 0.080476 0.012143 0.010476
2 0.377500 0.043333 0.006429 0.012381
2 0.420000 0.041429 0.008571 0.010476
2 0.428571 0.042381 0.005714 0.012381
2 0.435714 0.040476 0.007143 0.014286
2 0.358571 0.043810 0.008571 0.011429
2 0.349643 0.042857 0.006429 0.009524
0 0.453571 0.162381 0.004286 0.010476
0 0.462143 0.174762 0.004286 0.012381
0 0.437500 0.075714 0.003571 0.008571
0 0.232143 0.479524 0.005714 0.014286
0 0.244643 0.488095 0.006429 0.014286
0 0.256071 0.400000 0.005000 0.013333
2 0.855000 0.944762 0.050000 0.032381
2 0.772857 0.751429 0.028571 0.057143
2 0.907143 0.809524 0.037143 0.026667
2 0.888214 0.773810 0.047857 0.031429
2 0.826786 0.739524 0.030714 0.052381
2 0.758929 0.687143 0.023571 0.050476
2 0.760000 0.633810 0.022857 0.046667
2 0.846786 0.660000 0.039286 0.026667
2 0.840000 0.636667 0.041429 0.025714
2 0.828214 0.612381 0.037857 0.024762
2 0.745714 0.440000 0.025714 0.019048
2 0.791071 0.438095 0.027857 0.019048
2 0.703214 0.350000 0.017857 0.027619
2 0.774643 0.321905 0.016429 0.026667
2 0.789286 0.321905 0.014286 0.024762
2 0.789286 0.264762 0.024286 0.017143
2 0.782143 0.249048 0.014286 0.020000
2 0.752857 0.247619 0.015714 0.020952
2 0.740714 0.248571 0.012857 0.020952
2 0.727143 0.248571 0.012857 0.020952
2 0.698929 0.172381 0.010714 0.019048
2 0.596786 0.239524 0.013571 0.020000
2 0.570000 0.052381 0.008571 0.013333
2 0.676071 0.069524 0.009286 0.011429
0 0.617857 0.094762 0.004286 0.008571
0 0.615714 0.095238 0.002857 0.009524
0 0.618929 0.050000 0.003571 0.008571