2 0.559238 0.937848 0.050626 0.098330
2 0.642484 0.757885 0.032359 0.059369
2 0.668841 0.720779 0.033925 0.048237
2 0.688674 0.685065 0.031837 0.060297
2 0.706942 0.647959 0.029749 0.052876
2 0.746347 0.579314 0.026096 0.041744
2 0.789666 0.215213 0.039666 0.044527
2 0.770877 0.077922 0.025052 0.037106
2 0.355167 0.850186 0.041232 0.093692
2 0.139875 0.261596 0.045929 0.053803
2 0.176409 0.209184 0.041754 0.047310
2 0.173017 0.173933 0.040188 0.028757
2 0.118476 0.196197 0.043841 0.041744
2 0.286273 0.103896 0.033925 0.038961
2 0.234342 0.117347 0.028184 0.041744
2 0.214770 0.130798 0.028706 0.038961
2 0.194676 0.144249 0.034447 0.038033
2 0.123956 0.216605 0.042276 0.043599
2 0.086639 0.162338 0.042797 0.040816
2 0.016701 0.263915 0.033403 0.056586