0 0.122651 0.182282 0.004175 0.012059
0 0.152401 0.185993 0.004175 0.010204
0 0.164927 0.166512 0.003132 0.010204
0 0.172495 0.175325 0.003653 0.011132
0 0.018789 0.431818 0.008351 0.023191
0 0.043058 0.500000 0.009916 0.029685
0 0.051148 0.497681 0.010438 0.032468
0 0.058194 0.495826 0.009916 0.032468
2 0.346816 0.523191 0.025574 0.048237
0 0.173800 0.158163 0.004175 0.012059
0 0.144050 0.150742 0.004175 0.010204
0 0.149791 0.144712 0.003132 0.011132
0 0.177192 0.141929 0.003653 0.014842
0 0.185543 0.128015 0.003653 0.009276
0 0.175104 0.128942 0.001566 0.009276
0 0.174322 0.128015 0.003132 0.009276
2 0.191023 0.109462 0.007307 0.012987
2 0.199635 0.165584 0.016180 0.015770
2 0.192067 0.180427 0.013570 0.015770
2 0.369781 0.661874 0.031837 0.069573
0 0.458246 0.776438 0.011482 0.035250
0 0.652923 0.706865 0.013570 0.029685
0 0.656054 0.726345 0.010438 0.037106
0 0.639875 0.743043 0.008351 0.040816
0 0.642223 0.736549 0.005741 0.024119
0 0.479123 0.408163 0.006263 0.018553
2 0.431367 0.349258 0.018267 0.028757
0 0.429802 0.324212 0.006785 0.013915
0 0.444676 0.309833 0.005219 0.020408
0 0.441545 0.292208 0.005219 0.014842
0 0.386221 0.200371 0.005219 0.014842
2 0.375261 0.218924 0.022965 0.016698
0 0.425365 0.265306 0.006263 0.012987
2 0.343424 0.217996 0.009395 0.014842
2 0.369520 0.187384 0.008351 0.014842
2 0.373695 0.172078 0.009395 0.017625
0 0.358299 0.133581 0.003653 0.011132
0 0.356472 0.133581 0.003132 0.007421
2 0.340031 0.087199 0.007829 0.009276
0 0.336639 0.073284 0.002088 0.007421
0 0.374739 0.414657 0.006263 0.012987
0 0.364823 0.308442 0.004175 0.010204
0 0.367954 0.308442 0.004175 0.010204
0 0.366127 0.304267 0.005741 0.014842
0 0.343424 0.285250 0.006263 0.015770
0 0.275313 0.286178 0.005741 0.015770
0 0.269572 0.230519 0.004697 0.010204
0 0.279228 0.190167 0.004175 0.009276
0 0.262526 0.587199 0.009395 0.027829
0 0.305585 0.094620 0.002610 0.007421
0 0.306628 0.105288 0.003653 0.006494
0 0.276096 0.089518 0.002088 0.006494
0 0.276096 0.072356 0.002088 0.005566
0 0.274269 0.066790 0.002610 0.007421
0 0.306889 0.070501 0.002088 0.005566
2 0.280010 0.026902 0.002610 0.005566