2 0.121786 0.220000 0.015000 0.015238
2 0.062857 0.235714 0.021429 0.012381
2 0.106071 0.204286 0.016429 0.012381
2 0.113929 0.191905 0.019286 0.012381
2 0.287143 0.791429 0.040000 0.085714
2 0.465357 0.055238 0.005000 0.005714
2 0.468929 0.050952 0.006429 0.008571
0 0.475000 0.050952 0.001429 0.004762
2 0.482500 0.013810 0.003571 0.004762
2 0.504643 0.093333 0.015000 0.007619
0 0.435714 0.169524 0.002857 0.007619
0 0.430357 0.169524 0.003571 0.009524
2 0.362857 0.440000 0.018571 0.028571
2 0.754643 0.667143 0.035000 0.056190
2 0.792143 0.667143 0.032857 0.052381
2 0.713929 0.622381 0.050714 0.027619
2 0.580000 0.224762 0.012857 0.019048
0 0.591786 0.170000 0.005000 0.012381
0 0.571071 0.278571 0.003571 0.008571
2 0.603214 0.254762 0.023571 0.014286
2 0.675714 0.419524 0.021429 0.029524
2 0.700000 0.307619 0.028571 0.015238
0 0.621429 0.281429 0.004286 0.010476
2 0.668929 0.508571 0.020714 0.038095
2 0.694286 0.510476 0.024286 0.038095
2 0.716429 0.470952 0.031429 0.018095
0 0.629286 0.545714 0.007143 0.009524
2 0.882857 0.954286 0.064286 0.055238