2 0.578929 0.311905 0.015000 0.012381
2 0.604286 0.359048 0.015714 0.019048
2 0.550714 0.294286 0.011429 0.011429
2 0.525357 0.269048 0.010714 0.010476
2 0.440000 0.379048 0.011429 0.019048
2 0.434643 0.416667 0.012143 0.018095
2 0.431071 0.434286 0.013571 0.022857
2 0.335714 0.478571 0.038571 0.023810
2 0.331786 0.495238 0.040714 0.019048
2 0.177500 0.600952 0.037857 0.047619
0 0.504286 0.314286 0.001429 0.007619
0 0.499643 0.279524 0.002143 0.006667
0 0.525000 0.475714 0.005714 0.010476
0 0.518571 0.385238 0.004286 0.008571
2 0.596786 0.212381 0.006429 0.005714