2 0.525714 0.807107 0.024286 0.096447
2 0.612500 0.796954 0.030714 0.096447
2 0.642143 0.734137 0.028571 0.090102
2 0.566429 0.745558 0.030000 0.100254
2 0.628929 0.609137 0.027857 0.078680
2 0.562500 0.647843 0.023571 0.085025
2 0.617143 0.504442 0.022857 0.069797
2 0.583929 0.505711 0.023571 0.072335
2 0.606429 0.425761 0.020000 0.054569
2 0.578214 0.430203 0.019286 0.063452
2 0.547500 0.445431 0.020714 0.060914
2 0.599643 0.358503 0.020714 0.057107
2 0.568929 0.351523 0.020714 0.060914
2 0.542857 0.347716 0.018571 0.055838
2 0.515714 0.359772 0.017143 0.057107
2 0.591786 0.285533 0.019286 0.050761
2 0.565000 0.287437 0.018571 0.052030
2 0.537143 0.266497 0.020000 0.060914
2 0.507500 0.233503 0.017857 0.050761
2 0.583571 0.219543 0.018571 0.048223
2 0.558214 0.215736 0.019286 0.048223
2 0.574643 0.147843 0.016429 0.041878
2 0.552857 0.156091 0.017143 0.045685
2 0.547143 0.100888 0.017143 0.039340
2 0.525714 0.107234 0.015714 0.044416
2 0.533571 0.216371 0.017143 0.046954
0 0.518214 0.298858 0.009286 0.021574
0 0.711786 0.409264 0.009286 0.019036
0 0.762857 0.227157 0.005714 0.025381
0 0.808929 0.127538 0.006429 0.019036
0 0.807500 0.137690 0.006429 0.019036
0 0.097143 0.555203 0.010000 0.026650
0 0.908214 0.939721 0.013571 0.029188