0 0.155010 0.130334 0.009395 0.032468
0 0.150574 0.132653 0.010960 0.031540
0 0.135699 0.129870 0.007307 0.025974
0 0.136743 0.128015 0.010438 0.029685
0 0.121608 0.158627 0.010438 0.033395
0 0.103601 0.155844 0.009916 0.029685
0 0.079071 0.153525 0.009916 0.030612
0 0.062109 0.152597 0.009395 0.030612
0 0.066806 0.150742 0.010438 0.032468
0 0.085073 0.151206 0.010438 0.029685
0 0.045146 0.151670 0.010960 0.030612
0 0.050104 0.147495 0.010438 0.029685
0 0.027662 0.150742 0.009395 0.028757
0 0.009656 0.150278 0.010960 0.031540
0 0.015919 0.145640 0.010960 0.031540
0 0.024530 0.122913 0.008351 0.025046
0 0.026618 0.119202 0.011482 0.030612
0 0.032359 0.147959 0.011482 0.028757
0 0.106733 0.154917 0.009916 0.031540
0 0.124478 0.154917 0.009916 0.031540
0 0.110125 0.136827 0.012526 0.038033
0 0.114562 0.125232 0.008873 0.029685
0 0.109864 0.127551 0.009916 0.026902
0 0.092902 0.127551 0.008351 0.032468
0 0.074113 0.125696 0.008351 0.028757
0 0.061587 0.123377 0.009395 0.029685
0 0.066023 0.119202 0.007829 0.030612
0 0.044363 0.122913 0.010438 0.028757
0 0.050365 0.119202 0.008873 0.030612
0 0.080376 0.122913 0.009395 0.025046
0 0.095772 0.122913 0.007829 0.028757
0 0.003653 0.117811 0.007307 0.029685
0 0.003653 0.147495 0.007307 0.025974
0 0.232255 0.857143 0.027140 0.057514
0 0.341858 0.894249 0.022965 0.066790
0 0.346294 0.880334 0.018267 0.059369
0 0.283925 0.641929 0.016701 0.044527
0 0.420146 0.340445 0.009395 0.044527
0 0.403445 0.346475 0.013570 0.034323
0 0.373956 0.322356 0.006785 0.021336
0 0.372129 0.325603 0.010438 0.038961
0 0.376827 0.319109 0.009395 0.038961
0 0.382046 0.308905 0.007307 0.040816
0 0.391701 0.280612 0.009916 0.047310
0 0.383351 0.275046 0.008873 0.045455
0 0.394833 0.269481 0.009916 0.043599
0 0.508873 0.038961 0.006263 0.016698
0 0.520616 0.010668 0.004697 0.017625
2 0.532881 0.017625 0.016701 0.029685
0 0.567328 0.022727 0.004175 0.015770
0 0.571242 0.027365 0.004697 0.021336
0 0.569154 0.016234 0.003653 0.021336
0 0.568111 0.013451 0.005741 0.023191
0 0.502349 0.086735 0.005741 0.032468
0 0.499217 0.081169 0.004697 0.030612
0 0.519572 0.079777 0.005741 0.025974
0 0.548278 0.074212 0.005741 0.024119
0 0.556889 0.072356 0.006263 0.024119
0 0.558455 0.091837 0.005219 0.024119
0 0.499478 0.130798 0.007307 0.025974
0 0.546190 0.184137 0.007829 0.036178
0 0.507307 0.203154 0.009395 0.029685
0 0.539144 0.269481 0.010438 0.034323
0 0.452505 0.135900 0.004175 0.030612
0 0.448852 0.148423 0.006263 0.031540
0 0.443894 0.144712 0.005741 0.029685
0 0.443633 0.139610 0.006263 0.028757
0 0.438152 0.139147 0.006785 0.033395
0 0.434760 0.177180 0.009395 0.035250
0 0.430846 0.175325 0.007829 0.033395
0 0.433716 0.165121 0.007307 0.029685
0 0.431106 0.158163 0.006263 0.026902
0 0.405010 0.509740 0.010438 0.038033
0 0.405532 0.505102 0.015658 0.043599
0 0.410230 0.500464 0.012526 0.032468
0 0.436587 0.590909 0.020355 0.051948
0 0.470511 0.471707 0.010960 0.041744
0 0.499739 0.469388 0.015136 0.037106
0 0.459551 0.771800 0.017223 0.057514
0 0.734342 0.618738 0.013570 0.066790
0 0.717902 0.595547 0.014092 0.063080
0 0.645877 0.616419 0.013048 0.043599
0 0.618476 0.473562 0.013570 0.058442
0 0.652923 0.447124 0.012526 0.057514
0 0.700939 0.448516 0.017745 0.047310
0 0.629958 0.493506 0.010438 0.040816
0 0.645616 0.501855 0.013570 0.061224
0 0.617171 0.551948 0.016180 0.061224
0 0.611169 0.602968 0.020877 0.059369
0 0.658403 0.574675 0.012004 0.067718
0 0.650313 0.557514 0.012526 0.063080
0 0.661273 0.531076 0.008351 0.028757
0 0.664927 0.544527 0.011482 0.053803
0 0.659969 0.524119 0.013048 0.059369
0 0.660230 0.506957 0.012526 0.060297
0 0.667797 0.532468 0.012004 0.059369
0 0.670668 0.521336 0.012526 0.063080
0 0.670668 0.516234 0.013570 0.071429
0 0.684760 0.534787 0.014614 0.060297
0 0.684238 0.500928 0.014614 0.059369
0 0.697547 0.513915 0.015136 0.053803
0 0.692328 0.548237 0.020355 0.053803
0 0.691806 0.554731 0.009916 0.033395
0 0.673800 0.344156 0.013570 0.035250
0 0.675626 0.306122 0.012004 0.044527
0 0.650574 0.301020 0.010960 0.043599
2 0.557672 0.608071 0.112213 0.108534
0 0.589770 0.267161 0.007307 0.035250
0 0.570981 0.094156 0.006263 0.028757
0 0.579332 0.082560 0.005219 0.027829
0 0.593424 0.084879 0.006263 0.021336
0 0.588205 0.087199 0.005219 0.018553
0 0.583246 0.090445 0.005741 0.017625
0 0.575939 0.040816 0.006785 0.027829