2 0.647750 0.764667 0.082500 0.065333
0 0.778750 0.799333 0.021500 0.040000
2 0.746500 0.720667 0.044000 0.078667
0 0.047500 0.710667 0.021000 0.029333
0 0.043500 0.681000 0.016000 0.026000
0 0.100500 0.566000 0.014000 0.024000
0 0.010250 0.662000 0.015500 0.018667
0 0.449750 0.815333 0.013500 0.033333
0 0.588000 0.757667 0.012000 0.032667
0 0.414250 0.695333 0.012500 0.022667
0 0.429750 0.702333 0.012500 0.026000
0 0.698250 0.889667 0.013500 0.036667
0 0.509000 0.959667 0.019000 0.034000
0 0.886250 0.720333 0.012500 0.027333
2 0.805250 0.688333 0.066500 0.052667
0 0.676750 0.872000 0.015500 0.029333
0 0.754250 0.906000 0.016500 0.032000
0 0.910000 0.811000 0.014000 0.027333
2 0.826500 0.630333 0.067000 0.044667
2 0.845250 0.611667 0.067500 0.044667
2 0.419250 0.544667 0.060500 0.036000
2 0.440250 0.557667 0.062500 0.040667
2 0.462250 0.569333 0.064500 0.042667
2 0.496750 0.582000 0.051500 0.046667
2 0.517500 0.604333 0.048000 0.046000
2 0.541750 0.622333 0.043500 0.046000
2 0.573500 0.636667 0.055000 0.050667
2 0.625750 0.673333 0.046500 0.065333
2 0.660750 0.691000 0.056500 0.064667
0 0.665750 0.656667 0.010500 0.029333
2 0.690000 0.709000 0.043000 0.059333
2 0.887250 0.563333 0.056500 0.038667
2 0.903250 0.545000 0.063500 0.042000
2 0.914000 0.529000 0.051000 0.034000
2 0.920500 0.508667 0.053000 0.033333
2 0.928750 0.493000 0.056500 0.032667
2 0.902000 0.393333 0.044000 0.033333
0 0.912000 0.387000 0.008000 0.020667
0 0.884250 0.378667 0.006500 0.013333
2 0.861750 0.713000 0.041500 0.054000
2 0.890500 0.662667 0.043000 0.048000
2 0.915750 0.622000 0.039500 0.044000
2 0.940750 0.584333 0.037500 0.042000
2 0.958000 0.545333 0.031000 0.040000
2 0.974000 0.513667 0.032000 0.035333
2 0.986250 0.485333 0.027500 0.037333
2 0.985250 0.619667 0.029500 0.047333
0 0.955750 0.611333 0.011500 0.026667
0 0.968750 0.584667 0.011500 0.025333
0 0.973000 0.558333 0.010000 0.024667
0 0.839250 0.896000 0.013500 0.029333
0 0.862750 0.484000 0.013500 0.026667
0 0.845750 0.495000 0.009500 0.024667
0 0.846750 0.520000 0.009500 0.024000
0 0.855750 0.523667 0.009500 0.026000