2 0.760438 0.745362 0.082463 0.134508
2 0.697547 0.535714 0.047495 0.089981
2 0.406837 0.638219 0.103862 0.113173
2 0.606472 0.297310 0.025052 0.045455
2 0.485908 0.309833 0.048017 0.037106
2 0.436587 0.287570 0.050626 0.031540
0 0.317067 0.410946 0.012004 0.050093
0 0.520355 0.257421 0.006263 0.026902
0 0.533403 0.259276 0.007307 0.023191
0 0.565501 0.146104 0.002610 0.006494
0 0.575939 0.168831 0.003653 0.009276
0 0.563935 0.171150 0.003653 0.012059
0 0.554541 0.174397 0.003653 0.009276
0 0.545146 0.175788 0.004697 0.012059
0 0.568372 0.231911 0.006263 0.018553
0 0.528706 0.302412 0.008351 0.020408
0 0.542015 0.514842 0.014092 0.046382
2 0.450939 0.272263 0.044885 0.032468
2 0.454593 0.250464 0.034447 0.033395
2 0.493737 0.206865 0.018789 0.022263
2 0.506002 0.191558 0.024530 0.015770
2 0.487213 0.186456 0.023486 0.016698
2 0.520877 0.165584 0.019833 0.013915
2 0.517484 0.161410 0.016180 0.014842
0 0.471294 0.204082 0.005219 0.011132
0 0.481472 0.202226 0.004697 0.020408
0 0.460073 0.179035 0.004697 0.009276
0 0.463205 0.178571 0.003653 0.013915
0 0.527401 0.163265 0.002610 0.016698
0 0.583507 0.158627 0.003132 0.009276
0 0.562630 0.154453 0.002088 0.008349
0 0.566545 0.154917 0.002610 0.011132
0 0.564196 0.154917 0.003132 0.012987
0 0.565240 0.140074 0.002088 0.007421
2 0.570198 0.141466 0.006785 0.008349