2 0.116388 0.240724 0.042797 0.039889
2 0.232255 0.170223 0.034447 0.052876
2 0.289666 0.201299 0.031315 0.053803
2 0.227296 0.266234 0.046451 0.046382
2 0.301670 0.554267 0.050104 0.069573
2 0.361430 0.328850 0.044363 0.064007
0 0.415188 0.364564 0.006785 0.024119
2 0.371868 0.519944 0.048539 0.065863
2 0.472338 0.442486 0.038622 0.068646
2 0.496347 0.459647 0.037578 0.069573
2 0.484603 0.638683 0.052714 0.076994
2 0.578810 0.559833 0.052192 0.058442
2 0.391962 0.738868 0.062630 0.088126
2 0.704854 0.659091 0.038100 0.080705
2 0.822025 0.778757 0.038622 0.088126
2 0.856733 0.818646 0.046451 0.099258
2 0.644050 0.963822 0.055324 0.070501