2 0.317857 0.930000 0.078571 0.080952
2 0.352857 0.804286 0.062857 0.061905
0 0.331429 0.772857 0.010000 0.021905
2 0.380000 0.751905 0.054286 0.056190
2 0.409286 0.677619 0.061429 0.058095
2 0.436429 0.605714 0.031429 0.060952
0 0.092857 0.966190 0.025714 0.018095
0 0.146429 0.900476 0.017143 0.029524
0 0.077143 0.891905 0.017143 0.023810
0 0.333929 0.709524 0.015000 0.026667
0 0.370714 0.624286 0.012857 0.027619
2 0.308929 0.468095 0.039286 0.039048
2 0.425000 0.488095 0.027143 0.052381
0 0.364643 0.351905 0.005000 0.020000
0 0.406071 0.362381 0.010714 0.018095
0 0.423214 0.344286 0.010714 0.016190
0 0.376429 0.292857 0.008571 0.014286
0 0.383929 0.301905 0.007857 0.019048
0 0.391071 0.300476 0.007857 0.021905
2 0.478571 0.228571 0.021429 0.040000
0 0.491786 0.215714 0.006429 0.012381
2 0.523214 0.238095 0.016429 0.032381
2 0.510714 0.178095 0.014286 0.026667
2 0.540357 0.146667 0.015000 0.026667
2 0.555000 0.695714 0.030000 0.082857
2 0.681786 0.859524 0.050714 0.105714
2 0.746071 0.825238 0.050714 0.101905
0 0.810000 0.985238 0.020000 0.029524
0 0.816786 0.860476 0.019286 0.031429
0 0.886429 0.935714 0.022857 0.029524
0 0.882500 0.923810 0.013571 0.024762
2 0.792857 0.776190 0.055714 0.085714
2 0.706429 0.687619 0.047143 0.087619
2 0.751071 0.665238 0.045000 0.075238
2 0.628571 0.604762 0.035714 0.068571
0 0.554643 0.565238 0.007857 0.016190
2 0.610357 0.532857 0.030714 0.060000
2 0.592857 0.460952 0.028571 0.053333
2 0.664643 0.412857 0.030714 0.048571
2 0.603214 0.358571 0.023571 0.039048
2 0.648214 0.362857 0.026429 0.041905
2 0.619286 0.282857 0.022857 0.032381
2 0.597143 0.225714 0.020000 0.028571
0 0.536786 0.297619 0.006429 0.014286
0 0.534286 0.404762 0.007143 0.013333
0 0.608214 0.317619 0.010714 0.020000
2 0.506429 0.055238 0.011429 0.017143
2 0.524286 0.070476 0.012857 0.022857
0 0.598929 0.067143 0.005000 0.010476
2 0.617857 0.067619 0.020000 0.019048
0 0.928214 0.830476 0.022143 0.032381
0 0.906429 0.747143 0.015714 0.023810
0 0.913929 0.689524 0.013571 0.022857
0 0.817857 0.520476 0.011429 0.020000
0 0.938929 0.517143 0.015000 0.022857
0 0.972500 0.535238 0.015000 0.026667
0 0.934643 0.483810 0.015000 0.024762
0 0.910357 0.433333 0.012143 0.020952
0 0.831071 0.408095 0.010714 0.020000
2 0.816429 0.319048 0.034286 0.032381
0 0.729643 0.356190 0.010714 0.017143
0 0.662857 0.275238 0.005714 0.009524
0 0.661429 0.271905 0.007143 0.010476
0 0.740357 0.182857 0.006429 0.013333
2 0.672143 0.080476 0.017143 0.014286
0 0.590714 0.039048 0.004286 0.009524
2 0.640000 0.053333 0.011429 0.013333
2 0.636786 0.042857 0.010714 0.013333
0 0.652857 0.026190 0.004286 0.012381