0 0.596429 0.894762 0.022857 0.044762
0 0.480357 0.648095 0.017857 0.040952
0 0.495357 0.508571 0.015000 0.043810
0 0.632143 0.450000 0.010000 0.035238
0 0.617500 0.427143 0.012143 0.037143
0 0.631071 0.429048 0.010714 0.037143
0 0.359286 0.305238 0.010000 0.039048
0 0.490357 0.300000 0.009286 0.038095
0 0.342500 0.302857 0.010714 0.038095
2 0.569286 0.211905 0.024286 0.044762
0 0.407500 0.134286 0.007857 0.026667
0 0.406071 0.201905 0.007857 0.028571
0 0.400000 0.187619 0.010000 0.028571
2 0.260000 0.776667 0.085714 0.162857
0 0.182857 0.770000 0.028571 0.048571
0 0.684286 0.698095 0.024286 0.030476