2 0.230714 0.031726 0.020000 0.020305
2 0.227500 0.021574 0.017857 0.020305
2 0.224286 0.014594 0.017143 0.016497
2 0.223929 0.008249 0.020714 0.016497
2 0.240357 0.260787 0.012143 0.029188
2 0.234286 0.237310 0.012857 0.025381
2 0.221071 0.243655 0.012143 0.027919
2 0.217500 0.277919 0.013571 0.027919
2 0.205000 0.283629 0.012857 0.036802
2 0.193214 0.289975 0.012143 0.031726
2 0.180357 0.295051 0.013571 0.031726
2 0.187143 0.262056 0.011429 0.029188
2 0.176786 0.212563 0.010714 0.026650
2 0.130714 0.324239 0.011429 0.034264
2 0.118214 0.331853 0.010714 0.029188
2 0.255357 0.254442 0.015000 0.034264
2 0.200000 0.256980 0.011429 0.029188
2 0.068571 0.365482 0.014286 0.030457
2 0.011786 0.394670 0.016429 0.040609
2 0.024286 0.383883 0.012857 0.034264
2 0.038571 0.382614 0.014286 0.034264
2 0.093214 0.345812 0.012143 0.034264
2 0.105714 0.336929 0.014286 0.036802
2 0.216429 0.520939 0.032857 0.031726
2 0.388214 0.230964 0.026429 0.025381
2 0.498929 0.567259 0.030714 0.025381
0 0.556429 0.097081 0.004286 0.013959
0 0.542143 0.079315 0.004286 0.011421
0 0.545000 0.069162 0.002857 0.011421
0 0.497857 0.032360 0.002857 0.011421
0 0.508214 0.014594 0.003571 0.013959
0 0.522857 0.016497 0.002857 0.015228
0 0.498571 0.015228 0.002857 0.012690
0 0.492857 0.019670 0.001429 0.011421
0 0.495000 0.014594 0.002857 0.011421
2 0.660000 0.461294 0.025714 0.024112
2 0.857857 0.549492 0.027143 0.022843
2 0.779643 0.155457 0.027857 0.024112
2 0.989286 0.203680 0.021429 0.021574