0 0.326071 0.071429 0.010714 0.026667
0 0.380357 0.065714 0.015000 0.036190
0 0.496429 0.010476 0.008571 0.020952
2 0.411786 0.015238 0.022143 0.030476
2 0.462857 0.015238 0.027143 0.030476
2 0.458571 0.051905 0.022857 0.040952
2 0.457500 0.102857 0.026429 0.059048
2 0.491429 0.070476 0.025714 0.070476
2 0.403214 0.113333 0.027857 0.055238
2 0.451071 0.174762 0.035000 0.075238
2 0.401071 0.172857 0.036429 0.077143
0 0.298571 0.108095 0.011429 0.029524
0 0.308929 0.115714 0.013571 0.016190
2 0.314643 0.212857 0.083571 0.042857
2 0.326071 0.251429 0.096429 0.047619
2 0.433214 0.240952 0.083571 0.051429
2 0.262500 0.294762 0.086429 0.058095
2 0.480000 0.341429 0.038571 0.096190
2 0.425357 0.420000 0.042143 0.097143
2 0.482500 0.501905 0.043571 0.118095
2 0.220357 0.522857 0.059286 0.118095
0 0.217857 0.640000 0.017143 0.030476
0 0.275714 0.752857 0.020000 0.037143
0 0.287500 0.736190 0.013571 0.024762
0 0.294643 0.709524 0.015000 0.030476
0 0.160357 0.798571 0.016429 0.037143
2 0.495357 0.739524 0.063571 0.170476
2 0.327143 0.732381 0.060000 0.127619
0 0.340357 0.796190 0.022143 0.045714
2 0.222143 0.827619 0.092857 0.194286
0 0.059286 0.970952 0.020000 0.023810
2 0.564286 0.012381 0.024286 0.024762
2 0.724643 0.028095 0.036429 0.042857
2 0.738929 0.076667 0.035000 0.048571
2 0.756429 0.125238 0.037143 0.052381
0 0.918929 0.303810 0.012143 0.041905
0 0.897143 0.310952 0.022857 0.042857
0 0.880714 0.296190 0.012857 0.038095
2 0.868929 0.450952 0.095000 0.136190
2 0.921071 0.585714 0.089286 0.131429
2 0.958929 0.716190 0.079286 0.131429