2 0.091786 0.108503 0.010714 0.019036
2 0.154286 0.234772 0.014286 0.020305
2 0.192857 0.311548 0.014286 0.024112
2 0.230000 0.383883 0.017143 0.034264
2 0.262500 0.455584 0.019286 0.032995
2 0.319643 0.560914 0.022143 0.048223
2 0.513571 0.962563 0.058571 0.057107
2 0.438929 0.894670 0.047857 0.071066
2 0.380357 0.960025 0.052143 0.074873
2 0.370357 0.656726 0.030714 0.054569
2 0.341786 0.586294 0.032143 0.043147
2 0.260714 0.391497 0.018571 0.031726
2 0.247857 0.421954 0.018571 0.031726
0 0.448214 0.779188 0.007857 0.022843
0 0.453214 0.722716 0.007857 0.019036
0 0.451071 0.718909 0.007857 0.019036