2 0.421786 0.248571 0.010714 0.020952
2 0.485357 0.383333 0.013571 0.031429
2 0.481786 0.483810 0.015000 0.036190
2 0.479286 0.653810 0.017143 0.052381
2 0.474286 0.751905 0.021429 0.065714
2 0.462143 0.974762 0.034286 0.050476
2 0.442143 0.319524 0.012857 0.029524
2 0.481429 0.003810 0.007143 0.007619
0 0.423214 0.323810 0.003571 0.013333
0 0.426071 0.323333 0.003571 0.014286
0 0.446071 0.281429 0.003571 0.012381
0 0.405357 0.772857 0.007857 0.018095
0 0.471786 0.835714 0.006429 0.016190
0 0.472857 0.829048 0.008571 0.018095
0 0.532143 0.720476 0.005714 0.014286
0 0.467500 0.384286 0.003571 0.008571
0 0.467857 0.450952 0.004286 0.010476
0 0.468571 0.428095 0.002857 0.010476
0 0.461429 0.432857 0.004286 0.010476
0 0.473571 0.261905 0.002857 0.009524
0 0.477143 0.322857 0.002857 0.009524