0 0.035357 0.051905 0.007857 0.014286
0 0.060357 0.050952 0.010714 0.014286
2 0.060000 0.042857 0.015714 0.013333
2 0.054286 0.006667 0.012857 0.011429
0 0.082500 0.083333 0.007857 0.021905
0 0.070000 0.091905 0.008571 0.023810
0 0.106429 0.100000 0.007143 0.019048
0 0.129286 0.119524 0.005714 0.021905
0 0.025357 0.273810 0.020714 0.033333
2 0.125000 0.106190 0.020000 0.023810
0 0.094286 0.295714 0.014286 0.023810
2 0.236429 0.262857 0.041429 0.041905
2 0.219286 0.240000 0.041429 0.036190
2 0.292500 0.333810 0.045000 0.042857
0 0.114643 0.288571 0.012143 0.017143
2 0.135000 0.322857 0.035714 0.051429
2 0.223214 0.397619 0.042143 0.065714
0 0.223214 0.315238 0.012143 0.020952
0 0.200714 0.572381 0.014286 0.041905
0 0.222143 0.557619 0.020000 0.044762
0 0.203214 0.547619 0.019286 0.038095
2 0.425714 0.565238 0.097143 0.069524
0 0.648214 0.358571 0.010714 0.025714
0 0.694643 0.355238 0.012143 0.026667
2 0.825000 0.345714 0.047143 0.036190
2 0.634286 0.441905 0.060000 0.051429
2 0.815714 0.494762 0.058571 0.054286
2 0.963571 0.460476 0.061429 0.063810