2 0.537857 0.578571 0.002857 0.002857
2 0.554643 0.578571 0.003571 0.002857
0 0.557143 0.588571 0.002857 0.001905
2 0.538929 0.600952 0.002143 0.003810
2 0.536071 0.593333 0.003571 0.001905
2 0.566071 0.597143 0.002143 0.003810
2 0.568571 0.598571 0.002857 0.004762
2 0.571429 0.603810 0.002857 0.005714
2 0.583214 0.591905 0.005000 0.004762
2 0.592857 0.625238 0.005714 0.008571
2 0.621071 0.633810 0.006429 0.008571
2 0.587143 0.638571 0.007143 0.008571
2 0.610357 0.654762 0.007857 0.010476
2 0.619286 0.672381 0.008571 0.013333
2 0.641786 0.722857 0.012143 0.019048
2 0.570357 0.655714 0.005000 0.008571
2 0.562500 0.653810 0.005000 0.010476
2 0.551786 0.670476 0.005000 0.007619
2 0.560000 0.670476 0.005714 0.009524