2 0.477750 0.706000 0.035500 0.032000
2 0.531750 0.686333 0.051500 0.052667
2 0.575750 0.691667 0.051500 0.060667
2 0.662250 0.724333 0.052500 0.048667
2 0.774000 0.615333 0.038000 0.041333
2 0.687000 0.582333 0.031000 0.031333
2 0.717000 0.566333 0.019000 0.026000
2 0.836250 0.538000 0.018500 0.018667
2 0.925250 0.512333 0.035500 0.019333
2 0.965250 0.516000 0.034500 0.016000
2 0.897000 0.450000 0.019000 0.014667
2 0.938500 0.454333 0.010000 0.011333
2 0.939250 0.430667 0.010500 0.009333
2 0.934250 0.439667 0.007500 0.008667
2 0.927500 0.443667 0.008000 0.010000
0 0.967000 0.461667 0.006000 0.016667