2 0.209286 0.643333 0.077143 0.162857
2 0.410714 0.564286 0.060000 0.159048
2 0.301786 0.452857 0.049286 0.128571
0 0.068929 0.585238 0.037857 0.052381
0 0.312857 0.591905 0.018571 0.063810
2 0.348929 0.880476 0.082143 0.225714
2 0.266786 0.878095 0.076429 0.240000
2 0.164286 0.893810 0.108571 0.212381
2 0.330000 0.080952 0.045714 0.085714
2 0.519286 0.092381 0.040000 0.062857
2 0.551071 0.040476 0.029286 0.054286
2 0.593214 0.077619 0.030714 0.060000
2 0.307500 0.343333 0.049286 0.105714
0 0.870714 0.713333 0.031429 0.057143
0 0.681071 0.262381 0.013571 0.048571
0 0.721786 0.220000 0.013571 0.028571
0 0.811071 0.708571 0.022143 0.053333
2 0.633929 0.052857 0.037857 0.052381
2 0.660357 0.124286 0.046429 0.061905
2 0.734643 0.112857 0.043571 0.050476
2 0.844286 0.087143 0.075714 0.048571
0 0.824286 0.052857 0.007143 0.031429
2 0.694286 0.028095 0.040000 0.048571
2 0.757857 0.010476 0.038571 0.020952
2 0.775357 0.336667 0.073571 0.098095
2 0.812143 0.291905 0.071429 0.092381
2 0.867500 0.385714 0.099286 0.114286
0 0.945000 0.305714 0.012857 0.028571
2 0.833929 0.465714 0.090714 0.120000
2 0.916071 0.635714 0.127857 0.174286
2 0.973214 0.848095 0.050714 0.174286