2 0.705357 0.698095 0.063571 0.041905
2 0.846071 0.698095 0.052143 0.041905
2 0.960357 0.665714 0.052143 0.049524
0 0.646429 0.615714 0.007143 0.018095
2 0.769643 0.296190 0.027857 0.024762
2 0.784643 0.294762 0.023571 0.020000
2 0.833571 0.245238 0.027143 0.020000
2 0.864286 0.269524 0.024286 0.020952
2 0.848929 0.363810 0.030714 0.032381
2 0.793571 0.385238 0.031429 0.035238
2 0.807500 0.380952 0.030714 0.034286
2 0.836071 0.371905 0.035000 0.035238
2 0.896071 0.260476 0.029286 0.023810
2 0.888214 0.265714 0.025000 0.020952
2 0.851786 0.274286 0.032143 0.020952
2 0.830000 0.280952 0.030000 0.022857
2 0.778929 0.393333 0.035000 0.036190
2 0.555357 0.276190 0.013571 0.022857
2 0.598571 0.364762 0.018571 0.028571
0 0.549643 0.384762 0.006429 0.013333
0 0.528929 0.268571 0.003571 0.009524
0 0.587500 0.322857 0.003571 0.013333
2 0.576429 0.253333 0.011429 0.020952
0 0.538214 0.205238 0.003571 0.010476
0 0.554286 0.198571 0.004286 0.010476
0 0.581071 0.280476 0.002143 0.012381
0 0.670000 0.058571 0.002857 0.006667
2 0.573571 0.474286 0.011429 0.019048
2 0.400714 0.308095 0.011429 0.012381
2 0.366429 0.348571 0.005714 0.013333
2 0.380357 0.322381 0.005000 0.012381
2 0.380357 0.309524 0.010714 0.011429
0 0.573571 0.463810 0.007143 0.013333
0 0.381071 0.306190 0.005000 0.012381
0 0.365714 0.347143 0.004286 0.010476
2 0.413929 0.460000 0.042143 0.022857
2 0.306429 0.439524 0.034286 0.040952
2 0.451429 0.288571 0.024286 0.022857
0 0.462857 0.264762 0.004286 0.011429
0 0.467500 0.261905 0.006429 0.009524
0 0.266786 0.428095 0.007857 0.016190
2 0.358214 0.371429 0.029286 0.032381
2 0.277857 0.409048 0.041429 0.027619
0 0.377143 0.400476 0.005714 0.016190
0 0.303571 0.344762 0.004286 0.011429
0 0.319286 0.275238 0.005714 0.013333
0 0.326429 0.278095 0.004286 0.015238
0 0.329643 0.275714 0.006429 0.014286
0 0.243214 0.347619 0.007857 0.015238
0 0.244286 0.331429 0.005714 0.015238
0 0.324286 0.373333 0.004286 0.015238
0 0.226786 0.421429 0.009286 0.020000
2 0.236786 0.391429 0.029286 0.022857
0 0.192143 0.464286 0.005714 0.012381
0 0.026786 0.464286 0.012143 0.016190
2 0.123214 0.448095 0.039286 0.031429
2 0.142143 0.492381 0.022857 0.040000
2 0.113214 0.501905 0.026429 0.040000
2 0.086071 0.555238 0.025000 0.047619
2 0.024643 0.530952 0.030714 0.044762
2 0.055000 0.565714 0.030000 0.059048
2 0.022143 0.579048 0.031429 0.049524
2 0.085357 0.511429 0.022143 0.043810
2 0.057857 0.519524 0.025714 0.039048
2 0.124286 0.542857 0.041429 0.051429