2 0.544102 0.871985 0.047495 0.194805
2 0.534186 0.644249 0.053758 0.156772
0 0.561065 0.283859 0.008351 0.035250
2 0.636743 0.089981 0.061587 0.053803
2 0.341075 0.274583 0.066284 0.064935
0 0.336117 0.169759 0.010438 0.033395
0 0.451200 0.105288 0.006785 0.032468
0 0.441284 0.101113 0.005741 0.038961
0 0.426409 0.361317 0.009395 0.030612
0 0.401618 0.872449 0.017223 0.039889
0 0.405793 0.840445 0.017223 0.029685
0 0.471555 0.709184 0.014092 0.030612
0 0.678497 0.489332 0.013570 0.026902
0 0.691545 0.523655 0.012526 0.038033
0 0.682150 0.568182 0.009395 0.038033
0 0.692067 0.540816 0.007307 0.027829