2 0.751750 0.652333 0.038500 0.027333
2 0.596000 0.645333 0.035000 0.025333
2 0.527250 0.660000 0.038500 0.024000
0 0.472000 0.691333 0.005000 0.018667
0 0.492750 0.694667 0.003500 0.018667
0 0.489250 0.708000 0.006500 0.020000
0 0.486000 0.696667 0.006000 0.017333
0 0.427750 0.658000 0.006500 0.016000
2 0.381500 0.653667 0.038000 0.026000
2 0.331000 0.656333 0.037000 0.024667
0 0.281250 0.641000 0.004500 0.014000
2 0.222500 0.652333 0.039000 0.022000
0 0.158750 0.633667 0.007500 0.014000
0 0.174000 0.645667 0.007000 0.018000
0 0.172500 0.653000 0.008000 0.016667
0 0.009500 0.709333 0.011000 0.017333