0 0.438214 0.410952 0.019286 0.060000
0 0.647857 0.516190 0.017143 0.066667
0 0.315714 0.217143 0.017143 0.059048
0 0.036429 0.422857 0.032857 0.062857
0 0.015714 0.406667 0.031429 0.062857
0 0.010714 0.442857 0.021429 0.043810
0 0.131786 0.165714 0.020714 0.043810
2 0.087143 0.932381 0.127143 0.135238
2 0.776071 0.859524 0.136429 0.271429
2 0.268214 0.849524 0.112143 0.291429
2 0.148929 0.715238 0.142143 0.243810
2 0.717143 0.609048 0.098571 0.164762
2 0.548214 0.563810 0.073571 0.175238
2 0.150357 0.392857 0.133571 0.120952
0 0.228571 0.385238 0.025714 0.048571
2 0.127857 0.354286 0.144286 0.108571
2 0.095714 0.312381 0.134286 0.091429
2 0.068214 0.278095 0.096429 0.087619
2 0.328571 0.354762 0.061429 0.126667
2 0.593571 0.336190 0.065714 0.104762
2 0.683214 0.345238 0.069286 0.109524
2 0.798214 0.364762 0.063571 0.116190
2 0.968571 0.100952 0.062857 0.047619
2 0.882500 0.100952 0.093571 0.051429
2 0.465714 0.085714 0.080000 0.049524
2 0.360357 0.084286 0.083571 0.048571
2 0.138929 0.079524 0.083571 0.050476
2 0.786429 0.246667 0.088571 0.066667
0 0.910000 0.112857 0.011429 0.037143
0 0.914643 0.118571 0.012143 0.044762