2 0.578000 0.025333 0.011000 0.013333
2 0.609250 0.121000 0.043500 0.024667
0 0.656750 0.123000 0.006500 0.014000
0 0.558250 0.097667 0.004500 0.019333
0 0.537750 0.102333 0.006500 0.016667
2 0.560750 0.114000 0.024500 0.020000
0 0.524000 0.090333 0.005000 0.015333
0 0.500750 0.075333 0.003500 0.016000
2 0.493750 0.079333 0.014500 0.020000
2 0.492750 0.096667 0.015500 0.020000
2 0.493250 0.112333 0.014500 0.020667
2 0.488750 0.128000 0.017500 0.025333
0 0.507250 0.085000 0.004500 0.011333
0 0.483000 0.144000 0.006000 0.021333
2 0.520250 0.127667 0.016500 0.022000
0 0.530500 0.135667 0.005000 0.023333
0 0.540000 0.138000 0.006000 0.022667
0 0.545250 0.137000 0.005500 0.023333
0 0.552500 0.176667 0.006000 0.025333
0 0.492000 0.181000 0.007000 0.024667
0 0.532500 0.186000 0.007000 0.021333
0 0.534750 0.204000 0.007500 0.014667
0 0.556250 0.230667 0.006500 0.025333
2 0.477250 0.224667 0.023500 0.045333
0 0.498750 0.205000 0.008500 0.024667
0 0.509250 0.202333 0.007500 0.023333
0 0.539750 0.278333 0.008500 0.032667
0 0.540250 0.268667 0.008500 0.033333
0 0.554000 0.275333 0.008000 0.030667
0 0.563750 0.261667 0.006500 0.026000
0 0.489750 0.642000 0.019500 0.046667
0 0.531000 0.428000 0.013000 0.046667
0 0.542000 0.444000 0.010000 0.041333
0 0.555000 0.447333 0.010000 0.042667
0 0.608750 0.470667 0.014500 0.024000
0 0.623500 0.590333 0.017000 0.028667
0 0.561000 0.779333 0.017000 0.038667
0 0.571500 0.819333 0.017000 0.049333
2 0.615250 0.773667 0.071500 0.184667
0 0.700250 0.979333 0.028500 0.041333
0 0.413000 0.960333 0.022000 0.060667
0 0.473250 0.983333 0.025500 0.033333
0 0.569250 0.146667 0.005500 0.025333
0 0.574250 0.158000 0.006500 0.026667