2 0.081000 0.644333 0.145000 0.112667
0 0.348250 0.918333 0.023500 0.055333
0 0.318250 0.843667 0.023500 0.062000
0 0.335250 0.808333 0.011500 0.015333
2 0.459250 0.704000 0.074500 0.172000
0 0.551750 0.701000 0.020500 0.048667
0 0.563250 0.709333 0.015500 0.028000
0 0.595750 0.627333 0.017500 0.044000
0 0.548250 0.945667 0.014500 0.036667
0 0.567000 0.952333 0.023000 0.040667
0 0.677500 0.742333 0.020000 0.040667
0 0.724000 0.588000 0.012000 0.046667
0 0.759250 0.545000 0.020500 0.051333
0 0.618750 0.529000 0.016500 0.047333
2 0.838000 0.501667 0.100000 0.068667
2 0.960500 0.525667 0.079000 0.070000
0 0.969000 0.443000 0.024000 0.042000
2 0.956250 0.417667 0.087500 0.064667
2 0.791500 0.389667 0.096000 0.067333
0 0.824000 0.355000 0.020000 0.048667
0 0.655250 0.335667 0.011500 0.034000
2 0.672000 0.331333 0.060000 0.060000
0 0.556250 0.289667 0.011500 0.039333
0 0.608000 0.272000 0.012000 0.033333
0 0.513500 0.361667 0.013000 0.042000
2 0.491500 0.369000 0.045000 0.079333
0 0.673500 0.268667 0.019000 0.021333
0 0.675000 0.255333 0.016000 0.021333
0 0.636000 0.222000 0.013000 0.028000
0 0.645250 0.203667 0.007500 0.026000
0 0.651500 0.189000 0.008000 0.026000
0 0.635500 0.173667 0.009000 0.026000
2 0.522000 0.296000 0.036000 0.061333
2 0.539000 0.228000 0.033000 0.052000
2 0.558000 0.165667 0.030000 0.046000
0 0.510000 0.251333 0.009000 0.034667
0 0.567750 0.127667 0.008500 0.019333
0 0.599500 0.142667 0.007000 0.025333
0 0.602750 0.133667 0.007500 0.027333
0 0.597250 0.120000 0.007500 0.026667
0 0.596500 0.101000 0.007000 0.027333
0 0.596250 0.073333 0.007500 0.014667
0 0.584750 0.069333 0.007500 0.025333
0 0.576750 0.093000 0.006500 0.022000
0 0.603000 0.028000 0.006000 0.018667
0 0.615000 0.015667 0.004000 0.019333
0 0.619500 0.010333 0.005000 0.020667
0 0.639000 0.085667 0.006000 0.027333
0 0.643250 0.106333 0.007500 0.027333
0 0.649000 0.076333 0.007000 0.019333
2 0.659500 0.056333 0.037000 0.024667
2 0.626750 0.056667 0.016500 0.024000
2 0.632750 0.038000 0.020500 0.025333
2 0.634250 0.019333 0.015500 0.016000
0 0.652750 0.014667 0.005500 0.018667
0 0.659000 0.015333 0.005000 0.018667
0 0.791500 0.189000 0.010000 0.030000
0 0.841500 0.123000 0.015000 0.023333
2 0.737250 0.177333 0.026500 0.044000
2 0.741500 0.060333 0.026000 0.026000
2 0.735250 0.022667 0.018500 0.022667
0 0.798750 0.042333 0.007500 0.015333
0 0.794000 0.031667 0.008000 0.016667
2 0.791000 0.061000 0.049000 0.020667
2 0.798000 0.074333 0.046000 0.027333
2 0.868250 0.067000 0.042500 0.023333
0 0.820250 0.082000 0.009500 0.025333
2 0.815500 0.148000 0.059000 0.033333
2 0.816000 0.134667 0.028000 0.024000