0 0.105000 0.127143 0.015714 0.039048
0 0.076071 0.110476 0.025000 0.045714
2 0.221786 0.094286 0.055000 0.047619
2 0.278571 0.110000 0.062857 0.042857
2 0.264643 0.142381 0.063571 0.052381
2 0.187500 0.146667 0.055000 0.051429
0 0.215714 0.130476 0.007143 0.026667
0 0.270000 0.191429 0.017143 0.041905
2 0.263571 0.477619 0.081429 0.128571
2 0.420357 0.527143 0.122143 0.111429
2 0.390000 0.455714 0.121429 0.115238
2 0.594286 0.373333 0.057143 0.116190
2 0.400714 0.373810 0.111429 0.100000
0 0.469286 0.361905 0.008571 0.041905
2 0.412143 0.320476 0.104286 0.071429
2 0.585357 0.260000 0.047857 0.087619
2 0.417857 0.267143 0.088571 0.061905
2 0.584286 0.132381 0.034286 0.078095
2 0.578214 0.098571 0.029286 0.050476
2 0.569643 0.035714 0.027857 0.046667
2 0.569643 0.009524 0.025000 0.019048
0 0.547857 0.060952 0.010000 0.038095
0 0.533214 0.060476 0.010714 0.039048
0 0.532500 0.044762 0.007857 0.030476
2 0.464643 0.041905 0.065000 0.034286
2 0.459286 0.069048 0.064286 0.037143
2 0.457143 0.089048 0.075714 0.035238
2 0.451071 0.114762 0.075000 0.037143
2 0.436071 0.175238 0.073571 0.049524