0 0.453214 0.623810 0.019286 0.028571
0 0.426071 0.621905 0.020714 0.041905
2 0.387857 0.352857 0.058571 0.159048
2 0.303214 0.405714 0.059286 0.167619
2 0.150714 0.401429 0.058571 0.157143
2 0.376786 0.202381 0.046429 0.090476
2 0.152857 0.239048 0.061429 0.154286
2 0.178214 0.088571 0.056429 0.125714
2 0.837857 0.309048 0.061429 0.134286
2 0.901429 0.336667 0.065714 0.147619
2 0.873214 0.178571 0.067857 0.128571
2 0.780000 0.111429 0.100000 0.093333
2 0.946071 0.603810 0.107857 0.095238
2 0.981429 0.918571 0.037143 0.162857
2 0.978214 0.408571 0.043571 0.160000
2 0.787500 0.030000 0.049286 0.060000
2 0.375714 0.051429 0.052857 0.102857
2 0.300000 0.238571 0.094286 0.134286
2 0.298571 0.119524 0.087143 0.124762
2 0.095000 0.939524 0.105714 0.119048