2 0.116786 0.040952 0.039286 0.017143
2 0.105357 0.049524 0.037857 0.022857
2 0.175357 0.143810 0.046429 0.028571
2 0.159286 0.170952 0.040000 0.023810
2 0.150357 0.187619 0.050714 0.024762
2 0.143929 0.204286 0.052143 0.027619
2 0.297500 0.044286 0.036429 0.020000
2 0.312857 0.087143 0.037143 0.025714
2 0.348929 0.180952 0.023571 0.041905
0 0.277500 0.278095 0.007857 0.022857
0 0.382500 0.119048 0.006429 0.009524
2 0.100000 0.459048 0.075714 0.041905
2 0.042143 0.578571 0.084286 0.044762
2 0.033571 0.618571 0.067143 0.048571
2 0.025714 0.667619 0.051429 0.049524
2 0.244286 0.571429 0.042857 0.081905
2 0.307857 0.464762 0.034286 0.068571
2 0.485714 0.052857 0.015714 0.029524
2 0.513929 0.047143 0.015000 0.023810
2 0.516429 0.071429 0.015714 0.030476
2 0.482857 0.103333 0.017143 0.031429
2 0.506786 0.106190 0.015000 0.029524
2 0.477143 0.146190 0.017143 0.031429
0 0.464643 0.092857 0.005000 0.008571
0 0.464286 0.098095 0.007143 0.013333
2 0.479286 0.186667 0.020000 0.038095
2 0.551786 0.180000 0.017857 0.036190
2 0.557143 0.279048 0.022857 0.047619
2 0.471429 0.277143 0.020000 0.045714
2 0.469643 0.332857 0.022143 0.054286
2 0.557857 0.345238 0.022857 0.050476
2 0.521786 0.405238 0.023571 0.058095
2 0.466786 0.389048 0.025000 0.060000
2 0.463571 0.458095 0.027143 0.074286
2 0.566429 0.464286 0.030000 0.069524
0 0.411071 0.611905 0.009286 0.018095
2 0.581786 0.663333 0.035000 0.092381
0 0.387143 0.785714 0.012857 0.020952
0 0.386786 0.797619 0.012143 0.021905
0 0.834286 0.771429 0.015714 0.019048
0 0.746071 0.649524 0.013571 0.024762
0 0.681071 0.169524 0.006429 0.015238
0 0.646786 0.098095 0.005000 0.011429
0 0.608929 0.087143 0.005000 0.014286
0 0.640357 0.049048 0.005000 0.010476
0 0.614286 0.010476 0.005714 0.009524
2 0.879643 0.219048 0.029286 0.040000
2 0.841071 0.177619 0.033571 0.027619
0 0.925000 0.321905 0.012857 0.020952
2 0.900000 0.347619 0.042857 0.053333
2 0.882143 0.386190 0.042857 0.050476
0 0.899643 0.431905 0.010714 0.023810
0 0.846429 0.468095 0.008571 0.025714