0 0.091071 0.230952 0.012143 0.021905
0 0.104643 0.228095 0.010714 0.020000
0 0.116071 0.223810 0.006429 0.019048
0 0.117857 0.227143 0.005714 0.018095
0 0.127857 0.230952 0.008571 0.020000
0 0.137500 0.934762 0.009286 0.023810
0 0.437500 0.887619 0.009286 0.022857
0 0.502500 0.721429 0.007857 0.018095
2 0.269643 0.734762 0.062143 0.048571
0 0.085000 0.936667 0.014286 0.031429
0 0.121429 0.690000 0.015714 0.023810
0 0.173214 0.685714 0.010714 0.015238
0 0.256071 0.663333 0.012143 0.018095
0 0.245714 0.629524 0.010000 0.017143
0 0.142143 0.655238 0.012857 0.015238
0 0.287500 0.598095 0.009286 0.022857
0 0.245714 0.614286 0.008571 0.015238
0 0.258214 0.609048 0.010714 0.018095
0 0.206071 0.634762 0.009286 0.020000
0 0.630357 0.608095 0.007857 0.018095
0 0.636071 0.606667 0.006429 0.015238
0 0.736429 0.654286 0.007143 0.017143
0 0.741786 0.650952 0.006429 0.020000
0 0.725000 0.692381 0.008571 0.017143
0 0.462143 0.524286 0.005714 0.018095
0 0.466071 0.530952 0.006429 0.018095
0 0.922857 0.531429 0.010000 0.019048
0 0.898929 0.617619 0.009286 0.016190
0 0.896429 0.581429 0.008571 0.018095
0 0.888571 0.614762 0.010000 0.018095
0 0.862857 0.606667 0.010000 0.019048
2 0.990714 0.309048 0.018571 0.023810