2 0.186786 0.943528 0.063571 0.064721
2 0.191429 0.838832 0.064286 0.055838
2 0.201429 0.789340 0.057143 0.063452
2 0.213571 0.739213 0.057143 0.057107
2 0.231429 0.703046 0.055714 0.060914
2 0.246786 0.648477 0.057857 0.053299
2 0.257500 0.600888 0.052143 0.052030
2 0.264286 0.554569 0.051429 0.050761
2 0.273571 0.517132 0.044286 0.044416
2 0.281071 0.481599 0.050714 0.052030
2 0.294286 0.457487 0.048571 0.049492
2 0.337857 0.405457 0.041429 0.054569
2 0.303571 0.423858 0.047143 0.053299
2 0.341429 0.375635 0.047143 0.040609
2 0.346786 0.348985 0.045000 0.040609
2 0.332857 0.470178 0.030000 0.067259
2 0.281429 0.681472 0.037143 0.093909
2 0.312500 0.542513 0.032143 0.085025
2 0.505357 0.378173 0.030714 0.081218
2 0.531786 0.388325 0.026429 0.071066
2 0.606786 0.255711 0.036429 0.067259
2 0.638214 0.331218 0.042143 0.068528
2 0.631071 0.235406 0.029286 0.059645
2 0.679643 0.256980 0.037857 0.067259
2 0.673571 0.310279 0.032857 0.064721
2 0.742857 0.495558 0.045714 0.090102
2 0.791429 0.572970 0.047143 0.090102
2 0.841071 0.662437 0.049286 0.091371
2 0.825000 0.488579 0.050000 0.096447
2 0.972500 0.731599 0.050714 0.110406
2 0.982143 0.817893 0.035714 0.082487