0 0.491250 0.873333 0.027500 0.073333
0 0.396500 0.763333 0.027000 0.076000
0 0.445750 0.792667 0.025500 0.066667
2 0.587750 0.883667 0.093500 0.232667
2 0.750750 0.969667 0.104500 0.060667
0 0.544750 0.620333 0.021500 0.042000
0 0.491500 0.547000 0.018000 0.059333
0 0.507250 0.547667 0.013500 0.059333
0 0.519000 0.425333 0.012000 0.036000
0 0.457750 0.383333 0.010500 0.024000
0 0.490750 0.322333 0.010500 0.032667
0 0.507500 0.289000 0.009000 0.026000
0 0.542500 0.300000 0.009000 0.022667
0 0.543750 0.306333 0.008500 0.020667
0 0.543500 0.266667 0.007000 0.020000
0 0.592250 0.340000 0.014500 0.032000
2 0.481500 0.290000 0.027000 0.042667
0 0.473250 0.258667 0.006500 0.026667
2 0.437250 0.229000 0.025500 0.031333
0 0.471250 0.226333 0.007500 0.015333
0 0.481250 0.214667 0.004500 0.014667
0 0.589000 0.276333 0.007000 0.028667
0 0.558000 0.245000 0.004000 0.030000
0 0.555500 0.244000 0.005000 0.022667
2 0.486750 0.201000 0.019500 0.024667
2 0.488750 0.186333 0.018500 0.023333
0 0.535750 0.210333 0.006500 0.014000
0 0.535500 0.215667 0.004000 0.015333
0 0.536500 0.189000 0.005000 0.016667
0 0.537500 0.193333 0.004000 0.009333
0 0.499500 0.178667 0.005000 0.018667
0 0.531000 0.156667 0.004000 0.016000
0 0.539500 0.156667 0.004000 0.017333
0 0.545250 0.158667 0.004500 0.016000
0 0.492250 0.161000 0.007500 0.015333
0 0.519500 0.147000 0.004000 0.010000
0 0.529000 0.149000 0.004000 0.012667
2 0.516250 0.133333 0.012500 0.016000
2 0.520000 0.120000 0.019000 0.013333
2 0.509750 0.107333 0.010500 0.012000
2 0.498250 0.106000 0.009500 0.009333
2 0.520750 0.097667 0.007500 0.008667
2 0.506000 0.095667 0.007000 0.011333
2 0.510750 0.076667 0.005500 0.006667
2 0.524000 0.084000 0.005000 0.010667
2 0.519250 0.077333 0.004500 0.005333
2 0.510500 0.069333 0.005000 0.005333
2 0.519500 0.070667 0.005000 0.004000
2 0.513000 0.065667 0.003000 0.002000
2 0.517500 0.060000 0.004000 0.004000
2 0.510000 0.054667 0.004000 0.004000
2 0.503500 0.064667 0.005000 0.006667
0 0.495000 0.120333 0.004000 0.011333
0 0.446750 0.189667 0.005500 0.023333
0 0.438250 0.191000 0.003500 0.022000
0 0.441250 0.188000 0.002500 0.020000
0 0.528500 0.127667 0.004000 0.014000
0 0.534250 0.128000 0.003500 0.014667
2 0.547000 0.180333 0.023000 0.020667
0 0.556250 0.183000 0.005500 0.010000
2 0.423500 0.118667 0.020000 0.009333
2 0.443250 0.113333 0.020500 0.009333