2 0.598382 0.638219 0.025574 0.085343
2 0.298800 0.667904 0.045407 0.077922
2 0.460334 0.913729 0.042797 0.096475
2 0.350731 0.885900 0.061587 0.055659
2 0.340814 0.960111 0.066806 0.059369
2 0.603862 0.346011 0.045929 0.042672
2 0.629175 0.319109 0.034969 0.035250
2 0.655010 0.290816 0.032359 0.034323
2 0.681628 0.266234 0.029228 0.029685
2 0.705637 0.241651 0.037578 0.039889
2 0.405271 0.161874 0.024530 0.051020
2 0.408142 0.100649 0.026096 0.047310
2 0.271399 0.107143 0.034447 0.032468
2 0.211378 0.287106 0.022965 0.047310
2 0.159186 0.312152 0.024008 0.052876
2 0.112474 0.333952 0.024530 0.051948
2 0.031315 0.377551 0.026096 0.057514
2 0.177192 0.159091 0.034969 0.034323
2 0.193633 0.142393 0.033403 0.034323
2 0.086900 0.132189 0.036013 0.032468
2 0.043841 0.177644 0.037578 0.036178
2 0.061065 0.161410 0.032359 0.038961
2 0.147704 0.823748 0.036534 0.094620