2 0.535000 0.911905 0.027143 0.082857
2 0.477500 0.823810 0.023571 0.064762
2 0.506071 0.802857 0.022143 0.076190
2 0.471071 0.719048 0.022143 0.057143
2 0.528929 0.610000 0.020714 0.050476
2 0.464643 0.458095 0.016429 0.036190
2 0.523214 0.552381 0.019286 0.045714
2 0.467143 0.499048 0.017143 0.041905
2 0.517500 0.511905 0.017857 0.037143
2 0.511071 0.430476 0.012143 0.028571
2 0.505000 0.390000 0.015714 0.033333
2 0.445000 0.225714 0.011429 0.022857
2 0.455714 0.205714 0.010000 0.022857
2 0.471786 0.155238 0.010714 0.019048
2 0.438214 0.061905 0.006429 0.015238
2 0.460000 0.080952 0.012857 0.011429
2 0.427857 0.294286 0.028571 0.017143
2 0.426786 0.280952 0.026429 0.017143
2 0.426786 0.270952 0.026429 0.014286
2 0.427143 0.261905 0.025714 0.011429
2 0.439286 0.048571 0.007143 0.011429
2 0.437857 0.019524 0.007143 0.014286
2 0.458214 0.010000 0.006429 0.010476
2 0.466786 0.100952 0.007857 0.011429
2 0.433214 0.359048 0.026429 0.019048
2 0.428214 0.324762 0.030714 0.017143
2 0.440000 0.099524 0.007143 0.016190
0 0.453571 0.929524 0.007143 0.017143
0 0.440714 0.825714 0.007143 0.020952
0 0.593929 0.895238 0.007857 0.017143
0 0.590000 0.834762 0.005714 0.016190
0 0.594643 0.838095 0.005000 0.011429
0 0.583214 0.787143 0.006429 0.014286
0 0.570357 0.676190 0.005000 0.017143
0 0.561071 0.655714 0.006429 0.016190
0 0.556071 0.649524 0.005000 0.015238
0 0.561786 0.627143 0.003571 0.010476
0 0.551071 0.630476 0.005000 0.009524
0 0.434643 0.499524 0.006429 0.012381
0 0.441071 0.445714 0.005000 0.015238
0 0.479286 0.497619 0.005714 0.016190
0 0.453571 0.594286 0.004286 0.017143
0 0.571071 0.727619 0.005000 0.015238
0 0.563214 0.726667 0.005000 0.017143
0 0.526786 0.442857 0.005000 0.013333
0 0.478214 0.300000 0.003571 0.013333
0 0.483214 0.303333 0.003571 0.012381
0 0.488571 0.306190 0.004286 0.012381
0 0.478929 0.258571 0.003571 0.012381
0 0.519643 0.361429 0.003571 0.012381
0 0.465714 0.200476 0.004286 0.012381
0 0.447500 0.125714 0.003571 0.013333
0 0.481429 0.092381 0.002857 0.011429
0 0.487500 0.093810 0.003571 0.010476
0 0.490714 0.090476 0.002857 0.011429
0 0.526786 0.277143 0.003571 0.013333
0 0.495714 0.301905 0.002857 0.015238
0 0.529286 0.988571 0.008571 0.011429
0 0.525000 0.978571 0.011429 0.018095
0 0.511429 0.922857 0.007143 0.015238
0 0.500000 0.930952 0.008571 0.018095
0 0.514643 0.881429 0.007857 0.018095
0 0.525357 0.836667 0.007857 0.016190
0 0.532500 0.765238 0.006429 0.014286
0 0.525000 0.791905 0.007143 0.016190
0 0.495714 0.745238 0.007143 0.014286
0 0.486429 0.722857 0.005714 0.015238
0 0.480714 0.569048 0.005714 0.010476
0 0.496786 0.525238 0.005000 0.010476
0 0.501786 0.495238 0.005000 0.011429
0 0.490000 0.426190 0.004286 0.008571
0 0.453571 0.366190 0.004286 0.014286
0 0.482143 0.328095 0.004286 0.010476