0 0.865250 0.590667 0.042500 0.065333
0 0.738750 0.489000 0.024500 0.063333
0 0.563500 0.365333 0.018000 0.058667
0 0.551000 0.329667 0.015000 0.055333
0 0.188500 0.522333 0.028000 0.051333
0 0.220750 0.486333 0.027500 0.055333
2 0.970500 0.357000 0.059000 0.080667
2 0.026250 0.376667 0.052500 0.141333
2 0.281750 0.317333 0.070500 0.142667
0 0.310750 0.268000 0.019500 0.054667
2 0.424750 0.283667 0.068500 0.130000
2 0.039500 0.215667 0.079000 0.066000
2 0.287000 0.164000 0.104000 0.074667
2 0.373000 0.035667 0.094000 0.059333
2 0.449250 0.127000 0.100500 0.080667
2 0.612500 0.155000 0.077000 0.092667
2 0.827250 0.076333 0.102500 0.068667
0 0.734000 0.312000 0.024000 0.053333
0 0.668000 0.243667 0.019000 0.058000
0 0.648500 0.237000 0.018000 0.054000
0 0.367500 0.124667 0.015000 0.053333
0 0.384000 0.112667 0.015000 0.054667
0 0.426750 0.089000 0.016500 0.039333
0 0.435750 0.146333 0.018500 0.052667