2 0.721786 0.882857 0.116429 0.091429
2 0.699643 0.765714 0.100714 0.085714
2 0.899643 0.700476 0.139286 0.098095
2 0.933929 0.585238 0.132143 0.105714
2 0.953214 0.405714 0.093571 0.121905
2 0.854286 0.533333 0.105714 0.095238
0 0.740714 0.474286 0.011429 0.024762
2 0.678571 0.534286 0.062857 0.060952
2 0.706429 0.559048 0.074286 0.072381
2 0.703214 0.614762 0.079286 0.073333
2 0.728929 0.661429 0.092143 0.077143
2 0.722857 0.032381 0.015714 0.020952
2 0.709286 0.034286 0.010000 0.013333
2 0.650000 0.116667 0.012857 0.018095
2 0.677500 0.124286 0.015000 0.021905
2 0.586071 0.207619 0.007857 0.011429
2 0.592500 0.372381 0.020714 0.028571
2 0.547857 0.376667 0.020000 0.033333
2 0.552857 0.389524 0.020000 0.030476
2 0.550357 0.419048 0.023571 0.038095
2 0.530714 0.433333 0.022857 0.038095
2 0.490000 0.357619 0.011429 0.016190
2 0.482857 0.360000 0.012857 0.015238
0 0.478929 0.364286 0.003571 0.012381
0 0.468929 0.367143 0.005000 0.008571
2 0.461786 0.381429 0.013571 0.020000
2 0.453214 0.383333 0.012143 0.020000
2 0.479286 0.380952 0.015714 0.020952
2 0.464643 0.404762 0.015000 0.022857
2 0.445000 0.407143 0.014286 0.021905
2 0.433929 0.414762 0.015000 0.020000
2 0.429286 0.414762 0.010000 0.016190
2 0.418929 0.420952 0.009286 0.017143
2 0.526786 0.470476 0.025000 0.043810
2 0.506071 0.481905 0.023571 0.040000
2 0.508214 0.516667 0.025000 0.042857
2 0.482143 0.530952 0.025714 0.048571
2 0.463571 0.544762 0.024286 0.043810
0 0.432143 0.584286 0.007143 0.012381
2 0.209286 0.984762 0.030000 0.030476
2 0.175714 0.890952 0.021429 0.027619
2 0.145714 0.882381 0.018571 0.021905
2 0.113214 0.869048 0.013571 0.016190
2 0.080000 0.903333 0.012857 0.014286
2 0.060357 0.917619 0.012143 0.014286
2 0.029286 0.943333 0.010000 0.012381
2 0.035714 0.961905 0.011429 0.017143
2 0.026071 0.962381 0.010714 0.018095
2 0.025357 0.982381 0.013571 0.016190
2 0.005357 0.979048 0.010714 0.013333