2 0.111750 0.457667 0.037500 0.016667
2 0.211750 0.367000 0.010500 0.011333
2 0.286250 0.368667 0.009500 0.008000
2 0.271500 0.512333 0.016000 0.023333
2 0.915250 0.795667 0.078500 0.054000
2 0.716000 0.600000 0.050000 0.032000
2 0.628250 0.513000 0.033500 0.019333
2 0.590750 0.489333 0.033500 0.020000
2 0.644500 0.431667 0.020000 0.012667
2 0.494500 0.386333 0.018000 0.014000
2 0.571500 0.395333 0.020000 0.009333
2 0.566750 0.386000 0.018500 0.009333
2 0.422750 0.399000 0.011500 0.008667
2 0.504750 0.354667 0.011500 0.008000
2 0.521000 0.359333 0.019000 0.006667
0 0.251750 0.400333 0.001500 0.008667
0 0.245000 0.404000 0.004000 0.012000
2 0.458000 0.352667 0.016000 0.006667
2 0.446750 0.343667 0.013500 0.007333
2 0.457000 0.349667 0.016000 0.007333
2 0.486750 0.339333 0.012500 0.005333
2 0.499250 0.346333 0.014500 0.006000
2 0.475750 0.324000 0.013500 0.008000
2 0.459500 0.314333 0.006000 0.008667
2 0.275250 0.338667 0.006500 0.009333
2 0.280750 0.327667 0.009500 0.010000
2 0.292750 0.326333 0.008500 0.010000
2 0.403750 0.354667 0.017500 0.008000
2 0.264250 0.305333 0.005500 0.006667
2 0.255500 0.308000 0.006000 0.009333
2 0.271500 0.304667 0.005000 0.005333