2 0.349643 0.013959 0.015000 0.020305
2 0.295714 0.210025 0.022857 0.039340
2 0.186429 0.342640 0.034286 0.043147
2 0.257500 0.191624 0.023571 0.032995
2 0.180714 0.222716 0.030000 0.031726
2 0.266071 0.085660 0.015000 0.019036
0 0.311071 0.984137 0.012143 0.029188
0 0.324286 0.991117 0.011429 0.015228
0 0.716786 0.973985 0.013571 0.046954
0 0.729643 0.936548 0.010714 0.043147
0 0.723214 0.810914 0.010714 0.038071
0 0.733929 0.810279 0.007857 0.039340
0 0.715714 0.765228 0.008571 0.038071
0 0.724286 0.753807 0.007143 0.038071
0 0.700714 0.748731 0.011429 0.038071
0 0.481071 0.581853 0.006429 0.024112
0 0.621786 0.585660 0.006429 0.031726
0 0.629286 0.595812 0.005714 0.026650
0 0.461786 0.552030 0.009286 0.022843
0 0.462857 0.574239 0.005714 0.019036
0 0.465714 0.595812 0.004286 0.026650
0 0.461786 0.605330 0.003571 0.022843
2 0.843571 0.917513 0.068571 0.060914
2 0.533571 0.947970 0.034286 0.101523
2 0.511071 0.702411 0.023571 0.057107
2 0.489286 0.137056 0.011429 0.017766
2 0.494286 0.124365 0.011429 0.020305
2 0.498571 0.112310 0.008571 0.016497
2 0.538571 0.050127 0.008571 0.016497
2 0.496429 0.014594 0.007143 0.016497
2 0.503929 0.041878 0.009286 0.020305
0 0.005357 0.392132 0.009286 0.025381
0 0.002500 0.390228 0.005000 0.024112
0 0.005714 0.362310 0.008571 0.021574
0 0.008571 0.357868 0.007143 0.025381
0 0.012500 0.353426 0.007857 0.021574
0 0.071071 0.285533 0.006429 0.022843
0 0.127500 0.205584 0.006429 0.020305
0 0.108929 0.248731 0.005000 0.020305
0 0.163571 0.173858 0.004286 0.020305
0 0.173214 0.163706 0.003571 0.017766
0 0.175357 0.162437 0.003571 0.017766
0 0.178571 0.163071 0.002857 0.016497
0 0.180714 0.161168 0.004286 0.017766
0 0.225000 0.103426 0.004286 0.016497
0 0.220714 0.117386 0.004286 0.013959
0 0.216071 0.117386 0.003571 0.013959
0 0.117500 0.243655 0.009286 0.027919