0 0.472860 0.906308 0.015658 0.037106
2 0.475470 0.902134 0.054280 0.064007
0 0.457724 0.810761 0.010438 0.042672
2 0.542015 0.882653 0.036013 0.093692
2 0.510699 0.670223 0.048539 0.043599
2 0.515397 0.623377 0.044363 0.042672
0 0.530271 0.426716 0.006263 0.018553
0 0.606733 0.401670 0.005741 0.018553
0 0.609081 0.462894 0.006263 0.020408
0 0.595511 0.462894 0.006263 0.016698
0 0.588987 0.484230 0.005741 0.018553
0 0.615344 0.556122 0.007307 0.019481
2 0.692589 0.554731 0.050104 0.037106
0 0.727557 0.567254 0.005219 0.026902
0 0.736169 0.564935 0.005741 0.029685
2 0.748434 0.836271 0.070981 0.060297
0 0.697808 0.809833 0.008351 0.029685
0 0.706159 0.813080 0.011482 0.032468
0 0.706159 0.810297 0.007307 0.023191
2 0.764092 0.892393 0.080376 0.066790
0 0.703810 0.441095 0.005741 0.023191
0 0.588727 0.360390 0.006263 0.017625
0 0.597338 0.338590 0.003653 0.012987
0 0.626827 0.341837 0.004175 0.013915
0 0.641441 0.352041 0.004175 0.019481
0 0.629436 0.305195 0.004175 0.009276
0 0.545668 0.338590 0.004697 0.016698
0 0.543841 0.333024 0.003132 0.014842
2 0.551931 0.294527 0.022443 0.017625
2 0.585595 0.253711 0.009395 0.017625
2 0.592119 0.208720 0.007829 0.012987
0 0.618215 0.244434 0.002610 0.008349
0 0.618215 0.233302 0.003653 0.010204
0 0.621868 0.233302 0.002610 0.010204
0 0.606994 0.226345 0.003132 0.009276
0 0.618476 0.213822 0.002088 0.006494
0 0.614562 0.209184 0.002610 0.008349
0 0.613779 0.196660 0.002088 0.009276
0 0.611430 0.211039 0.002610 0.006494
0 0.624739 0.234230 0.002088 0.010204
0 0.625783 0.234694 0.002088 0.011132
2 0.622129 0.198980 0.006263 0.010204
2 0.618476 0.161410 0.006263 0.009276
2 0.616910 0.155380 0.005219 0.010204
2 0.614562 0.149814 0.003653 0.006494
2 0.614562 0.143321 0.003653 0.006494
2 0.602818 0.134045 0.005219 0.008349
0 0.613779 0.181818 0.002088 0.005566
0 0.611430 0.155844 0.001566 0.005566
0 0.604384 0.161874 0.002088 0.006494
0 0.601775 0.159091 0.001044 0.004638
0 0.598121 0.158627 0.002088 0.005566
0 0.612735 0.171150 0.002088 0.004638