2 0.356000 0.907667 0.059000 0.174000
0 0.368750 0.774333 0.016500 0.038000
0 0.385500 0.638667 0.013000 0.034667
2 0.363500 0.609000 0.035000 0.083333
2 0.366000 0.533000 0.031000 0.074000
2 0.369500 0.465667 0.028000 0.055333
2 0.378250 0.399667 0.030500 0.056667
2 0.378250 0.327000 0.022500 0.042000
2 0.485750 0.555333 0.036500 0.084000
2 0.618750 0.382333 0.049500 0.035333
2 0.615500 0.361000 0.055000 0.032667
2 0.608000 0.344000 0.053000 0.033333
2 0.454000 0.263667 0.035000 0.030000
2 0.439500 0.230333 0.022000 0.031333
2 0.434250 0.173333 0.016500 0.025333
2 0.612750 0.272000 0.032500 0.025333
0 0.494750 0.172667 0.005500 0.017333
2 0.430250 0.132333 0.012500 0.018000
2 0.863750 0.897333 0.118500 0.102667
2 0.952500 0.881000 0.095000 0.158000
2 0.934250 0.732333 0.090500 0.127333
2 0.976750 0.727333 0.046500 0.114667
2 0.104750 0.748000 0.068500 0.126667
0 0.105000 0.584667 0.020000 0.033333
0 0.258750 0.582333 0.010500 0.023333
0 0.249250 0.545000 0.014500 0.023333
0 0.265750 0.538333 0.008500 0.022000
0 0.270250 0.524333 0.012500 0.015333
0 0.258750 0.521667 0.010500 0.023333
0 0.250750 0.541333 0.008500 0.012000
0 0.243500 0.534000 0.008000 0.020000
0 0.351000 0.127667 0.006000 0.012667
2 0.348250 0.119667 0.024500 0.014000
2 0.292750 0.122333 0.022500 0.016667
2 0.284750 0.144333 0.028500 0.016667
2 0.207000 0.156333 0.025000 0.015333
2 0.229000 0.140000 0.026000 0.014667
0 0.249750 0.133000 0.005500 0.014000
0 0.213000 0.141667 0.007000 0.015333
2 0.174250 0.160000 0.027500 0.016000
2 0.098000 0.171333 0.036000 0.018667
2 0.050500 0.177333 0.036000 0.021333
2 0.013750 0.184000 0.027500 0.018667
2 0.032750 0.169333 0.034500 0.018667
2 0.147250 0.150000 0.032500 0.021333
2 0.187250 0.145667 0.029500 0.016667