2 0.491071 0.018095 0.046429 0.036190
2 0.459643 0.027619 0.045000 0.047619
2 0.655000 0.304286 0.062857 0.067619
2 0.443929 0.258095 0.053571 0.074286
2 0.371071 0.288571 0.057857 0.074286
0 0.507857 0.706190 0.015714 0.029524
0 0.512143 0.519048 0.011429 0.030476
0 0.553929 0.977619 0.015000 0.025714
0 0.543571 0.987619 0.018571 0.020952
2 0.512857 0.611905 0.078571 0.092381
2 0.302143 0.340476 0.048571 0.061905
2 0.261071 0.366667 0.060714 0.072381
2 0.225000 0.396667 0.057143 0.082857
2 0.800000 0.950000 0.092857 0.100000
2 0.923571 0.788095 0.078571 0.109524
2 0.821786 0.736190 0.082143 0.108571
0 0.983929 0.232857 0.010714 0.020000
2 0.693214 0.169524 0.053571 0.047619
0 0.264643 0.121905 0.009286 0.030476