2 0.160357 0.199873 0.009286 0.024112
2 0.126786 0.367386 0.012143 0.031726
2 0.115357 0.267766 0.012143 0.027919
2 0.205714 0.213198 0.010000 0.030457
2 0.209286 0.134518 0.007143 0.030457
2 0.325000 0.441624 0.010000 0.032995
2 0.353929 0.409264 0.009286 0.034264
2 0.075357 0.661168 0.012143 0.035533
2 0.057857 0.778553 0.012857 0.039340
2 0.083929 0.760787 0.012143 0.044416
2 0.183571 0.894670 0.017143 0.022843
2 0.192143 0.808376 0.011429 0.027919
2 0.182857 0.798858 0.015714 0.034264
2 0.187143 0.860406 0.015714 0.038071
2 0.198214 0.863579 0.015000 0.036802
2 0.179286 0.846447 0.011429 0.030457
2 0.226786 0.888325 0.015000 0.038071
2 0.234643 0.894670 0.012143 0.035533
2 0.238571 0.843274 0.014286 0.034264
2 0.171429 0.960660 0.014286 0.038071
2 0.181786 0.965102 0.013571 0.031726
2 0.190714 0.979061 0.014286 0.039340
2 0.399643 0.757614 0.013571 0.032995
2 0.430714 0.779822 0.012857 0.034264
2 0.439286 0.788071 0.012857 0.035533
2 0.476071 0.675761 0.013571 0.036802
2 0.486071 0.684010 0.010714 0.032995
2 0.447143 0.656726 0.014286 0.034264
2 0.437857 0.652284 0.011429 0.030457
2 0.275000 0.922589 0.015714 0.038071
2 0.200357 0.980964 0.013571 0.030457
2 0.527857 0.731599 0.011429 0.026650
2 0.717143 0.553934 0.010000 0.026650
2 0.750357 0.297589 0.012143 0.031726
2 0.782857 0.541244 0.011429 0.031726
2 0.897500 0.925761 0.019286 0.019036
2 0.892857 0.952411 0.022857 0.026650
2 0.828571 0.802030 0.015714 0.017766