2 0.311071 0.986667 0.009286 0.022857
2 0.438571 0.880000 0.007143 0.022857
2 0.430000 0.768571 0.005714 0.017143
2 0.425714 0.739048 0.008571 0.017143
2 0.350357 0.748095 0.016429 0.010476
2 0.351071 0.730000 0.010714 0.014286
2 0.355357 0.715714 0.007857 0.010476
2 0.324643 0.710952 0.015000 0.006667
0 0.539286 0.898571 0.002857 0.008571
0 0.511071 0.890952 0.003571 0.010476
2 0.776786 0.601429 0.007857 0.006667
2 0.349643 0.624762 0.005000 0.009524
2 0.339643 0.629524 0.005000 0.011429
2 0.366429 0.643333 0.011429 0.006667
2 0.362857 0.657143 0.011429 0.007619
2 0.322500 0.700952 0.013571 0.009524
2 0.325000 0.695714 0.011429 0.008571