2 0.272500 0.150000 0.005000 0.006667
2 0.298929 0.109048 0.003571 0.004762
2 0.297143 0.143810 0.004286 0.005714
2 0.259643 0.202381 0.005000 0.010476
2 0.284286 0.201429 0.004286 0.006667
2 0.265000 0.179524 0.004286 0.008571
2 0.275357 0.241429 0.005000 0.008571
2 0.298929 0.072381 0.005000 0.005714
2 0.296071 0.060476 0.003571 0.004762
2 0.267500 0.267619 0.006429 0.009524
0 0.287500 0.260476 0.002143 0.006667
0 0.223929 0.252381 0.002143 0.007619
0 0.292500 0.214286 0.002143 0.005714
2 0.123214 0.475714 0.012143 0.016190
0 0.261786 0.428571 0.003571 0.009524
0 0.254643 0.585238 0.005000 0.012381
2 0.307857 0.439524 0.008571 0.016190
2 0.309643 0.424762 0.007857 0.015238
2 0.305000 0.480000 0.007143 0.017143
2 0.602857 0.297619 0.012857 0.006667
2 0.606071 0.307143 0.010714 0.006667
2 0.623571 0.318095 0.011429 0.007619
2 0.628571 0.310000 0.005714 0.008571
2 0.606429 0.274286 0.007143 0.009524
2 0.606786 0.312381 0.012143 0.005714
2 0.606786 0.316667 0.012143 0.006667
2 0.480000 0.700476 0.010000 0.027619
2 0.507500 0.722381 0.015000 0.023810
2 0.527857 0.694286 0.017143 0.020952
2 0.547143 0.672381 0.015714 0.022857
2 0.564286 0.649048 0.015714 0.021905
2 0.581429 0.626190 0.014286 0.020000
2 0.606429 0.594762 0.012857 0.020000
2 0.626786 0.567143 0.009286 0.016190
2 0.515714 0.651905 0.017143 0.023810
2 0.533929 0.629524 0.015000 0.020952
2 0.553571 0.604762 0.014286 0.020952
2 0.605000 0.544286 0.014286 0.020000