2 0.057500 0.566624 0.029286 0.031726
2 0.072500 0.643401 0.033571 0.032995
2 0.192143 0.763325 0.034286 0.041878
2 0.298929 0.604695 0.037857 0.041878
2 0.183571 0.517132 0.028571 0.034264
2 0.282857 0.508249 0.028571 0.034264
2 0.184643 0.429569 0.022143 0.034264
2 0.403571 0.625635 0.044286 0.038071
2 0.528214 0.731599 0.050714 0.054569
2 0.626429 0.682107 0.042857 0.041878
2 0.708929 0.769036 0.052143 0.053299
2 0.782143 0.710025 0.055714 0.059645
2 0.898929 0.906091 0.067857 0.060914
2 0.915000 0.803299 0.057143 0.058376
2 0.140000 0.430203 0.025714 0.032995
2 0.092857 0.410533 0.021429 0.034264
2 0.050714 0.298858 0.015714 0.019036
2 0.096429 0.255076 0.011429 0.022843
2 0.049286 0.168782 0.008571 0.015228
2 0.064286 0.156726 0.008571 0.013959
2 0.082857 0.147208 0.008571 0.012690
2 0.095357 0.143401 0.007857 0.015228
2 0.062500 0.133249 0.007857 0.012690
2 0.187143 0.342640 0.011429 0.020305
2 0.286429 0.392766 0.014286 0.021574
2 0.060714 0.105330 0.008571 0.012690
2 0.049286 0.130076 0.008571 0.013959
2 0.049643 0.077411 0.006429 0.012690
2 0.078571 0.045051 0.005714 0.008883
2 0.086786 0.059645 0.005000 0.012690
2 0.088571 0.036168 0.005714 0.011421
2 0.815000 0.606599 0.037143 0.038071
2 0.807143 0.573604 0.034286 0.027919
2 0.766429 0.569162 0.037143 0.029188
2 0.734643 0.415609 0.022143 0.026650
2 0.744643 0.410533 0.019286 0.026650
2 0.732857 0.357234 0.021429 0.026650
2 0.712857 0.489213 0.014286 0.026650
2 0.727143 0.494924 0.015714 0.030457
2 0.742857 0.496827 0.014286 0.029188
2 0.757143 0.501904 0.015714 0.031726
2 0.772143 0.509518 0.012857 0.026650
2 0.785357 0.511421 0.016429 0.035533
2 0.800357 0.513959 0.015000 0.030457
2 0.813929 0.520939 0.012143 0.026650
2 0.772857 0.444797 0.020000 0.024112
2 0.782143 0.438452 0.021429 0.026650
2 0.789286 0.430838 0.024286 0.026650
2 0.793214 0.459391 0.022143 0.030457
2 0.803929 0.456853 0.017857 0.025381
2 0.843571 0.489213 0.022857 0.031726
2 0.828214 0.522208 0.012143 0.024112
2 0.842857 0.524746 0.011429 0.029188
2 0.852500 0.481599 0.027857 0.024112
2 0.777500 0.593274 0.029286 0.029188
2 0.755000 0.350888 0.020000 0.024112
2 0.504286 0.401650 0.015714 0.021574
2 0.532143 0.393401 0.018571 0.020305
2 0.555714 0.385787 0.011429 0.022843
2 0.551786 0.340736 0.015000 0.021574
2 0.562500 0.336929 0.016429 0.024112
2 0.573214 0.334391 0.012143 0.019036
2 0.534286 0.362944 0.017143 0.020305
2 0.545000 0.358503 0.015714 0.024112
2 0.532143 0.342640 0.012857 0.017766
2 0.524286 0.348985 0.011429 0.017766
2 0.513929 0.352157 0.012143 0.016497
2 0.504286 0.354061 0.011429 0.020305
2 0.495714 0.371827 0.012857 0.027919
2 0.483214 0.370558 0.012143 0.030457
2 0.435000 0.331218 0.012857 0.020305
2 0.448571 0.328680 0.015714 0.025381
2 0.485000 0.316624 0.012857 0.019036
2 0.494643 0.315355 0.010714 0.013959
2 0.504286 0.311548 0.012857 0.021574
2 0.513571 0.310279 0.008571 0.016497
2 0.394643 0.274112 0.010714 0.017766
2 0.375714 0.369289 0.012857 0.020305
2 0.390357 0.331853 0.015000 0.013959
2 0.362143 0.319162 0.021429 0.021574
2 0.357500 0.314721 0.017857 0.017766
2 0.355714 0.307741 0.021429 0.019036
2 0.366071 0.289340 0.019286 0.015228
2 0.287143 0.314721 0.015714 0.020305
2 0.300714 0.315355 0.014286 0.011421
2 0.431786 0.265863 0.012143 0.019036
2 0.460000 0.300761 0.011429 0.020305
2 0.341071 0.374365 0.010714 0.017766
2 0.365714 0.333756 0.021429 0.020305
2 0.382143 0.315355 0.020000 0.013959
2 0.382143 0.310914 0.020000 0.017766
2 0.307857 0.388325 0.015714 0.025381
2 0.330714 0.355330 0.024286 0.020305
2 0.280000 0.332487 0.010000 0.020305
2 0.289286 0.327411 0.012857 0.025381
2 0.301786 0.326142 0.010714 0.017766
2 0.311429 0.322335 0.012857 0.022843
2 0.321071 0.317259 0.013571 0.022843
2 0.331786 0.315355 0.015000 0.024112
2 0.402500 0.281091 0.012143 0.021574
2 0.412857 0.269670 0.011429 0.016497
2 0.466786 0.237310 0.016429 0.020305
2 0.639286 0.335660 0.018571 0.026650
2 0.414286 0.298858 0.011429 0.021574
2 0.531786 0.307741 0.013571 0.019036
2 0.521786 0.320431 0.015000 0.021574
2 0.507857 0.328046 0.010000 0.021574
2 0.395000 0.338832 0.021429 0.017766
2 0.504286 0.288071 0.012857 0.017766
2 0.446429 0.187183 0.010000 0.016497
2 0.450000 0.170051 0.008571 0.012690
2 0.437500 0.164975 0.009286 0.012690
2 0.872143 0.697335 0.021429 0.052030
2 0.123571 0.191624 0.008571 0.020305
2 0.594643 0.302665 0.019286 0.011421
0 0.455714 0.383883 0.005714 0.019036
2 0.255714 0.339467 0.012857 0.021574
2 0.267143 0.333756 0.014286 0.022843
2 0.268929 0.375635 0.025000 0.015228
2 0.261071 0.398477 0.015000 0.025381
2 0.516786 0.368655 0.015000 0.021574
2 0.817857 0.453046 0.022857 0.032995
2 0.606786 0.599619 0.035000 0.031726
2 0.650714 0.611041 0.032857 0.031726
2 0.672857 0.631345 0.032857 0.029188