2 0.607500 0.513333 0.015000 0.032381
2 0.603571 0.485238 0.012857 0.027619
2 0.612500 0.397143 0.023571 0.013333
2 0.678929 0.444762 0.027857 0.017143
2 0.400000 0.502381 0.020000 0.027619
2 0.416786 0.470952 0.019286 0.023810
2 0.614286 0.434286 0.030000 0.019048
2 0.613571 0.411905 0.024286 0.018095
2 0.579286 0.352857 0.008571 0.012381
2 0.655000 0.305238 0.017143 0.012381
2 0.580714 0.342857 0.008571 0.011429
2 0.558571 0.258571 0.012857 0.006667
2 0.577143 0.234286 0.005714 0.007619
2 0.577500 0.246667 0.006429 0.007619
0 0.167857 0.446190 0.010000 0.021905
0 0.233929 0.462857 0.006429 0.020952
0 0.213929 0.467143 0.012143 0.016190
0 0.240714 0.464762 0.004286 0.022857
0 0.273929 0.430000 0.005000 0.021905
0 0.210714 0.445238 0.007143 0.018095
0 0.196786 0.472857 0.006429 0.018095
0 0.198571 0.446667 0.007143 0.017143
0 0.184643 0.449048 0.007857 0.018095
0 0.194643 0.432381 0.006429 0.017143
0 0.191071 0.466667 0.005000 0.017143
0 0.198929 0.466667 0.007857 0.017143
0 0.257143 0.455238 0.005714 0.017143
2 0.082500 0.459048 0.036429 0.015238
2 0.087143 0.446667 0.035714 0.013333
0 0.343214 0.348095 0.003571 0.018095