0 0.282143 0.250476 0.014286 0.032381
0 0.134286 0.811429 0.027143 0.015238
0 0.205357 0.820476 0.020714 0.012381
0 0.321071 0.864286 0.016429 0.016190
2 0.501786 0.974762 0.105000 0.048571
0 0.569643 0.831429 0.013571 0.022857
0 0.592500 0.676667 0.015000 0.027619
0 0.575714 0.673810 0.014286 0.012381
0 0.283214 0.654286 0.023571 0.032381
0 0.328214 0.519048 0.012143 0.032381
0 0.329286 0.512381 0.008571 0.038095
0 0.623571 0.464762 0.014286 0.015238
0 0.588571 0.389048 0.010000 0.021905
0 0.612143 0.355238 0.007143 0.019048
0 0.611786 0.344762 0.007857 0.024762
0 0.598571 0.324286 0.011429 0.021905
0 0.563929 0.379048 0.007857 0.019048
0 0.498214 0.419524 0.010714 0.023810
0 0.434643 0.387143 0.016429 0.016190
0 0.550357 0.258571 0.009286 0.031429
2 0.450000 0.136190 0.037143 0.095238
0 0.619286 0.202381 0.011429 0.021905
0 0.617857 0.115238 0.007143 0.022857
0 0.226786 0.197143 0.017857 0.026667