0 0.296071 0.093333 0.006429 0.022857
0 0.377143 0.024286 0.007143 0.021905
0 0.401786 0.022381 0.009286 0.025714
0 0.366786 0.058571 0.009286 0.021905
0 0.351786 0.093333 0.006429 0.019048
0 0.351429 0.090952 0.004286 0.012381
0 0.356071 0.110000 0.007857 0.016190
2 0.503929 0.055714 0.027857 0.050476
0 0.326429 0.148095 0.010000 0.025714
0 0.323571 0.155238 0.007143 0.020952
0 0.349286 0.156667 0.008571 0.020000
0 0.364286 0.164762 0.010000 0.024762
0 0.366071 0.185238 0.009286 0.020000
0 0.355000 0.183810 0.011429 0.019048
0 0.355000 0.194286 0.012857 0.017143
0 0.311071 0.197143 0.012143 0.024762
0 0.285714 0.186190 0.007143 0.018095
0 0.290357 0.192381 0.006429 0.015238
0 0.422500 0.165238 0.006429 0.020000
0 0.384643 0.224286 0.010714 0.014286
0 0.376071 0.228571 0.006429 0.019048
0 0.371786 0.245714 0.009286 0.017143
0 0.372857 0.273333 0.012857 0.015238
0 0.380000 0.257619 0.005714 0.018095
0 0.334643 0.310952 0.007857 0.016190
0 0.493571 0.271905 0.010000 0.020000
0 0.580357 0.232857 0.006429 0.014286
0 0.571786 0.238571 0.005000 0.018095
0 0.942143 0.370000 0.015714 0.016190
0 0.811786 0.339048 0.013571 0.019048
0 0.954286 0.458095 0.014286 0.019048
0 0.954286 0.474286 0.011429 0.009524
0 0.923571 0.495238 0.012857 0.009524
0 0.897143 0.458095 0.014286 0.024762
0 0.881429 0.464286 0.014286 0.016190
0 0.837857 0.421905 0.012857 0.013333
2 0.883214 0.408095 0.067857 0.044762
0 0.818929 0.449524 0.012143 0.007619
0 0.801429 0.446667 0.010000 0.019048
0 0.798571 0.443810 0.004286 0.011429
0 0.812143 0.403333 0.014286 0.018095
0 0.817143 0.385238 0.012857 0.018095
2 0.761786 0.297143 0.060714 0.041905
0 0.681429 0.303333 0.007143 0.020000
0 0.727857 0.346667 0.010000 0.019048
0 0.720000 0.393810 0.012857 0.021905
0 0.715357 0.407619 0.009286 0.013333
0 0.730714 0.426667 0.010000 0.020952
0 0.724643 0.410952 0.013571 0.027619
0 0.734286 0.407143 0.011429 0.021905
0 0.737143 0.395238 0.011429 0.013333
0 0.737500 0.381905 0.007857 0.015238
0 0.702143 0.370476 0.010000 0.024762
0 0.691071 0.347143 0.010714 0.016190
0 0.700714 0.351905 0.007143 0.020000
0 0.642500 0.371905 0.007857 0.018095
0 0.667500 0.411905 0.010714 0.012381
0 0.603929 0.398571 0.009286 0.018095
0 0.595714 0.359048 0.008571 0.013333
0 0.585714 0.347619 0.005714 0.024762
0 0.554286 0.333810 0.007143 0.021905
0 0.553929 0.313333 0.006429 0.015238
0 0.562143 0.317619 0.011429 0.016190
0 0.536786 0.283810 0.006429 0.022857
0 0.506071 0.298571 0.009286 0.020000
0 0.512857 0.339524 0.007143 0.018095
0 0.498214 0.335238 0.007857 0.013333
0 0.462857 0.383333 0.008571 0.018095
0 0.438571 0.378571 0.010000 0.021905
2 0.419643 0.480952 0.042143 0.087619
2 0.344286 0.765714 0.047143 0.100952
2 0.321071 0.889524 0.050714 0.110476
0 0.345357 0.378095 0.009286 0.020952
0 0.369286 0.381429 0.011429 0.020000
0 0.168571 0.668095 0.015714 0.018095
0 0.290357 0.495714 0.016429 0.018095
0 0.375714 0.985714 0.017143 0.024762
0 0.426786 0.992857 0.007857 0.012381
0 0.464643 0.863333 0.012143 0.023810
0 0.223214 0.858571 0.017857 0.016190
0 0.272500 0.656667 0.010714 0.014286
0 0.529643 0.669048 0.009286 0.020000
0 0.514643 0.592381 0.007857 0.017143
0 0.503929 0.576667 0.010714 0.014286
0 0.524286 0.581429 0.010000 0.010476
0 0.533929 0.489524 0.006429 0.020952
0 0.491786 0.445238 0.009286 0.016190
0 0.448571 0.468571 0.008571 0.017143
0 0.510000 0.445714 0.011429 0.015238
0 0.367500 0.963333 0.015000 0.012381
0 0.316071 0.557143 0.013571 0.017143
0 0.315357 0.456667 0.009286 0.016190
0 0.338929 0.440000 0.010714 0.017143
0 0.297500 0.563810 0.012143 0.022857
0 0.286786 0.564762 0.013571 0.017143
0 0.276429 0.570952 0.015714 0.016190
0 0.269643 0.565238 0.013571 0.018095
0 0.277500 0.597619 0.013571 0.016190
0 0.269643 0.615714 0.012143 0.020000
0 0.265357 0.584762 0.013571 0.015238
0 0.249286 0.584762 0.012857 0.015238