2 0.013214 0.118571 0.026429 0.023810
2 0.220714 0.180952 0.035714 0.022857
2 0.332500 0.195714 0.032143 0.020000
2 0.345714 0.244762 0.032857 0.022857
2 0.214286 0.488571 0.015714 0.041905
0 0.269643 0.425238 0.006429 0.008571
2 0.116071 0.578095 0.016429 0.040000
2 0.205000 0.589524 0.017143 0.040000
2 0.235714 0.594286 0.015714 0.041905
0 0.304286 0.687619 0.004286 0.007619
0 0.396786 0.432857 0.005000 0.004762
0 0.423214 0.479048 0.007857 0.005714
2 0.362857 0.510000 0.015714 0.042857
2 0.432857 0.524286 0.012857 0.039048
2 0.520000 0.480000 0.015714 0.040000
2 0.480000 0.534286 0.014286 0.041905
2 0.497857 0.535714 0.014286 0.042857
2 0.556071 0.480476 0.015000 0.042857
2 0.532143 0.537143 0.012857 0.043810
2 0.583571 0.550000 0.014286 0.044762
2 0.697500 0.566190 0.013571 0.039048
2 0.630357 0.554762 0.013571 0.039048
2 0.769286 0.139524 0.030000 0.021905
2 0.660000 0.306190 0.030000 0.018095
2 0.705714 0.316190 0.030000 0.019048
2 0.770714 0.323810 0.030000 0.019048
2 0.807143 0.288571 0.028571 0.019048
0 0.495714 0.076667 0.002857 0.008571
2 0.290714 0.974762 0.011429 0.035238
2 0.436071 0.988571 0.015000 0.022857
2 0.474643 0.990476 0.016429 0.019048
2 0.915714 0.981429 0.018571 0.037143
0 0.523929 0.701905 0.005000 0.007619
2 0.371429 0.622857 0.014286 0.041905
2 0.389286 0.625714 0.014286 0.043810
2 0.407857 0.627143 0.014286 0.042857
2 0.639286 0.663810 0.015714 0.041905
0 0.736429 0.640952 0.005714 0.005714
0 0.826071 0.655238 0.007857 0.005714
0 0.845714 0.643810 0.008571 0.005714
0 0.858929 0.650000 0.007857 0.004762
0 0.852857 0.167619 0.008571 0.009524
0 0.971071 0.221429 0.007857 0.006667
0 0.920000 0.257143 0.005714 0.005714
2 0.593571 0.650476 0.018571 0.047619
0 0.876786 0.454762 0.009286 0.008571