2 0.057750 0.015000 0.041500 0.030000
2 0.034000 0.131333 0.053000 0.061333
2 0.091750 0.189667 0.055500 0.063333
2 0.121000 0.142000 0.059000 0.069333
2 0.177500 0.122000 0.052000 0.060000
2 0.266000 0.155000 0.045000 0.067333
2 0.238000 0.186000 0.054000 0.065333
2 0.156750 0.254000 0.058500 0.069333
2 0.219500 0.313333 0.064000 0.056000
2 0.391250 0.329000 0.058500 0.066000
2 0.276750 0.373000 0.052500 0.063333
2 0.326500 0.428333 0.045000 0.055333
2 0.446750 0.551000 0.055500 0.058000
2 0.513000 0.474333 0.052000 0.060667
2 0.506750 0.615000 0.052500 0.064667
2 0.578500 0.535667 0.055000 0.062000
2 0.763000 0.481333 0.049000 0.080000
2 0.641000 0.603667 0.057000 0.068667
2 0.574750 0.684667 0.058500 0.072000
0 0.773000 0.242000 0.014000 0.020000
0 0.703750 0.164667 0.013500 0.020000
0 0.578500 0.173000 0.011000 0.027333
0 0.504000 0.165667 0.011000 0.027333
0 0.751000 0.094667 0.015000 0.022667
0 0.758000 0.108667 0.016000 0.025333
2 0.631750 0.741333 0.056500 0.065333
2 0.698000 0.812333 0.060000 0.067333
2 0.753000 0.871333 0.049000 0.058667
2 0.820750 0.789000 0.063500 0.071333
2 0.882500 0.852000 0.057000 0.068000
2 0.824500 0.862667 0.061000 0.070667
2 0.864750 0.978667 0.053500 0.042667
2 0.954500 0.917000 0.054000 0.063333
0 0.081500 0.284000 0.021000 0.022667
0 0.091000 0.317333 0.022000 0.021333
0 0.067500 0.396000 0.023000 0.018667
0 0.096750 0.267667 0.020500 0.019333
0 0.121000 0.292667 0.025000 0.017333
0 0.124250 0.192667 0.021500 0.026667