2 0.517857 0.394762 0.030000 0.065714
2 0.503571 0.320000 0.030000 0.055238
0 0.364643 0.428095 0.007857 0.014286
0 0.364286 0.422857 0.007143 0.013333
2 0.026429 0.812857 0.051429 0.067619
0 0.791786 0.269524 0.007857 0.024762
0 0.800357 0.269048 0.007857 0.025714
0 0.813929 0.282857 0.007857 0.024762
0 0.833929 0.368095 0.006429 0.023810
0 0.899643 0.451429 0.009286 0.022857
0 0.872857 0.339524 0.005714 0.020000
0 0.864643 0.333333 0.006429 0.017143
0 0.856071 0.323333 0.007857 0.018095
0 0.400714 0.426190 0.010000 0.018095
0 0.389643 0.466667 0.009286 0.020952
0 0.958571 0.573333 0.012857 0.022857
0 0.995357 0.589048 0.007857 0.016190