2 0.041429 0.728095 0.082857 0.103810
2 0.025714 0.672381 0.051429 0.074286
2 0.021786 0.555238 0.043571 0.070476
2 0.220000 0.384286 0.048571 0.103810
2 0.056786 0.096190 0.056429 0.095238
2 0.018571 0.102381 0.037143 0.080952
2 0.032500 0.026190 0.046429 0.052381
0 0.110714 0.188571 0.021429 0.024762
0 0.242143 0.606667 0.018571 0.022857
0 0.359286 0.949048 0.025714 0.025714
0 0.283929 0.945714 0.017857 0.028571
0 0.890000 0.837619 0.022857 0.014286
2 0.930714 0.833333 0.092857 0.140952
0 0.980000 0.933333 0.021429 0.022857
0 0.608214 0.522857 0.015000 0.024762
0 0.605714 0.378571 0.017143 0.025714
0 0.527500 0.411905 0.013571 0.025714
0 0.557857 0.220000 0.014286 0.028571
2 0.436786 0.033810 0.056429 0.067619
2 0.393929 0.031429 0.050714 0.062857
2 0.811786 0.270952 0.079286 0.080952
2 0.761786 0.221429 0.082143 0.077143
2 0.773214 0.138571 0.077857 0.077143
2 0.868571 0.068095 0.080000 0.079048
0 0.646786 0.025238 0.013571 0.033333
0 0.699286 0.091905 0.014286 0.031429
0 0.829643 0.035714 0.015000 0.033333
0 0.848929 0.037619 0.019286 0.033333
0 0.791786 0.096190 0.016429 0.026667