2 0.363214 0.754286 0.049286 0.041905
2 0.232143 0.711429 0.051429 0.038095
2 0.140357 0.683810 0.050714 0.038095
2 0.024286 0.648095 0.048571 0.037143
2 0.618929 0.895714 0.025000 0.079048
2 0.760714 0.882381 0.060000 0.044762
2 0.800357 0.846667 0.060714 0.043810
2 0.607143 0.567143 0.015714 0.046667
2 0.620714 0.422857 0.014286 0.038095
2 0.633214 0.237619 0.012143 0.025714
2 0.634643 0.183810 0.010714 0.024762
2 0.688571 0.191905 0.011429 0.020000
2 0.685714 0.172381 0.010000 0.020952
2 0.686071 0.154286 0.010714 0.020952
2 0.639286 0.165238 0.010000 0.021905
2 0.639286 0.151905 0.010000 0.016190
2 0.697857 0.564762 0.018571 0.045714
0 0.666786 0.204762 0.005000 0.015238
0 0.697143 0.201429 0.004286 0.012381
0 0.700000 0.204762 0.005714 0.011429
0 0.640714 0.310952 0.004286 0.014286
0 0.686786 0.476190 0.006429 0.015238
0 0.717143 0.512381 0.005714 0.015238
0 0.730357 0.906190 0.013571 0.016190
0 0.557500 0.835238 0.010714 0.015238
2 0.668929 0.045238 0.010714 0.014286
2 0.664643 0.030476 0.009286 0.015238
2 0.646071 0.040000 0.009286 0.019048
2 0.684286 0.047143 0.008571 0.016190
0 0.568214 0.819524 0.005000 0.014286
0 0.573571 0.821429 0.007143 0.014286
0 0.604286 0.723810 0.007143 0.007619
0 0.606429 0.718095 0.007143 0.009524
0 0.559286 0.740000 0.008571 0.015238
0 0.512143 0.711905 0.008571 0.016190
0 0.576071 0.733333 0.007857 0.015238
0 0.650000 0.895714 0.008571 0.014286
0 0.737143 0.827143 0.012857 0.016190
0 0.767143 0.807143 0.011429 0.014286
0 0.252857 0.681905 0.011429 0.013333
0 0.250714 0.645238 0.010000 0.014286
0 0.168929 0.582381 0.013571 0.016190
0 0.669643 0.722381 0.009286 0.016190
0 0.698214 0.605238 0.010714 0.014286
0 0.667143 0.575714 0.005714 0.012381
0 0.670000 0.532857 0.005714 0.014286