2 0.299061 0.527365 0.015658 0.060297
2 0.320459 0.524119 0.014614 0.057514
0 0.362213 0.281540 0.004175 0.012059
0 0.377871 0.269944 0.004175 0.009276
0 0.451200 0.162801 0.002610 0.013915
0 0.456159 0.477273 0.004175 0.019481
2 0.313413 0.637755 0.039144 0.034323
2 0.315240 0.705937 0.038622 0.037106
2 0.063152 0.888219 0.034447 0.064007
2 0.119520 0.889610 0.045929 0.074212
2 0.740084 0.044063 0.026096 0.023191
2 0.847860 0.034323 0.033925 0.033395
2 0.901879 0.200371 0.026096 0.037106
2 0.939979 0.035250 0.031315 0.022263
2 0.894311 0.559369 0.022443 0.064935