2 0.437143 0.697143 0.030000 0.034286
2 0.413929 0.520000 0.022143 0.020952
2 0.462143 0.481429 0.024286 0.025714
2 0.435000 0.348571 0.018571 0.017143
2 0.645714 0.256667 0.011429 0.012381
2 0.654643 0.114762 0.007857 0.008571
0 0.490000 0.430000 0.004286 0.012381
0 0.526071 0.445714 0.003571 0.007619
0 0.149643 0.730476 0.006429 0.009524
0 0.133214 0.683333 0.007857 0.010476
0 0.142857 0.675238 0.007143 0.013333
0 0.135714 0.673810 0.004286 0.012381
0 0.638571 0.286190 0.002857 0.008571
2 0.576071 0.053333 0.007857 0.005714
2 0.619643 0.038571 0.007857 0.006667
2 0.677500 0.084286 0.005000 0.006667