0 0.020357 0.144286 0.017857 0.023810
0 0.049286 0.377619 0.017143 0.014286
0 0.403214 0.075238 0.007857 0.022857
2 0.599643 0.044286 0.025000 0.069524
2 0.598571 0.128095 0.024286 0.058095
2 0.437143 0.212381 0.031429 0.078095
2 0.466071 0.426190 0.022143 0.077143
2 0.513571 0.436190 0.030000 0.093333
0 0.406071 0.356190 0.010714 0.020952
0 0.393571 0.447619 0.012857 0.019048
0 0.383929 0.453333 0.009286 0.020952
0 0.372857 0.452381 0.008571 0.015238
0 0.358571 0.447619 0.011429 0.017143
0 0.331071 0.481905 0.010714 0.015238
0 0.305357 0.400000 0.015000 0.017143
0 0.301071 0.419524 0.015000 0.016190
0 0.420714 0.448095 0.012857 0.016190
0 0.562500 0.435238 0.007857 0.017143
2 0.607500 0.447143 0.027857 0.080952
2 0.608929 0.546667 0.030714 0.091429
0 0.578929 0.538571 0.007857 0.012381
2 0.461071 0.638571 0.030714 0.075238
2 0.322500 0.750000 0.077857 0.046667
2 0.317500 0.856190 0.077857 0.041905
2 0.317500 0.970476 0.077857 0.045714
0 0.368214 0.941905 0.012143 0.013333
0 0.388571 0.958095 0.010000 0.020952
0 0.399286 0.960000 0.012857 0.024762
2 0.614286 0.915714 0.035714 0.113333