2 0.757857 0.890476 0.040000 0.080000
2 0.848571 0.909048 0.044286 0.088571
2 0.969286 0.930000 0.035714 0.092381
2 0.673214 0.634762 0.022143 0.044762
2 0.703929 0.645238 0.022143 0.048571
2 0.802143 0.637143 0.030000 0.053333
2 0.842857 0.640000 0.031429 0.053333
2 0.909643 0.650952 0.033571 0.058095
2 0.933571 0.650000 0.035714 0.058095
2 0.855357 0.518571 0.047857 0.027619
2 0.915714 0.535238 0.050000 0.032381
2 0.716786 0.452381 0.036429 0.036190
2 0.676071 0.454762 0.017857 0.044762
2 0.647857 0.458095 0.037143 0.026667
2 0.650357 0.439048 0.035000 0.022857
2 0.710357 0.399048 0.037857 0.022857
2 0.711429 0.381905 0.037143 0.022857
2 0.708571 0.367143 0.035714 0.018095
2 0.699286 0.332381 0.030000 0.019048
2 0.702857 0.351905 0.035714 0.021905
2 0.695714 0.319524 0.031429 0.018095
2 0.685000 0.243333 0.028571 0.018095
2 0.740357 0.281905 0.017857 0.022857
2 0.717143 0.201905 0.014286 0.020952
2 0.680357 0.222857 0.027857 0.017143
2 0.671786 0.188095 0.025000 0.016190
2 0.705357 0.153333 0.012143 0.015238
2 0.550357 0.234762 0.013571 0.020000
2 0.462143 0.492857 0.021429 0.042857
2 0.185357 0.200952 0.017857 0.020952
2 0.068214 0.438571 0.042143 0.029524
2 0.032500 0.379048 0.036429 0.036190
2 0.126071 0.220000 0.027857 0.017143
2 0.091429 0.415714 0.025714 0.033333
2 0.247857 0.195714 0.018571 0.020000
2 0.677143 0.066190 0.010000 0.014286
2 0.663929 0.019524 0.007857 0.010476
2 0.643571 0.042381 0.012857 0.012381
2 0.643571 0.037619 0.015714 0.012381
2 0.643929 0.034286 0.017857 0.013333
2 0.641071 0.024762 0.015000 0.011429
2 0.640357 0.021429 0.016429 0.012381
2 0.637500 0.010952 0.015000 0.012381
0 0.093571 0.260476 0.007143 0.016190
0 0.098214 0.259524 0.007857 0.016190
0 0.247857 0.299048 0.005714 0.015238
0 0.214643 0.434286 0.009286 0.015238
0 0.207857 0.435714 0.005714 0.014286
0 0.201429 0.435714 0.007143 0.016190
0 0.204643 0.430952 0.007857 0.016190
0 0.029643 0.447143 0.010714 0.018095
0 0.758929 0.601429 0.009286 0.016190
0 0.740000 0.616667 0.010000 0.016190
0 0.738929 0.610000 0.010714 0.016190
0 0.580714 0.453333 0.005714 0.013333
0 0.585357 0.448095 0.006429 0.014286
0 0.622857 0.451905 0.004286 0.014286
0 0.617500 0.450000 0.003571 0.006667
0 0.773929 0.356190 0.006429 0.017143
0 0.774286 0.362381 0.005714 0.012381
0 0.564286 0.900000 0.007143 0.017143
0 0.660000 0.914286 0.008571 0.020952
0 0.188214 0.431905 0.007857 0.010476
0 0.245000 0.430476 0.005714 0.013333
0 0.247500 0.423810 0.007857 0.013333
0 0.573214 0.478095 0.006429 0.013333
0 0.678929 0.486667 0.007857 0.013333
0 0.763571 0.555714 0.007143 0.014286
0 0.692857 0.074286 0.004286 0.011429
0 0.667500 0.052381 0.003571 0.011429
0 0.560000 0.217143 0.004286 0.013333
0 0.573571 0.238571 0.004286 0.010476
2 0.344643 0.081429 0.007857 0.014286
2 0.337143 0.066667 0.011429 0.011429