2 0.133214 0.664340 0.046429 0.036802
2 0.256071 0.576142 0.042143 0.035533
2 0.326429 0.567893 0.040000 0.036802
2 0.563214 0.087563 0.016429 0.040609
2 0.496429 0.040609 0.015714 0.030457
2 0.568929 0.529822 0.020714 0.069797
2 0.601071 0.567893 0.023571 0.069797
2 0.693214 0.505711 0.046429 0.044416
2 0.878929 0.611675 0.052143 0.043147
2 0.937857 0.614213 0.055714 0.038071
2 0.593571 0.800761 0.025714 0.088832
2 0.633214 0.850888 0.025000 0.092640
0 0.789643 0.625635 0.006429 0.015228
0 0.793571 0.618655 0.005714 0.021574
0 0.740357 0.584391 0.007857 0.016497
0 0.737500 0.572335 0.005000 0.015228
0 0.636786 0.449873 0.006429 0.021574
2 0.177857 0.871193 0.025714 0.085025
2 0.238214 0.901015 0.033571 0.098985
2 0.252857 0.961294 0.024286 0.074873
2 0.262857 0.880076 0.025714 0.085025
2 0.286071 0.877538 0.025000 0.082487
2 0.277500 0.948604 0.025000 0.069797
0 0.422143 0.393401 0.005714 0.022843
0 0.398929 0.370558 0.006429 0.025381
0 0.390357 0.372462 0.006429 0.021574
0 0.507500 0.414340 0.005000 0.024112
0 0.504286 0.416244 0.005714 0.022843
0 0.311429 0.455584 0.010000 0.015228
0 0.312143 0.437183 0.008571 0.013959
0 0.295000 0.453046 0.007143 0.020305
0 0.330357 0.421954 0.005000 0.019036
0 0.278571 0.425761 0.007143 0.021574
2 0.582143 0.221447 0.017143 0.049492
0 0.602143 0.022208 0.005714 0.019036
0 0.606071 0.020305 0.006429 0.025381