0 0.298929 0.523333 0.013571 0.016190
0 0.590357 0.982381 0.015000 0.014286
0 0.508929 0.798095 0.010714 0.019048
0 0.521071 0.794286 0.012143 0.022857
2 0.578214 0.893333 0.093571 0.055238
2 0.538571 0.593333 0.074286 0.087619
0 0.616429 0.525714 0.012857 0.019048
0 0.612143 0.711905 0.010000 0.018095
0 0.627500 0.767619 0.009286 0.015238
2 0.668929 0.789524 0.037857 0.118095
2 0.665357 0.671905 0.040714 0.107619
0 0.872143 0.917143 0.024286 0.028571
0 0.900000 0.935238 0.018571 0.015238
0 0.916786 0.961905 0.020714 0.020952
0 0.903214 0.905714 0.019286 0.020952
0 0.924643 0.734286 0.022143 0.026667
0 0.909286 0.674286 0.022857 0.015238
0 0.875357 0.712857 0.020714 0.010476
0 0.673929 0.315238 0.012143 0.017143
0 0.745714 0.179048 0.012857 0.026667
0 0.732857 0.178095 0.014286 0.022857
2 0.628214 0.120476 0.030714 0.082857
0 0.618571 0.066190 0.012857 0.023810
0 0.574286 0.021905 0.007143 0.030476
0 0.555357 0.080952 0.007857 0.026667
0 0.486071 0.406667 0.009286 0.015238
0 0.492500 0.390952 0.010714 0.020000
0 0.493214 0.318095 0.009286 0.030476
0 0.477143 0.307143 0.008571 0.020000
0 0.477857 0.300476 0.004286 0.012381
0 0.501786 0.188571 0.006429 0.026667
0 0.563214 0.205238 0.012143 0.023810
0 0.557500 0.187143 0.006429 0.021905
0 0.559286 0.170952 0.007143 0.023810
0 0.573571 0.156190 0.007143 0.022857
0 0.546071 0.149048 0.006429 0.027619
0 0.504286 0.024762 0.010000 0.030476
0 0.482857 0.092857 0.008571 0.025714
0 0.548929 0.052857 0.010714 0.018095