2 0.376071 0.546190 0.032143 0.052381
2 0.432500 0.459524 0.020714 0.037143
2 0.217857 0.367143 0.030000 0.018095
2 0.051429 0.842857 0.071429 0.104762
0 0.029286 0.815238 0.020000 0.028571
0 0.186071 0.729524 0.007857 0.026667
0 0.347143 0.537143 0.007143 0.019048
0 0.538214 0.284762 0.003571 0.007619
0 0.471429 0.297143 0.004286 0.007619
0 0.460714 0.349048 0.004286 0.008571
0 0.463214 0.348095 0.005000 0.010476
0 0.335357 0.451905 0.005000 0.014286
0 0.572500 0.425238 0.005000 0.018095
0 0.586429 0.420000 0.004286 0.019048
2 0.513929 0.235238 0.007857 0.009524
0 0.626071 0.215714 0.003571 0.010476
0 0.596429 0.207619 0.001429 0.009524
0 0.607143 0.195238 0.002857 0.009524
0 0.611071 0.195238 0.003571 0.011429
0 0.614643 0.195714 0.002143 0.008571
2 0.769643 0.242857 0.013571 0.009524
2 0.760357 0.276190 0.013571 0.009524
2 0.360000 0.256667 0.017143 0.010476
2 0.385357 0.274762 0.020714 0.010476
2 0.392143 0.269524 0.015714 0.009524
2 0.398214 0.260952 0.020714 0.013333
2 0.393214 0.257143 0.017857 0.011429
2 0.407500 0.256190 0.016429 0.013333
2 0.416429 0.212857 0.012857 0.008571
2 0.443571 0.196190 0.010000 0.007619
2 0.463929 0.204762 0.012143 0.007619
2 0.465357 0.202381 0.012143 0.008571
0 0.343571 0.268571 0.002857 0.009524