2 0.835714 0.976667 0.062857 0.046667
2 0.540357 0.958571 0.046429 0.082857
2 0.481429 0.950000 0.058571 0.100000
2 0.580000 0.810952 0.035714 0.063810
2 0.526429 0.811905 0.035714 0.060000
2 0.493929 0.785238 0.035000 0.050476
2 0.550714 0.752381 0.028571 0.051429
2 0.571429 0.690476 0.020000 0.034286
2 0.551071 0.675238 0.025000 0.028571
2 0.599643 0.584286 0.012143 0.016190
2 0.608929 0.563333 0.009286 0.012381
2 0.626429 0.547143 0.007143 0.010476
2 0.613571 0.546667 0.008571 0.011429
2 0.632143 0.527619 0.007143 0.007619
2 0.627143 0.522857 0.005714 0.007619
2 0.621429 0.517143 0.007143 0.005714
2 0.622500 0.509524 0.005000 0.005714
2 0.633929 0.508571 0.005000 0.005714
2 0.634286 0.502381 0.004286 0.004762
2 0.666429 0.506190 0.004286 0.004762
2 0.663571 0.500476 0.004286 0.004762
2 0.636786 0.489048 0.003571 0.004762
2 0.633571 0.483810 0.004286 0.005714
2 0.636786 0.476667 0.002143 0.002857
2 0.647500 0.471429 0.002143 0.001905
2 0.652500 0.470476 0.002143 0.001905