2 0.084643 0.295714 0.009286 0.010476
2 0.402143 0.385714 0.011429 0.011429
2 0.397500 0.345238 0.012143 0.010476
2 0.275000 0.495238 0.012857 0.013333
2 0.291429 0.510000 0.012857 0.014286
2 0.232143 0.561429 0.014286 0.018095
2 0.239286 0.563333 0.012857 0.018095
2 0.246429 0.566190 0.012857 0.018095
2 0.261071 0.578095 0.015000 0.017143
2 0.270357 0.543333 0.013571 0.020000
2 0.275000 0.585714 0.014286 0.013333
2 0.312857 0.577619 0.015714 0.014286
2 0.277143 0.561905 0.018571 0.019048
2 0.285714 0.565238 0.014286 0.016190
2 0.336786 0.636667 0.017857 0.014286
2 0.333214 0.647619 0.017857 0.013333
2 0.327857 0.659048 0.017143 0.015238
2 0.323929 0.670476 0.017857 0.013333
2 0.374286 0.682381 0.015714 0.014286
2 0.390357 0.631429 0.015000 0.017143
2 0.503214 0.692857 0.017857 0.020000
0 0.720000 0.932381 0.004286 0.007619
0 0.724286 0.932857 0.004286 0.010476
0 0.482857 0.714286 0.004286 0.007619
0 0.270714 0.598095 0.005714 0.007619
2 0.616071 0.379048 0.010714 0.009524
2 0.621429 0.376667 0.010000 0.010476
2 0.668929 0.365714 0.010714 0.009524
2 0.675714 0.372857 0.010000 0.010476
2 0.680714 0.377143 0.010000 0.011429
2 0.686786 0.379524 0.007857 0.010476
2 0.726429 0.401429 0.010000 0.010476
2 0.721429 0.396667 0.010000 0.010476
2 0.714286 0.391429 0.008571 0.011429