2 0.465714 0.968571 0.051429 0.062857
2 0.509643 0.814286 0.033571 0.041905
2 0.545000 0.746190 0.021429 0.029524
2 0.581071 0.746667 0.020714 0.028571
2 0.571786 0.723333 0.017857 0.023810
2 0.626071 0.595714 0.007857 0.008571
2 0.610714 0.607143 0.008571 0.012381
2 0.590714 0.632381 0.008571 0.013333
2 0.597143 0.627143 0.010000 0.010476
2 0.644286 0.626190 0.010000 0.012381
2 0.659286 0.627619 0.010000 0.013333
2 0.647500 0.614286 0.007857 0.011429
2 0.664286 0.607143 0.011429 0.012381
2 0.656786 0.594286 0.006429 0.009524
2 0.648214 0.583333 0.007857 0.008571
2 0.666429 0.582381 0.008571 0.008571
2 0.648929 0.577619 0.006429 0.008571
2 0.137857 0.765714 0.040000 0.026667
2 0.111786 0.762857 0.039286 0.032381
2 0.098571 0.760952 0.028571 0.030476
2 0.203929 0.727619 0.030714 0.024762
2 0.185000 0.724762 0.032857 0.024762
2 0.162143 0.724286 0.035714 0.021905
2 0.148571 0.718571 0.032857 0.021905
2 0.124643 0.720476 0.032143 0.027619
2 0.109643 0.718095 0.032143 0.024762