2 0.215714 0.190355 0.002857 0.007614
2 0.214643 0.253807 0.003571 0.007614
2 0.220357 0.253807 0.003571 0.007614
2 0.245714 0.242386 0.008571 0.007614
2 0.229286 0.262056 0.005714 0.008883
2 0.228214 0.274746 0.003571 0.008883
2 0.222857 0.296320 0.004286 0.008883
2 0.230714 0.303299 0.004286 0.007614
2 0.242857 0.315990 0.005714 0.010152
2 0.233571 0.332487 0.005714 0.010152
2 0.246786 0.369289 0.005000 0.012690
0 0.208571 0.435279 0.002857 0.007614
2 0.223571 0.439721 0.005714 0.011421
2 0.224286 0.451142 0.005714 0.011421
2 0.243929 0.442259 0.006429 0.011421
2 0.235714 0.444797 0.005714 0.011421
2 0.237857 0.454949 0.005714 0.011421
2 0.282500 0.477157 0.007857 0.012690
0 0.294286 0.473350 0.002857 0.007614
0 0.296786 0.472081 0.002143 0.010152
2 0.297857 0.510152 0.010000 0.015228
0 0.323214 0.522843 0.003571 0.010152
0 0.204286 0.513959 0.002857 0.010152
2 0.241429 0.483503 0.005714 0.012690
2 0.244286 0.494924 0.005714 0.012690
2 0.253214 0.493655 0.006429 0.012690
2 0.246429 0.512056 0.007143 0.013959
2 0.252143 0.531091 0.007143 0.013959
2 0.256786 0.552030 0.007857 0.015228
2 0.268571 0.553934 0.008571 0.013959
2 0.126786 0.510152 0.017857 0.015228
2 0.128929 0.520305 0.016429 0.012690
2 0.130357 0.525381 0.015000 0.015228
2 0.273571 0.604061 0.010000 0.015228
2 0.285714 0.633249 0.011429 0.017766
2 0.295000 0.661802 0.011429 0.019036
2 0.366786 0.725254 0.015000 0.024112
2 0.363214 0.780457 0.015000 0.022843
2 0.412857 0.658629 0.014286 0.017766
2 0.410357 0.721447 0.007857 0.026650
2 0.403214 0.848985 0.016429 0.025381
2 0.518929 0.977157 0.020714 0.035533
2 0.238929 0.973985 0.023571 0.029188
0 0.159643 0.963832 0.003571 0.008883
0 0.158929 0.976523 0.003571 0.011421
0 0.157500 0.970812 0.003571 0.010152
0 0.205357 0.906726 0.002143 0.011421
0 0.159286 0.871827 0.002857 0.015228
0 0.155000 0.897208 0.002857 0.015228
0 0.164286 0.835025 0.002857 0.010152
0 0.224286 0.820431 0.002857 0.011421
2 0.608929 0.700508 0.019286 0.015228
2 0.746071 0.665609 0.017857 0.013959
0 0.698214 0.745558 0.003571 0.011421
0 0.792500 0.718274 0.002143 0.010152
0 0.812857 0.710025 0.002857 0.008883
0 0.816786 0.715736 0.002143 0.007614
0 0.872857 0.689721 0.002857 0.008883
2 0.831786 0.663071 0.016429 0.011421
2 0.978214 0.631345 0.016429 0.013959
2 0.955357 0.645939 0.016429 0.012690
2 0.900714 0.796954 0.022857 0.017766
2 0.739643 0.927665 0.020714 0.020305