2 0.242500 0.821905 0.039286 0.040000
2 0.270357 0.887143 0.049286 0.054286
2 0.289286 0.790000 0.045714 0.050476
2 0.396071 0.806190 0.029286 0.052381
2 0.510714 0.707143 0.041429 0.042857
0 0.459286 0.641905 0.010000 0.013333
0 0.432143 0.673810 0.008571 0.012381
0 0.440714 0.669524 0.008571 0.011429
2 0.590000 0.624762 0.011429 0.017143
2 0.685000 0.508095 0.038571 0.048571
2 0.703214 0.521905 0.033571 0.041905
2 0.718929 0.544286 0.043571 0.046667
2 0.764643 0.512381 0.036429 0.040000
2 0.759286 0.486667 0.035714 0.040000
0 0.748929 0.427143 0.010714 0.014286
2 0.815357 0.423333 0.036429 0.040952
0 0.861786 0.335238 0.010714 0.017143
0 0.862500 0.353810 0.007857 0.016190
2 0.874286 0.293333 0.018571 0.041905
0 0.861429 0.290952 0.010000 0.016190
0 0.942857 0.471905 0.011429 0.016190
0 0.993929 0.477619 0.010714 0.018095
2 0.961071 0.454286 0.045000 0.034286
2 0.834643 0.979048 0.033571 0.041905
2 0.729286 0.956190 0.047143 0.055238
0 0.841429 0.881429 0.008571 0.008571