2 0.007857 0.054569 0.015714 0.035533
2 0.009286 0.154822 0.018571 0.032995
2 0.082857 0.192893 0.044286 0.038071
0 0.360357 0.102792 0.006429 0.012690
2 0.417143 0.284898 0.031429 0.031726
0 0.538214 0.191624 0.005000 0.010152
2 0.520714 0.290609 0.038571 0.040609
2 0.599286 0.448604 0.042857 0.046954
2 0.592857 0.388959 0.040000 0.041878
2 0.881786 0.588198 0.042143 0.052030
2 0.951071 0.601523 0.040714 0.040609
2 0.980357 0.657995 0.039286 0.046954
2 0.683214 0.689086 0.043571 0.045685
0 0.883214 0.269036 0.007857 0.010152
0 0.798571 0.347716 0.004286 0.012690
0 0.685714 0.256980 0.005714 0.003807
0 0.684643 0.249365 0.006429 0.006345
0 0.566429 0.838832 0.004286 0.012690