2 0.532500 0.645238 0.050714 0.090476
2 0.122143 0.035238 0.017143 0.024762
2 0.133929 0.079524 0.015000 0.023810
2 0.140714 0.099048 0.017143 0.026667
2 0.051071 0.171905 0.046429 0.029524
2 0.053214 0.189048 0.043571 0.023810
0 0.384643 0.743333 0.012143 0.027619
0 0.386429 0.611429 0.007143 0.026667
0 0.258214 0.714286 0.015000 0.022857
0 0.483571 0.577619 0.008571 0.016190
0 0.490714 0.570000 0.008571 0.016190
0 0.343214 0.707619 0.016429 0.011429
0 0.344286 0.691905 0.011429 0.018095
0 0.450000 0.822381 0.007143 0.018095
0 0.373214 0.593333 0.010714 0.017143
0 0.137857 0.857619 0.017143 0.012381
0 0.600714 0.414762 0.005714 0.023810
0 0.857500 0.465714 0.016429 0.030476
0 0.838571 0.514286 0.017143 0.020952
0 0.351786 0.309524 0.006429 0.020952
0 0.225357 0.034286 0.005000 0.013333