0 0.117143 0.904762 0.027143 0.034286
2 0.105714 0.633810 0.084286 0.092381
2 0.490000 0.518095 0.071429 0.043810
0 0.003214 0.423333 0.006429 0.012381
0 0.012857 0.419048 0.014286 0.017143
0 0.265714 0.697143 0.012857 0.020952
0 0.241429 0.708571 0.010000 0.017143
0 0.341429 0.512857 0.010000 0.027619
0 0.299643 0.580952 0.007857 0.022857
0 0.565357 0.429048 0.009286 0.021905
0 0.663214 0.464286 0.007857 0.027619
0 0.527500 0.450952 0.007857 0.021905
0 0.522143 0.449048 0.005714 0.023810
0 0.528929 0.496667 0.006429 0.023810
0 0.525000 0.491429 0.007143 0.022857
0 0.514643 0.464286 0.010714 0.020000
0 0.553571 0.422381 0.005714 0.023810
0 0.547500 0.423333 0.007857 0.025714
0 0.434286 0.470476 0.007143 0.022857
0 0.436071 0.461429 0.007857 0.016190
2 0.684286 0.559048 0.085714 0.043810
2 0.581071 0.555238 0.067857 0.059048
2 0.772857 0.612381 0.075714 0.059048
2 0.810000 0.592381 0.065714 0.045714
0 0.810714 0.420476 0.007143 0.014286
0 0.824286 0.422857 0.005714 0.011429