2 0.424250 0.879667 0.045500 0.142000
2 0.584750 0.937000 0.052500 0.126000
2 0.638250 0.694667 0.038500 0.086667
2 0.458250 0.576667 0.054500 0.060000
2 0.424750 0.512333 0.057500 0.043333
2 0.458000 0.429667 0.025000 0.046000
2 0.625500 0.513000 0.048000 0.042000
2 0.587250 0.450333 0.049500 0.052667
2 0.460000 0.372000 0.022000 0.044000
2 0.459000 0.297667 0.019000 0.032667
2 0.464750 0.250333 0.021500 0.023333
2 0.465500 0.224667 0.015000 0.022667
2 0.465500 0.197667 0.013000 0.019333
2 0.468500 0.176333 0.013000 0.020667
2 0.502750 0.125667 0.011500 0.016667
2 0.498500 0.088667 0.010000 0.013333
2 0.544000 0.148667 0.012000 0.016000
2 0.571000 0.218667 0.027000 0.022667
2 0.600750 0.282667 0.039500 0.025333
2 0.550750 0.122333 0.013500 0.016667
2 0.474750 0.059000 0.008500 0.011333
2 0.476000 0.042333 0.008000 0.010000
2 0.482500 0.016000 0.012000 0.009333
2 0.109500 0.458667 0.046000 0.057333
2 0.039000 0.454667 0.052000 0.050667
2 0.115500 0.560667 0.071000 0.036000
2 0.015500 0.460333 0.031000 0.058000
2 0.689750 0.603667 0.078500 0.047333
2 0.691500 0.563667 0.067000 0.036667
2 0.696250 0.527000 0.063500 0.038000
2 0.631250 0.369333 0.051500 0.032000
2 0.623250 0.353333 0.048500 0.028000
2 0.550250 0.167667 0.016500 0.016667
2 0.544000 0.102333 0.020000 0.012667
2 0.540250 0.096000 0.020500 0.012000
2 0.532500 0.093000 0.022000 0.012667
2 0.543000 0.086000 0.021000 0.013333
2 0.538750 0.081667 0.021500 0.011333
2 0.539750 0.076667 0.021500 0.012000
2 0.536500 0.072333 0.021000 0.012667
2 0.534750 0.068000 0.020500 0.009333
2 0.535000 0.060000 0.020000 0.010667
2 0.530250 0.052000 0.015500 0.010667
2 0.532000 0.047667 0.018000 0.010000
2 0.526250 0.032667 0.019500 0.010667
2 0.522500 0.030333 0.020000 0.008667
2 0.520250 0.025000 0.013500 0.008667
2 0.516000 0.022000 0.007000 0.009333
2 0.524000 0.017000 0.015000 0.008667
2 0.524250 0.014000 0.016500 0.008000
2 0.520500 0.011000 0.012000 0.007333
2 0.523500 0.008000 0.006000 0.006667
2 0.522250 0.003667 0.005500 0.007333
2 0.483250 0.009000 0.005500 0.007333
2 0.476000 0.012333 0.005000 0.010000
2 0.478000 0.034667 0.008000 0.010667
2 0.473500 0.088667 0.011000 0.013333
2 0.471750 0.098000 0.010500 0.014667
2 0.473250 0.110667 0.011500 0.014667
0 0.497500 0.008667 0.002000 0.005333
0 0.485000 0.057667 0.003000 0.007333
0 0.533250 0.029333 0.002500 0.009333
0 0.540750 0.029000 0.002500 0.010000
0 0.566000 0.117333 0.003000 0.014667
0 0.563500 0.118667 0.003000 0.013333
0 0.569250 0.154333 0.002500 0.012667
0 0.576000 0.180333 0.004000 0.010000
0 0.579000 0.177000 0.003000 0.015333
0 0.557000 0.174333 0.003000 0.016667
0 0.564500 0.171333 0.004000 0.016000
0 0.431750 0.274667 0.005500 0.018667
0 0.359500 0.221000 0.004000 0.015333
2 0.421250 0.047000 0.008500 0.012667
2 0.431750 0.067000 0.017500 0.010000
2 0.425750 0.078000 0.018500 0.009333
2 0.424500 0.084000 0.019000 0.010667
2 0.408750 0.048333 0.011500 0.011333
2 0.407000 0.060000 0.008000 0.010667
2 0.422750 0.092000 0.021500 0.013333
2 0.412000 0.156333 0.027000 0.015333
2 0.400750 0.177667 0.032500 0.018000
0 0.426000 0.639667 0.017000 0.022000
0 0.662250 0.430667 0.006500 0.026667
0 0.645000 0.429667 0.008000 0.026000
0 0.615750 0.412333 0.008500 0.024667
0 0.622000 0.423333 0.010000 0.021333
0 0.632750 0.282333 0.006500 0.014000
0 0.564750 0.160000 0.003500 0.012000
0 0.563000 0.160333 0.004000 0.012667
0 0.553750 0.150667 0.004500 0.013333
0 0.568750 0.145667 0.003500 0.010000