2 0.015714 0.017619 0.028571 0.023810
2 0.215714 0.014762 0.017143 0.025714
2 0.277143 0.094762 0.017143 0.027619
2 0.125000 0.073333 0.031429 0.024762
2 0.121786 0.167619 0.019286 0.036190
0 0.051071 0.072381 0.007857 0.019048
0 0.067857 0.070000 0.005714 0.016190
0 0.076071 0.092857 0.005000 0.020000
0 0.060357 0.100952 0.005000 0.013333
0 0.051786 0.104762 0.007857 0.020952
0 0.029286 0.212381 0.005714 0.020952
0 0.032500 0.206667 0.005000 0.017143
0 0.034286 0.254286 0.007143 0.020952
0 0.060714 0.070476 0.005714 0.019048
0 0.088214 0.085238 0.006429 0.012381
0 0.108214 0.219524 0.005000 0.014286
2 0.107143 0.320000 0.025714 0.045714
2 0.103571 0.374286 0.028571 0.057143
2 0.098214 0.434286 0.029286 0.060952
0 0.016786 0.327143 0.007857 0.018095
0 0.010000 0.369048 0.007143 0.023810
0 0.006429 0.435238 0.007143 0.020952
2 0.250714 0.504286 0.031429 0.071429
2 0.253929 0.626667 0.037857 0.097143
2 0.085714 0.624286 0.040000 0.088571
2 0.072143 0.739524 0.044286 0.101905
2 0.293929 0.962857 0.047857 0.074286
2 0.047500 0.945714 0.050714 0.108571
0 0.409643 0.004762 0.003571 0.009524
0 0.372857 0.118095 0.004286 0.013333
0 0.459643 0.169524 0.005000 0.017143
0 0.486429 0.209524 0.004286 0.013333
0 0.540714 0.259048 0.004286 0.022857
2 0.450357 0.347143 0.020714 0.033333
2 0.519643 0.457619 0.043571 0.054286
2 0.545357 0.473810 0.042143 0.058095
2 0.560000 0.511429 0.041429 0.060952
2 0.578214 0.567143 0.045000 0.063810
2 0.603214 0.634286 0.046429 0.080000
2 0.627857 0.699048 0.054286 0.080000
2 0.653929 0.765238 0.060714 0.092381
2 0.706786 0.913333 0.053571 0.116190
2 0.750357 0.967619 0.055000 0.064762
0 0.739286 0.722381 0.008571 0.025714
0 0.746786 0.709524 0.009286 0.022857
0 0.740357 0.580000 0.012143 0.024762
0 0.729286 0.509524 0.007143 0.020952
0 0.725000 0.494762 0.011429 0.025714
0 0.730714 0.406667 0.004286 0.020952
2 0.721429 0.007143 0.027143 0.014286
2 0.621786 0.008095 0.035000 0.014286
0 0.797500 0.940476 0.010714 0.025714