2 0.010438 0.968924 0.020877 0.054731
2 0.141180 0.896104 0.062109 0.085343
2 0.121608 0.813080 0.064718 0.064007
2 0.055585 0.676252 0.057933 0.068646
2 0.216597 0.476809 0.043841 0.046382
2 0.266441 0.536642 0.048539 0.052876
2 0.284969 0.557514 0.046973 0.051948
2 0.068372 0.304731 0.043841 0.038033
2 0.060282 0.285250 0.042276 0.030612
2 0.536013 0.538033 0.041754 0.050093
2 0.631263 0.631262 0.045407 0.058442
2 0.675626 0.685065 0.046451 0.067718
2 0.700418 0.722635 0.048017 0.070501
2 0.722599 0.761596 0.048539 0.070501
2 0.770094 0.836271 0.049582 0.082560
2 0.856994 0.962430 0.052192 0.073284
2 0.786013 0.302412 0.034447 0.044527