0 0.570250 0.753000 0.022500 0.086000
0 0.532250 0.705333 0.020500 0.076000
0 0.567000 0.678667 0.031000 0.062667
0 0.586000 0.672667 0.016000 0.044000
0 0.574000 0.639667 0.026000 0.068667
0 0.728750 0.592667 0.015500 0.052000
0 0.694250 0.588333 0.020500 0.062000
0 0.624250 0.576000 0.018500 0.061333
0 0.587750 0.567000 0.020500 0.051333
0 0.215750 0.868667 0.039500 0.094667
0 0.104750 0.956667 0.043500 0.084000
2 0.297750 0.740667 0.203500 0.253333
0 0.324250 0.657000 0.022500 0.058000
0 0.354500 0.621333 0.023000 0.049333
0 0.420250 0.639000 0.021500 0.066000
0 0.454750 0.615667 0.022500 0.072667
0 0.437250 0.613667 0.013500 0.044667
0 0.444750 0.600333 0.018500 0.064667
0 0.436250 0.557000 0.019500 0.056667
2 0.485000 0.563333 0.060000 0.114667
0 0.539500 0.532667 0.018000 0.049333
0 0.447000 0.496000 0.015000 0.050667
0 0.395000 0.468333 0.016000 0.054000
0 0.361250 0.504667 0.017500 0.049333
0 0.324250 0.500667 0.014500 0.054667
0 0.283000 0.554000 0.029000 0.052000
0 0.289000 0.516000 0.020000 0.058667
0 0.348250 0.449667 0.016500 0.043333
2 0.367250 0.423333 0.044500 0.069333
0 0.522000 0.412667 0.011000 0.037333
2 0.419500 0.396000 0.061000 0.045333
0 0.333250 0.367667 0.012500 0.036667
0 0.357000 0.384000 0.013000 0.030667
0 0.364000 0.374667 0.013000 0.029333
0 0.447500 0.376333 0.011000 0.034000
0 0.459000 0.372333 0.011000 0.035333
0 0.456000 0.366667 0.011000 0.032000
0 0.445750 0.360667 0.013500 0.036000
0 0.460250 0.362667 0.010500 0.029333
0 0.472500 0.355000 0.014000 0.035333
0 0.487000 0.359667 0.009000 0.035333
0 0.492500 0.361333 0.011000 0.029333
0 0.502250 0.368333 0.010500 0.032667
0 0.507750 0.361333 0.008500 0.037333
0 0.517250 0.359333 0.009500 0.034667
0 0.513500 0.357000 0.009000 0.031333
0 0.527250 0.359667 0.008500 0.026000
0 0.526000 0.354667 0.008000 0.030667
0 0.549500 0.359000 0.010000 0.028667
0 0.562250 0.357667 0.010500 0.026000
0 0.567250 0.354667 0.007500 0.026667
0 0.895500 0.416667 0.017000 0.025333
0 0.954000 0.407333 0.016000 0.037333
0 0.839000 0.416667 0.012000 0.033333
0 0.964250 0.352333 0.010500 0.027333
0 0.922000 0.339667 0.011000 0.027333
0 0.911500 0.352000 0.011000 0.030667
0 0.895750 0.349000 0.009500 0.027333
0 0.888250 0.344667 0.009500 0.020000
0 0.875250 0.345667 0.009500 0.026000
0 0.848000 0.344667 0.011000 0.022667
0 0.816500 0.341333 0.008000 0.024000
0 0.815000 0.322667 0.012000 0.020000
0 0.757250 0.345000 0.011500 0.019333
0 0.726500 0.348333 0.009000 0.015333
0 0.707750 0.352000 0.006500 0.020000
0 0.712000 0.344333 0.007000 0.022000
0 0.651000 0.353667 0.007000 0.019333
0 0.413500 0.328667 0.008000 0.021333
0 0.416250 0.324667 0.007500 0.020000
0 0.407750 0.321667 0.008500 0.019333
0 0.383000 0.330667 0.008000 0.025333
2 0.279250 0.320000 0.031500 0.028000
2 0.268750 0.297667 0.023500 0.032667
2 0.210500 0.292000 0.036000 0.025333
2 0.242250 0.283000 0.026500 0.023333
2 0.272000 0.259333 0.020000 0.020000
2 0.284500 0.245000 0.020000 0.022000
2 0.302000 0.234000 0.015000 0.016000
2 0.308750 0.226333 0.016500 0.016667
2 0.328500 0.210667 0.014000 0.017333
2 0.316500 0.222000 0.013000 0.014667
2 0.200500 0.277000 0.024000 0.022000
0 0.126750 0.247000 0.007500 0.018000
0 0.139750 0.253333 0.007500 0.017333
0 0.179000 0.256333 0.007000 0.016667
0 0.203250 0.698000 0.030500 0.085333
0 0.182000 0.684667 0.032000 0.070667
0 0.216000 0.655333 0.034000 0.068000
0 0.181500 0.658667 0.024000 0.064000
0 0.118250 0.670667 0.029500 0.057333
2 0.117750 0.491333 0.048500 0.060000