2 0.047500 0.162857 0.093571 0.076190
2 0.069643 0.063810 0.075000 0.059048
0 0.336786 0.502381 0.037857 0.084762
0 0.215000 0.580952 0.035714 0.068571
0 0.152500 0.785238 0.032143 0.103810
0 0.560357 0.654286 0.036429 0.080000
0 0.603214 0.696190 0.030714 0.083810
0 0.632857 0.628571 0.025714 0.085714
0 0.717143 0.679524 0.032857 0.088571
0 0.670357 0.672857 0.029286 0.082857
0 0.513929 0.468095 0.026429 0.090476
0 0.548571 0.449048 0.020000 0.082857
0 0.633571 0.273333 0.015714 0.068571
0 0.464643 0.321429 0.016429 0.079048
0 0.564643 0.161429 0.019286 0.058095
0 0.541071 0.017143 0.009286 0.026667
2 0.095000 0.736667 0.172857 0.301905
2 0.227143 0.723810 0.120000 0.253333
0 0.951429 0.598095 0.058571 0.085714