0 0.112000 0.335667 0.011000 0.027333
0 0.122500 0.331667 0.008000 0.022000
0 0.135750 0.333000 0.010500 0.022000
2 0.593500 0.189667 0.023000 0.011333
0 0.605750 0.290667 0.004500 0.016000
0 0.600000 0.308333 0.006000 0.023333
0 0.613500 0.303667 0.004000 0.014000
0 0.617500 0.313333 0.009000 0.022667
0 0.629250 0.299333 0.004500 0.018667
0 0.633250 0.312333 0.005500 0.022000
0 0.652000 0.275333 0.007000 0.022667
0 0.688500 0.267000 0.007000 0.011333
2 0.739750 0.271667 0.042500 0.022000
0 0.829500 0.197667 0.005000 0.014000
0 0.840500 0.190333 0.004000 0.014000
2 0.827500 0.159667 0.009000 0.010000
2 0.878000 0.279000 0.029000 0.030000
2 0.852750 0.296667 0.031500 0.026667
2 0.794000 0.325000 0.044000 0.039333
2 0.747750 0.355000 0.043500 0.036667
2 0.690500 0.385333 0.051000 0.046667
2 0.791000 0.517333 0.076000 0.058667
2 0.716500 0.503000 0.078000 0.074000
2 0.686500 0.537333 0.097000 0.066667
0 0.628000 0.370333 0.009000 0.031333
0 0.632750 0.378667 0.010500 0.029333
0 0.635500 0.380667 0.006000 0.018667
2 0.645750 0.411333 0.055500 0.040000
2 0.604500 0.374000 0.047000 0.037333
2 0.603250 0.346000 0.037500 0.032000
2 0.575000 0.341333 0.031000 0.032000
2 0.546750 0.336667 0.039500 0.033333
2 0.580500 0.418667 0.035000 0.049333
2 0.537500 0.429333 0.038000 0.045333
0 0.549500 0.442333 0.009000 0.028667
0 0.569750 0.445667 0.014500 0.028667
0 0.648500 0.434000 0.008000 0.018667
0 0.649000 0.429667 0.014000 0.028667
0 0.475000 0.367333 0.010000 0.021333
2 0.442250 0.430333 0.033500 0.048667
0 0.505000 0.486667 0.011000 0.037333
2 0.308250 0.434000 0.048500 0.060000
2 0.269250 0.433667 0.042500 0.044667
2 0.201750 0.435333 0.073500 0.049333
0 0.164750 0.448333 0.011500 0.022000
0 0.159250 0.435000 0.010500 0.039333
2 0.129250 0.428000 0.067500 0.041333
2 0.057000 0.417667 0.071000 0.039333
2 0.173750 0.484333 0.076500 0.060667
0 0.211250 0.861333 0.034500 0.053333
0 0.201000 0.929333 0.033000 0.070667
0 0.264750 0.863000 0.025500 0.062000
0 0.313000 0.889667 0.024000 0.059333
0 0.290500 0.944000 0.019000 0.048000
0 0.336500 0.494333 0.009000 0.032667
0 0.338750 0.490667 0.008500 0.038667
0 0.375750 0.489000 0.008500 0.031333
0 0.387250 0.480667 0.009500 0.034667
2 0.333250 0.520000 0.070500 0.053333
2 0.335000 0.575333 0.088000 0.060000
0 0.678500 0.879000 0.033000 0.052667
0 0.812000 0.905333 0.033000 0.042667
0 0.778000 0.885667 0.025000 0.048667
0 0.769750 0.957333 0.033500 0.046667
0 0.793750 0.936000 0.022500 0.049333
2 0.659000 0.570667 0.111000 0.074667
0 0.541000 0.546000 0.016000 0.041333
0 0.603000 0.516000 0.020000 0.038667