2 0.535000 0.929333 0.085000 0.138667
0 0.715000 0.916333 0.021000 0.032667
0 0.769500 0.934000 0.019000 0.030667
0 0.412250 0.722000 0.018500 0.024000
0 0.497000 0.701667 0.018000 0.027333
0 0.543750 0.799667 0.018500 0.027333
0 0.535250 0.781333 0.016500 0.020000
0 0.779500 0.781000 0.023000 0.026000
0 0.795000 0.804667 0.018000 0.022667
0 0.645000 0.807667 0.017000 0.019333
0 0.650500 0.787667 0.030000 0.027333
0 0.768500 0.739667 0.049000 0.042000
2 0.757000 0.625667 0.095000 0.138000
0 0.501750 0.590333 0.011500 0.014000
0 0.512000 0.583000 0.012000 0.020667
0 0.512500 0.507000 0.013000 0.027333
0 0.488250 0.487667 0.013500 0.028667
0 0.396250 0.610667 0.014500 0.018667
0 0.325250 0.579333 0.017500 0.022667
0 0.353750 0.523333 0.012500 0.021333
0 0.329750 0.507333 0.018500 0.017333
0 0.357250 0.491000 0.017500 0.027333
0 0.384500 0.426667 0.015000 0.017333
0 0.398000 0.425000 0.015000 0.024667
0 0.405750 0.411000 0.018500 0.023333
2 0.778500 0.358333 0.100000 0.084667
0 0.676000 0.138000 0.015000 0.033333
0 0.390500 0.338000 0.016000 0.017333
0 0.243000 0.429667 0.024000 0.023333
0 0.242000 0.312333 0.026000 0.031333
0 0.306750 0.207333 0.019500 0.034667
0 0.317250 0.196000 0.018500 0.034667
0 0.328250 0.201667 0.017500 0.036667
0 0.426000 0.019667 0.018000 0.039333
0 0.156500 0.216000 0.028000 0.034667
0 0.136750 0.054333 0.027500 0.036667
0 0.126000 0.016333 0.024000 0.032667
0 0.085250 0.073667 0.022500 0.019333
0 0.073750 0.051333 0.020500 0.017333