2 0.435750 0.038667 0.032500 0.046667
2 0.448250 0.083000 0.033500 0.048667
2 0.556750 0.085000 0.033500 0.051333
2 0.601000 0.123667 0.051000 0.058000
2 0.358500 0.126667 0.038000 0.064000
2 0.362500 0.192000 0.042000 0.082667
2 0.364500 0.292333 0.048000 0.104667
2 0.370750 0.423000 0.057500 0.142000
2 0.551750 0.513333 0.095500 0.169333
2 0.392000 0.660333 0.073000 0.212667
2 0.604750 0.713000 0.113500 0.219333
2 0.767500 0.854000 0.169000 0.292000
2 0.673750 0.937333 0.120500 0.125333
2 0.954250 0.619333 0.091500 0.116000
2 0.727000 0.386333 0.078000 0.099333
2 0.691250 0.295333 0.073500 0.090667
0 0.578750 0.349667 0.020500 0.064667
2 0.573250 0.006000 0.058500 0.012000