0 0.787857 0.621827 0.011429 0.030457
0 0.807143 0.659264 0.012857 0.031726
0 0.671429 0.600254 0.007143 0.032995
0 0.674286 0.641497 0.010000 0.024112
2 0.829643 0.772208 0.042143 0.085025
2 0.660000 0.838198 0.008571 0.031726
2 0.667143 0.835660 0.008571 0.034264
2 0.392143 0.826142 0.032857 0.111675
2 0.467500 0.897208 0.027857 0.096447
2 0.514643 0.326142 0.020714 0.058376
2 0.508571 0.130076 0.015714 0.041878
2 0.475714 0.085025 0.015714 0.035533
2 0.526429 0.014594 0.011429 0.029188
2 0.334286 0.061548 0.017143 0.024112
0 0.589286 0.532995 0.008571 0.020305
0 0.301429 0.676396 0.007143 0.040609