2 0.221786 0.793810 0.023571 0.023810
2 0.238571 0.763333 0.025714 0.020000
2 0.248571 0.749048 0.022857 0.021905
2 0.607857 0.355714 0.007143 0.010476
2 0.676071 0.367619 0.006429 0.011429
2 0.640000 0.347619 0.011429 0.007619
2 0.709286 0.357143 0.010000 0.009524
2 0.750000 0.368571 0.014286 0.011429
2 0.652500 0.348571 0.012143 0.007619
2 0.031429 0.400952 0.017143 0.009524
2 0.036786 0.393333 0.017857 0.009524
2 0.041429 0.388571 0.014286 0.007619
2 0.060714 0.384286 0.014286 0.008571
2 0.068571 0.378095 0.017143 0.009524
2 0.150357 0.335714 0.010714 0.008571
2 0.203214 0.298571 0.009286 0.008571
2 0.137857 0.344286 0.011429 0.008571
2 0.143929 0.339524 0.010714 0.008571
2 0.156071 0.332381 0.009286 0.007619
2 0.162500 0.328095 0.010714 0.008571
2 0.290714 0.267143 0.007143 0.006667
2 0.334643 0.233810 0.009286 0.006667