2 0.134286 0.968095 0.107143 0.063810
0 0.259643 0.677143 0.027857 0.055238
2 0.266786 0.609524 0.069286 0.121905
0 0.153214 0.370476 0.019286 0.041905
0 0.143571 0.366190 0.020000 0.039048
2 0.232500 0.370000 0.060714 0.071429
2 0.339643 0.422857 0.050714 0.070476
2 0.376429 0.349524 0.062857 0.051429
2 0.386786 0.320952 0.063571 0.045714
2 0.396071 0.288095 0.063571 0.054286
2 0.486071 0.235714 0.029286 0.039048
2 0.586071 0.793810 0.105000 0.132381
2 0.721071 0.623810 0.063571 0.129524
0 0.772500 0.375238 0.012143 0.040000
2 0.694286 0.486667 0.051429 0.091429
2 0.672500 0.340000 0.040714 0.053333
2 0.647500 0.266190 0.030714 0.050476
2 0.623929 0.163333 0.023571 0.035238
2 0.610000 0.103333 0.044286 0.025714
2 0.546071 0.239048 0.053571 0.038095
2 0.544643 0.324762 0.069286 0.040000
2 0.542143 0.360952 0.075714 0.047619
2 0.545357 0.494762 0.096429 0.067619
0 0.290000 0.227143 0.010000 0.029524
0 0.282857 0.221905 0.007143 0.022857
0 0.294643 0.215238 0.007857 0.024762
2 0.337857 0.234762 0.032857 0.052381
2 0.341071 0.137619 0.047857 0.025714
0 0.446786 0.195714 0.006429 0.027619
0 0.429643 0.207619 0.009286 0.028571
0 0.460714 0.190000 0.007143 0.025714
2 0.432857 0.180000 0.050000 0.032381
2 0.445000 0.152381 0.040000 0.026667
2 0.446786 0.140000 0.043571 0.030476
2 0.455357 0.126667 0.046429 0.026667
2 0.459643 0.107619 0.039286 0.024762
0 0.477857 0.136667 0.007143 0.014286
2 0.389286 0.084762 0.020000 0.028571
2 0.404643 0.061905 0.033571 0.022857
2 0.373929 0.055714 0.019286 0.020000
0 0.485714 0.040476 0.004286 0.018095
0 0.471071 0.042381 0.005000 0.016190
2 0.477500 0.058571 0.026429 0.021905
2 0.479286 0.033810 0.022857 0.018095
2 0.514286 0.041905 0.015714 0.017143
0 0.517143 0.106190 0.007143 0.014286
2 0.549286 0.110952 0.034286 0.023810
2 0.552857 0.081905 0.032857 0.022857
2 0.551786 0.065714 0.033571 0.020952
0 0.552857 0.022381 0.005714 0.014286
2 0.615714 0.090952 0.038571 0.020000
2 0.615000 0.086667 0.037143 0.019048
2 0.630714 0.078095 0.028571 0.019048