2 0.020000 0.100000 0.040000 0.036190
2 0.094286 0.087619 0.055714 0.040000
0 0.186071 0.140000 0.019286 0.024762
0 0.267857 0.139048 0.011429 0.024762
0 0.352500 0.028571 0.005000 0.020952
0 0.365714 0.029048 0.005714 0.025714
0 0.361071 0.090000 0.010714 0.025714
0 0.365714 0.178095 0.010000 0.015238
0 0.358571 0.320952 0.007143 0.022857
0 0.354643 0.351429 0.012143 0.024762
0 0.442143 0.235238 0.010000 0.026667
0 0.478929 0.393333 0.010714 0.017143
2 0.396071 0.901429 0.059286 0.075238
0 0.403571 0.987619 0.015714 0.015238
0 0.417500 0.970000 0.009286 0.021905
0 0.404286 0.947619 0.011429 0.022857
0 0.387500 0.945714 0.013571 0.017143
0 0.437857 0.888571 0.010000 0.024762
0 0.463214 0.878571 0.013571 0.023810
2 0.633571 0.978095 0.042857 0.041905
2 0.546786 0.747143 0.040714 0.120952
2 0.623214 0.693333 0.043571 0.106667
0 0.603929 0.703333 0.010714 0.016190
2 0.636071 0.582381 0.042143 0.105714
0 0.719643 0.607143 0.012143 0.018095
2 0.521429 0.487143 0.032857 0.090476
2 0.610000 0.425714 0.042857 0.099048
2 0.556429 0.325238 0.032857 0.080952
0 0.625714 0.265238 0.008571 0.021905
0 0.635357 0.260952 0.006429 0.026667
2 0.518571 0.128571 0.028571 0.049524
2 0.570714 0.034762 0.051429 0.054286
2 0.647857 0.009524 0.051429 0.019048
0 0.641786 0.160000 0.009286 0.019048
0 0.653929 0.065238 0.007857 0.025714
0 0.701786 0.035238 0.009286 0.015238
0 0.783214 0.020000 0.009286 0.017143