2 0.472500 0.956190 0.020714 0.078095
0 0.510357 0.921905 0.007857 0.013333
0 0.503571 0.878095 0.005714 0.013333
0 0.468571 0.783333 0.007143 0.020000
0 0.468929 0.750476 0.007857 0.017143
0 0.488929 0.747619 0.007857 0.017143
0 0.496786 0.739048 0.007857 0.017143
0 0.489643 0.566190 0.007857 0.012381
2 0.501429 0.472381 0.028571 0.074286
0 0.452500 0.421429 0.009286 0.012381
0 0.450357 0.373810 0.007857 0.010476
0 0.457143 0.373810 0.007143 0.010476
0 0.447500 0.322381 0.007857 0.012381
0 0.438214 0.325714 0.007857 0.013333
2 0.497857 0.286667 0.031429 0.080000
0 0.465357 0.270952 0.007857 0.018095
0 0.479643 0.246667 0.009286 0.013333
0 0.478571 0.244286 0.005714 0.008571
0 0.437857 0.178095 0.010000 0.017143
0 0.373929 0.140476 0.006429 0.014286
0 0.388571 0.154286 0.008571 0.015238
0 0.479643 0.080000 0.006429 0.015238