2 0.354643 0.488579 0.037857 0.058376
2 0.301071 0.357868 0.023571 0.053299
2 0.724643 0.351523 0.037857 0.040609
2 0.403571 0.409898 0.037143 0.050761
2 0.368929 0.540609 0.052143 0.045685
2 0.098214 0.227157 0.015000 0.035533
2 0.653214 0.505711 0.045000 0.049492
2 0.607857 0.541878 0.047143 0.053299
2 0.590000 0.564721 0.045714 0.063452
2 0.683214 0.461929 0.045000 0.035533
2 0.668929 0.486041 0.045000 0.040609
2 0.704643 0.451142 0.045000 0.044416
2 0.295357 0.193528 0.020714 0.031726
2 0.744286 0.426396 0.030000 0.040609
0 0.161071 0.280457 0.006429 0.020305
0 0.163571 0.404822 0.007143 0.022843
0 0.164643 0.534898 0.006429 0.026650
0 0.158214 0.548858 0.007857 0.024112
0 0.163571 0.342640 0.005714 0.022843
0 0.146071 0.275381 0.006429 0.022843
2 0.260714 0.016497 0.027143 0.020305
0 0.159286 0.233503 0.004286 0.017766
0 0.150714 0.223985 0.005714 0.013959
2 0.302857 0.501269 0.055714 0.032995
0 0.471071 0.486041 0.007857 0.032995
0 0.030714 0.069162 0.007143 0.021574
0 0.227500 0.911802 0.010714 0.034264
0 0.678929 0.334391 0.006429 0.024112
0 0.984643 0.492386 0.007857 0.032995
0 0.982143 0.854061 0.012857 0.040609
0 0.986071 0.906726 0.013571 0.029188
0 0.778929 0.725888 0.009286 0.022843
0 0.736786 0.866117 0.015000 0.036802
0 0.704643 0.836294 0.009286 0.035533
0 0.732857 0.793782 0.015714 0.034264
0 0.835357 0.764594 0.010714 0.029188
0 0.858214 0.768401 0.007857 0.021574
0 0.762857 0.688452 0.008571 0.024112
0 0.893571 0.556472 0.007143 0.029188
0 0.907857 0.559010 0.007143 0.026650
0 0.893571 0.522843 0.011429 0.025381
0 0.902143 0.527284 0.008571 0.029188
0 0.915357 0.536802 0.007857 0.022843
0 0.921071 0.542513 0.009286 0.024112
0 0.921429 0.528553 0.007143 0.024112
0 0.995357 0.902919 0.009286 0.036802