2 0.565714 0.148095 0.027143 0.063810
2 0.616429 0.129048 0.028571 0.060000
2 0.666071 0.246667 0.030714 0.072381
2 0.589286 0.542857 0.037143 0.104762
2 0.739286 0.346190 0.040000 0.079048
2 0.680357 0.780476 0.047857 0.136190
2 0.178214 0.537619 0.050714 0.107619
2 0.099286 0.905714 0.075714 0.171429
2 0.059643 0.495238 0.087857 0.045714
2 0.077143 0.448571 0.082857 0.043810
2 0.086071 0.402857 0.085000 0.049524
2 0.019286 0.670952 0.038571 0.050476
0 0.062143 0.603333 0.024286 0.023810
0 0.127857 0.529524 0.020000 0.024762
0 0.111071 0.487143 0.016429 0.029524
0 0.180714 0.362857 0.017143 0.028571
0 0.135357 0.448571 0.020714 0.030476
0 0.127500 0.442857 0.016429 0.028571
2 0.233929 0.273810 0.046429 0.103810
2 0.165000 0.139048 0.071429 0.040000
2 0.144643 0.202381 0.069286 0.040952
2 0.157857 0.168095 0.071429 0.037143
2 0.220000 0.061905 0.044286 0.060952
2 0.129643 0.280000 0.079286 0.053333
2 0.203929 0.013810 0.062143 0.027619
2 0.805357 0.016190 0.052143 0.032381
2 0.948214 0.343333 0.082143 0.042857
2 0.957500 0.379524 0.079286 0.052381
2 0.970000 0.427143 0.060000 0.048571
2 0.976429 0.477143 0.047143 0.055238
2 0.985357 0.537143 0.029286 0.049524
0 0.940357 0.471905 0.016429 0.035238
2 0.861786 0.944762 0.057857 0.104762
2 0.921071 0.745238 0.060714 0.147619
2 0.969286 0.933333 0.057143 0.121905
2 0.943571 0.306667 0.075714 0.038095
2 0.930000 0.264286 0.071429 0.044762
2 0.910714 0.234762 0.072857 0.039048
0 0.783571 0.062857 0.010000 0.032381
2 0.824286 0.067143 0.057143 0.035238
2 0.826786 0.093810 0.057857 0.042857