0 0.397143 0.859048 0.010000 0.015238
0 0.416071 0.854286 0.010714 0.015238
2 0.510000 0.873333 0.041429 0.087619
2 0.472500 0.774762 0.030714 0.092381
0 0.393929 0.654286 0.012143 0.015238
0 0.422143 0.555714 0.010000 0.018095
0 0.343571 0.639524 0.010000 0.012381
0 0.321071 0.595714 0.010714 0.010476
0 0.332143 0.578571 0.014286 0.012381
0 0.357500 0.433810 0.010714 0.010476
0 0.350714 0.389048 0.011429 0.008571
0 0.404643 0.318571 0.009286 0.012381
0 0.488571 0.349048 0.010000 0.010476
0 0.494286 0.423810 0.008571 0.009524
0 0.480000 0.437619 0.010000 0.014286
0 0.355714 0.187619 0.010000 0.015238
0 0.398214 0.191905 0.010714 0.018095
0 0.411786 0.152381 0.012143 0.020952
2 0.479643 0.183810 0.030714 0.091429
0 0.345714 0.109524 0.007143 0.015238
0 0.342500 0.015714 0.007857 0.023810
0 0.354286 0.025714 0.010000 0.019048
0 0.503571 0.100952 0.008571 0.024762
2 0.527857 0.200000 0.057143 0.036190
0 0.507857 0.470000 0.010000 0.014286
0 0.522143 0.462857 0.010000 0.011429
0 0.520714 0.512857 0.012857 0.012381
0 0.526071 0.547143 0.009286 0.010476