2 0.749643 0.607143 0.032143 0.029524
2 0.780357 0.589048 0.029286 0.027619
2 0.662500 0.747619 0.030714 0.051429
2 0.570000 0.474286 0.017143 0.026667
2 0.611071 0.465714 0.029286 0.022857
2 0.662500 0.453810 0.022143 0.025714
2 0.746429 0.478095 0.014286 0.028571
2 0.767143 0.480476 0.015714 0.029524
2 0.821429 0.485238 0.021429 0.031429
2 0.862143 0.484762 0.022857 0.028571
2 0.913929 0.583810 0.033571 0.028571
2 0.918214 0.538095 0.029286 0.024762
2 0.866786 0.418571 0.020714 0.025714
2 0.784643 0.437143 0.022143 0.028571
2 0.796786 0.435238 0.020714 0.026667
2 0.822143 0.424762 0.024286 0.022857
2 0.810714 0.432381 0.022857 0.022857
2 0.515357 0.466190 0.015000 0.031429
2 0.499643 0.467619 0.015000 0.030476
2 0.524286 0.500000 0.017143 0.034286
2 0.967857 0.803810 0.027143 0.053333
0 0.938214 0.624286 0.005000 0.010476
0 0.760357 0.778095 0.005000 0.015238
0 0.768929 0.844286 0.006429 0.010476
0 0.717857 0.566667 0.005714 0.009524
0 0.683214 0.635238 0.005000 0.015238
0 0.566429 0.414762 0.004286 0.008571
0 0.630357 0.418095 0.005000 0.013333
0 0.569286 0.408095 0.004286 0.008571
0 0.661429 0.390476 0.004286 0.013333
0 0.613214 0.405714 0.003571 0.013333
2 0.648929 0.417143 0.029286 0.017143
2 0.647500 0.402381 0.025000 0.014286
2 0.640714 0.394286 0.024286 0.015238
2 0.635357 0.383810 0.023571 0.013333
2 0.628929 0.373810 0.025000 0.016190
2 0.602857 0.338095 0.018571 0.013333
2 0.617500 0.324286 0.020714 0.014286
2 0.583571 0.400476 0.024286 0.014286
2 0.581429 0.389524 0.022857 0.015238
2 0.575714 0.380476 0.024286 0.012381
2 0.573571 0.367619 0.025714 0.013333
2 0.567143 0.356190 0.021429 0.013333
2 0.260714 0.135714 0.008571 0.010476
2 0.240000 0.130952 0.007143 0.012381
2 0.268929 0.135714 0.007857 0.010476
2 0.277857 0.135714 0.007143 0.010476
2 0.284643 0.219048 0.007857 0.013333
2 0.348214 0.090952 0.005000 0.010476
2 0.400357 0.178095 0.007857 0.013333
2 0.461071 0.152381 0.007857 0.009524
2 0.410357 0.059524 0.010714 0.006667
2 0.477857 0.155238 0.005714 0.011429
2 0.350000 0.110000 0.007143 0.008571
0 0.391786 0.248095 0.003571 0.006667
0 0.481429 0.324286 0.002857 0.012381
0 0.310714 0.227619 0.002857 0.009524
2 0.485714 0.248095 0.010000 0.016190
2 0.526071 0.093810 0.012143 0.008571
2 0.543929 0.080000 0.005000 0.009524
2 0.542143 0.092381 0.004286 0.007619
2 0.483929 0.098571 0.006429 0.008571
2 0.471071 0.124286 0.006429 0.008571
2 0.498214 0.122381 0.005000 0.008571
2 0.496429 0.060000 0.005714 0.007619
2 0.493214 0.083810 0.005000 0.005714
2 0.496786 0.070952 0.006429 0.006667
2 0.489643 0.108095 0.005000 0.008571
2 0.527500 0.104762 0.012143 0.007619
2 0.497857 0.138571 0.005714 0.010476
2 0.511429 0.010476 0.004286 0.005714
2 0.409643 0.970952 0.053571 0.039048
2 0.483214 0.400476 0.015000 0.025714
2 0.553929 0.341429 0.017857 0.014286
2 0.493214 0.388095 0.015000 0.023810
0 0.747500 0.426667 0.005000 0.011429
0 0.751786 0.425714 0.005000 0.011429
0 0.589286 0.281429 0.002857 0.008571