2 0.693929 0.447335 0.067857 0.041878
2 0.783929 0.446066 0.062143 0.049492
2 0.467143 0.866751 0.048571 0.104061
2 0.245000 0.629442 0.038571 0.111675
2 0.131071 0.628173 0.029286 0.116751
2 0.178571 0.221447 0.062857 0.052030
2 0.225714 0.115482 0.025714 0.096447
2 0.122500 0.916244 0.029286 0.106599
2 0.171786 0.944162 0.027857 0.081218
2 0.230357 0.925127 0.029286 0.106599
2 0.263929 0.898477 0.029286 0.106599
0 0.367500 0.814721 0.010714 0.022843
0 0.355714 0.805203 0.010000 0.019036
0 0.293214 0.560914 0.009286 0.020305
0 0.648214 0.736041 0.013571 0.022843
0 0.652857 0.718274 0.011429 0.022843
0 0.303929 0.104695 0.013571 0.019036
0 0.989286 0.823604 0.021429 0.017766