2 0.212944 0.411874 0.028184 0.048237
2 0.195720 0.485622 0.042797 0.043599
0 0.180846 0.477737 0.004697 0.020408
0 0.187370 0.475417 0.005219 0.021336
2 0.235386 0.670686 0.046973 0.061224
2 0.275574 0.789889 0.059499 0.065863
2 0.310282 0.907699 0.052714 0.069573
2 0.613257 0.742115 0.053236 0.072356
2 0.625783 0.517625 0.040710 0.040816
2 0.611430 0.489796 0.037056 0.040816
2 0.666493 0.381262 0.036534 0.050093
2 0.606211 0.299165 0.019311 0.038033
2 0.493737 0.022727 0.022965 0.026902
2 0.024269 0.065399 0.033925 0.025046
2 0.022443 0.039425 0.031315 0.025046
2 0.090031 0.128479 0.033925 0.032468
2 0.135177 0.108998 0.032359 0.028757
2 0.212161 0.078386 0.030793 0.026902
2 0.249217 0.062616 0.027662 0.026902
2 0.286273 0.049629 0.029749 0.026902
2 0.945981 0.301948 0.029749 0.036178
2 0.968424 0.282468 0.027662 0.036178