2 0.278929 0.080476 0.057857 0.075238
2 0.261071 0.042857 0.060714 0.074286
0 0.316071 0.124286 0.013571 0.025714
2 0.392500 0.137619 0.029286 0.077143
2 0.393214 0.313810 0.027857 0.094286
0 0.370714 0.321905 0.011429 0.022857
0 0.352500 0.293810 0.010714 0.014286
2 0.275000 0.394286 0.074286 0.041905
2 0.525357 0.015714 0.026429 0.029524
2 0.528214 0.292857 0.027857 0.086667
0 0.524286 0.392381 0.011429 0.022857
2 0.479286 0.478571 0.032857 0.090476
2 0.543214 0.610952 0.037857 0.101905
2 0.278571 0.585238 0.075714 0.046667
0 0.341071 0.641905 0.009286 0.015238
0 0.335357 0.677143 0.013571 0.020952
2 0.274286 0.691429 0.072857 0.038095
2 0.272857 0.746667 0.071429 0.041905
2 0.398929 0.855238 0.029286 0.097143
0 0.216071 0.960000 0.015000 0.017143
0 0.231071 0.945238 0.015000 0.025714
0 0.238929 0.951429 0.015000 0.026667
2 0.483571 0.846190 0.027143 0.098095
2 0.541429 0.840476 0.028571 0.100000
2 0.541429 0.719524 0.028571 0.096190
0 0.447857 0.764762 0.010000 0.020952
2 0.403214 0.967619 0.030714 0.064762
2 0.441786 0.980476 0.027857 0.039048