2 0.417143 0.787437 0.015714 0.046954
2 0.423929 0.982868 0.015000 0.031726
2 0.327500 0.694797 0.020714 0.029188
2 0.441786 0.623731 0.013571 0.036802
2 0.466786 0.497462 0.013571 0.030457
2 0.459286 0.388325 0.012857 0.025381
2 0.516429 0.328046 0.011429 0.024112
2 0.546071 0.273477 0.009286 0.021574
2 0.544643 0.229695 0.009286 0.017766
2 0.534643 0.201777 0.010714 0.017766
2 0.525000 0.189721 0.008571 0.019036
2 0.566786 0.163071 0.009286 0.019036
2 0.547500 0.138959 0.009286 0.013959
2 0.585357 0.119924 0.007857 0.016497
2 0.604643 0.088832 0.009286 0.015228
2 0.616071 0.088198 0.007857 0.013959
2 0.587500 0.073604 0.010714 0.015228
2 0.639643 0.450508 0.009286 0.025381
2 0.649286 0.424492 0.010000 0.021574
2 0.642500 0.383883 0.009286 0.024112
2 0.927857 0.528553 0.022857 0.019036
2 0.931786 0.564086 0.025000 0.031726
2 0.603929 0.154822 0.006429 0.015228
2 0.631429 0.050127 0.008571 0.011421
2 0.526786 0.494924 0.009286 0.017766
2 0.506786 0.482234 0.007857 0.017766
2 0.527857 0.511421 0.007143 0.020305
2 0.516429 0.447335 0.005714 0.019036
2 0.544643 0.361675 0.016429 0.012690
2 0.543929 0.355964 0.017857 0.016497
2 0.544643 0.348985 0.015000 0.012690
2 0.544286 0.376269 0.014286 0.013959
2 0.545714 0.368655 0.020000 0.016497
0 0.507857 0.547589 0.002857 0.011421
0 0.504286 0.548223 0.002857 0.015228
0 0.500000 0.545685 0.002857 0.012690