2 0.954286 0.865714 0.091429 0.188571
2 0.594286 0.644762 0.111429 0.188571
0 0.436071 0.914762 0.039286 0.035238
2 0.732857 0.491905 0.117143 0.147619
2 0.595357 0.431905 0.110714 0.151429
2 0.634643 0.352381 0.087857 0.110476
2 0.425000 0.545714 0.094286 0.165714
2 0.073214 0.163333 0.125000 0.069524
2 0.366071 0.385714 0.083571 0.152381
2 0.310000 0.248571 0.070000 0.114286
2 0.508929 0.164286 0.065000 0.082857
2 0.462500 0.088095 0.060714 0.069524
2 0.277143 0.150476 0.062857 0.091429
2 0.231429 0.184762 0.057143 0.087619
0 0.219643 0.287619 0.019286 0.053333
0 0.191786 0.269048 0.020714 0.046667
0 0.165357 0.276190 0.023571 0.047619
0 0.118571 0.059048 0.017143 0.040000
0 0.134643 0.063810 0.017857 0.051429