0 0.029643 0.900381 0.015000 0.031726
0 0.141786 0.765863 0.016429 0.036802
0 0.309286 0.967005 0.010000 0.032995
0 0.381071 0.884518 0.007857 0.032995
0 0.454286 0.748731 0.007143 0.032995
0 0.518571 0.704315 0.010000 0.030457
0 0.587143 0.625000 0.005714 0.029188
0 0.593214 0.595178 0.009286 0.030457
0 0.542143 0.881345 0.007143 0.024112
0 0.722857 0.948604 0.018571 0.016497
0 0.772500 0.179569 0.006429 0.021574
0 0.780714 0.178934 0.005714 0.020305
0 0.619286 0.290609 0.004286 0.022843
0 0.625357 0.288706 0.005000 0.024112
0 0.650357 0.293782 0.007857 0.024112
0 0.691429 0.244289 0.005714 0.024112
0 0.800714 0.156726 0.005714 0.019036
2 0.774286 0.222716 0.024286 0.029188
2 0.801429 0.201777 0.024286 0.027919
2 0.616786 0.437817 0.043571 0.050761
0 0.472857 0.472081 0.005714 0.035533
0 0.470714 0.460660 0.007143 0.027919
0 0.401429 0.491117 0.005714 0.022843
0 0.007500 0.619924 0.013571 0.034264
0 0.014643 0.619924 0.012143 0.031726
0 0.125714 0.592640 0.007143 0.022843
0 0.135000 0.588832 0.005714 0.017766
0 0.138214 0.586929 0.006429 0.026650
0 0.133571 0.559645 0.005714 0.022843
0 0.141786 0.507614 0.006429 0.020305
0 0.123214 0.514594 0.006429 0.021574
0 0.127857 0.511421 0.007143 0.022843
2 0.192857 0.479695 0.021429 0.048223
0 0.313214 0.163071 0.003571 0.021574
0 0.027143 0.111041 0.005714 0.016497
0 0.034286 0.130076 0.005714 0.016497
0 0.037857 0.123731 0.004286 0.013959
0 0.043929 0.130711 0.003571 0.017766
0 0.101786 0.253173 0.005000 0.021574
0 0.114286 0.242386 0.007143 0.017766
0 0.224286 0.200508 0.004286 0.015228
2 0.249643 0.213198 0.019286 0.035533
2 0.271786 0.156726 0.017857 0.031726