0 0.363214 0.954315 0.007857 0.012690
0 0.375714 0.993020 0.005714 0.008883
2 0.505357 0.097081 0.027857 0.024112
2 0.573571 0.080584 0.017143 0.031726
2 0.613214 0.020939 0.013571 0.029188
2 0.562500 0.278553 0.016429 0.036802
2 0.617143 0.416878 0.017143 0.046954
2 0.522857 0.440990 0.017143 0.044416
2 0.502143 0.442259 0.017143 0.044416
2 0.510357 0.552665 0.019286 0.052030
2 0.553214 0.725888 0.019286 0.063452
2 0.430000 0.795685 0.022857 0.063452
2 0.490714 0.832487 0.022857 0.071066
2 0.662143 0.022208 0.014286 0.031726
2 0.680714 0.019670 0.014286 0.034264
2 0.716429 0.149112 0.028571 0.021574
2 0.730714 0.043147 0.011429 0.030457
0 0.832500 0.011421 0.005000 0.015228
0 0.808571 0.008249 0.004286 0.016497
2 0.954643 0.288706 0.027857 0.034264
2 0.883571 0.343909 0.035714 0.035533
2 0.833214 0.284898 0.029286 0.024112
2 0.836786 0.265228 0.032143 0.035533