2 0.307250 0.368667 0.008500 0.009333
2 0.446000 0.365000 0.003000 0.006000
0 0.446250 0.362667 0.002500 0.008000
0 0.460750 0.800333 0.010500 0.036667
0 0.483750 0.790000 0.011500 0.033333
0 0.065500 0.568333 0.008000 0.018000
0 0.072000 0.570000 0.006000 0.014667
2 0.255250 0.456667 0.016500 0.024000
2 0.312000 0.470000 0.022000 0.020000
2 0.293500 0.489000 0.029000 0.020667
2 0.399750 0.471000 0.021500 0.018000
2 0.429750 0.487667 0.029500 0.020667
2 0.452500 0.467000 0.029000 0.019333
2 0.469500 0.462667 0.025000 0.017333
2 0.620750 0.489000 0.035500 0.019333
2 0.954750 0.543000 0.048500 0.026000
2 0.937250 0.548333 0.050500 0.026000
2 0.716750 0.550667 0.026500 0.025333
2 0.326500 0.616000 0.037000 0.032000
2 0.218000 0.622333 0.052000 0.035333
0 0.342000 0.427333 0.003000 0.010667
0 0.335750 0.432000 0.003500 0.012000
2 0.978250 0.918000 0.043500 0.072000