2 0.845714 0.821905 0.135714 0.198095
2 0.746786 0.550952 0.102143 0.143810
2 0.592143 0.539524 0.087143 0.145714
2 0.673929 0.297619 0.057857 0.096190
2 0.752500 0.228095 0.063571 0.082857
2 0.518929 0.317619 0.046429 0.090476
2 0.471071 0.231429 0.062143 0.091429
2 0.587857 0.232381 0.055714 0.089524
2 0.610000 0.137619 0.052857 0.075238
2 0.432143 0.119048 0.045714 0.066667
2 0.531071 0.096667 0.052143 0.058095
2 0.573571 0.075238 0.052857 0.053333
2 0.458571 0.071429 0.042857 0.055238
2 0.405357 0.060476 0.037857 0.050476
2 0.932500 0.177143 0.083571 0.097143
2 0.787500 0.041429 0.062143 0.077143
2 0.716786 0.057619 0.063571 0.073333
2 0.541429 0.024762 0.045714 0.049524
2 0.576786 0.018571 0.047857 0.037143
2 0.229643 0.366190 0.063571 0.113333
2 0.128571 0.173810 0.102857 0.052381
0 0.877143 0.164286 0.017143 0.031429
0 0.770000 0.469048 0.018571 0.054286
0 0.756071 0.445714 0.016429 0.055238
0 0.769286 0.429048 0.017143 0.054286
0 0.796071 0.482381 0.020714 0.054286
0 0.983214 0.550476 0.032143 0.060952
0 0.068214 0.141905 0.022143 0.049524
2 0.128214 0.549524 0.117857 0.100952
2 0.081071 0.638571 0.129286 0.134286
2 0.101071 0.412381 0.112143 0.099048
2 0.116786 0.337619 0.109286 0.079048
2 0.045000 0.817143 0.084286 0.198095
2 0.139286 0.135238 0.094286 0.051429
2 0.129286 0.108571 0.092857 0.043810
2 0.133214 0.080952 0.080714 0.043810
2 0.131429 0.051905 0.080000 0.048571