2 0.160000 0.328046 0.015714 0.021574
2 0.143929 0.348350 0.016429 0.021574
2 0.091786 0.405457 0.019286 0.026650
2 0.157143 0.407995 0.018571 0.021574
2 0.147500 0.466371 0.023571 0.034264
2 0.242500 0.437817 0.020714 0.017766
2 0.285000 0.397843 0.022857 0.021574
2 0.342857 0.391497 0.027143 0.021574
2 0.343214 0.409898 0.023571 0.017766
2 0.342143 0.427665 0.018571 0.020305
2 0.208571 0.692893 0.022857 0.032995
2 0.240357 0.730330 0.025000 0.036802
2 0.200000 0.601523 0.025714 0.025381
2 0.327500 0.654188 0.023571 0.026650
2 0.517143 0.970178 0.011429 0.052030
2 0.495714 0.894036 0.011429 0.049492
0 0.475357 0.823604 0.003571 0.010152
0 0.471786 0.823604 0.002143 0.007614
2 0.516071 0.837563 0.012143 0.045685
2 0.495357 0.796954 0.010714 0.045685
2 0.496071 0.746827 0.010714 0.041878
0 0.470714 0.795685 0.002857 0.012690
2 0.633571 0.912437 0.012857 0.040609
0 0.663214 0.920051 0.005000 0.012690
0 0.664286 0.930838 0.004286 0.011421
0 0.668214 0.936548 0.003571 0.007614
0 0.483929 0.581218 0.003571 0.010152
0 0.485357 0.557741 0.002143 0.011421
2 0.498929 0.695431 0.010714 0.038071
2 0.597500 0.659898 0.012143 0.040609
2 0.500000 0.647208 0.010000 0.038071
2 0.516429 0.614213 0.010000 0.035533
2 0.501429 0.600254 0.010000 0.035533
2 0.512143 0.469543 0.010000 0.025381
2 0.529286 0.471447 0.010000 0.031726
2 0.497143 0.388959 0.012857 0.026650
0 0.477500 0.215102 0.002143 0.011421
2 0.506071 0.358503 0.010714 0.026650
2 0.511786 0.332487 0.010714 0.022843
2 0.537857 0.375635 0.008571 0.025381
2 0.528929 0.348985 0.009286 0.020305
2 0.533929 0.315990 0.009286 0.022843
2 0.543571 0.332487 0.008571 0.022843
2 0.565000 0.296320 0.008571 0.026650
2 0.585000 0.286168 0.008571 0.024112
2 0.553929 0.266497 0.009286 0.020305
2 0.593929 0.173858 0.007857 0.022843
0 0.494643 0.148477 0.002143 0.010152
0 0.500714 0.191624 0.002857 0.010152
2 0.555000 0.161168 0.011429 0.020305
2 0.588571 0.131980 0.008571 0.020305