0 0.425500 0.984000 0.017000 0.032000
0 0.416500 0.981333 0.022000 0.037333
0 0.432250 0.807333 0.016500 0.040000
0 0.424750 0.800667 0.010500 0.025333
0 0.404500 0.679667 0.014000 0.024667
0 0.396500 0.653667 0.013000 0.034000
0 0.420000 0.684000 0.012000 0.020000
0 0.435500 0.674667 0.014000 0.030667
0 0.436250 0.651667 0.010500 0.028667
0 0.429000 0.643333 0.009000 0.034667
0 0.444750 0.581000 0.009500 0.028667
0 0.822500 0.916667 0.025000 0.052000
2 0.885500 0.923000 0.136000 0.114000
2 0.825500 0.817333 0.111000 0.069333
2 0.965500 0.802667 0.069000 0.062667
0 0.795500 0.696333 0.012000 0.028667
0 0.763500 0.643000 0.009000 0.028667
0 0.756250 0.644333 0.009500 0.028667
2 0.627500 0.788000 0.015000 0.042667
2 0.650750 0.625667 0.041500 0.060667
0 0.552500 0.682333 0.019000 0.027333
0 0.574250 0.673000 0.013500 0.026000
0 0.508500 0.560667 0.008000 0.024000
0 0.467500 0.571667 0.011000 0.026000
0 0.427750 0.540667 0.008500 0.016000
0 0.629500 0.411667 0.035000 0.020667
2 0.319500 0.431667 0.038000 0.019333
2 0.330500 0.425333 0.038000 0.018667
2 0.284250 0.441667 0.031500 0.022000