2 0.532857 0.099048 0.005714 0.007619
2 0.535357 0.110952 0.005000 0.008571
2 0.487143 0.135714 0.007143 0.008571
2 0.499286 0.193333 0.007143 0.013333
0 0.724286 0.700476 0.008571 0.027619
2 0.775000 0.627619 0.035714 0.053333
2 0.752857 0.572381 0.028571 0.047619
0 0.421786 0.847143 0.007857 0.018095
0 0.468929 0.286667 0.005000 0.011429
0 0.158214 0.201429 0.005000 0.014286
0 0.189286 0.180000 0.002857 0.007619
0 0.217500 0.209524 0.003571 0.007619
0 0.206786 0.206190 0.003571 0.010476
0 0.194286 0.196667 0.004286 0.010476
0 0.165714 0.189524 0.002857 0.007619