2 0.053929 0.359048 0.033571 0.038095
2 0.190714 0.624762 0.055714 0.081905
2 0.149643 0.545238 0.047857 0.063810
2 0.335000 0.653810 0.085714 0.100000
2 0.265357 0.448095 0.053571 0.054286
2 0.296071 0.430000 0.043571 0.046667
2 0.612500 0.430000 0.043571 0.052381
2 0.585000 0.410000 0.042857 0.042857
2 0.552500 0.389048 0.043571 0.042857
2 0.527500 0.368571 0.040714 0.038095
2 0.120714 0.491429 0.034286 0.057143
2 0.099286 0.447619 0.034286 0.049524
2 0.265357 0.562857 0.077857 0.074286
2 0.436429 0.341905 0.048571 0.040000
2 0.500714 0.358095 0.034286 0.043810
2 0.654643 0.462381 0.040714 0.054286
2 0.411786 0.352381 0.042143 0.043810
0 0.539643 0.692381 0.012143 0.022857
2 0.877143 0.011429 0.022857 0.013333