2 0.175500 0.595667 0.198000 0.184667
0 0.244500 0.647000 0.032000 0.100667
0 0.253250 0.623000 0.040500 0.091333
0 0.303500 0.582333 0.037000 0.094000
2 0.735000 0.586667 0.220000 0.144000
0 0.646750 0.702667 0.037500 0.088000
2 0.867250 0.315333 0.108500 0.137333
2 0.946000 0.586333 0.108000 0.132667
2 0.551000 0.302000 0.080000 0.142667
2 0.365000 0.295333 0.086000 0.138667
0 0.570500 0.049333 0.018000 0.057333
0 0.189000 0.037333 0.020000 0.050667
0 0.259500 0.033000 0.022000 0.051333
0 0.311750 0.013667 0.018500 0.027333