2 0.070000 0.534762 0.058571 0.033333
2 0.278929 0.514762 0.056429 0.033333
2 0.523571 0.497619 0.051429 0.046667
2 0.600714 0.462857 0.055714 0.036190
2 0.708214 0.459048 0.053571 0.034286
2 0.818929 0.444286 0.052143 0.033333
2 0.941071 0.482857 0.050714 0.030476
2 0.426429 0.875238 0.024286 0.066667
2 0.470000 0.803333 0.025714 0.073333
2 0.537500 0.756190 0.023571 0.070476
0 0.436429 0.635238 0.010000 0.013333
0 0.495000 0.664762 0.007143 0.015238
0 0.449286 0.618095 0.008571 0.015238
0 0.484286 0.627143 0.007143 0.014286
0 0.420714 0.649048 0.008571 0.012381
0 0.648929 0.527619 0.010714 0.013333
0 0.813214 0.517143 0.010714 0.011429
0 0.845714 0.475238 0.010000 0.009524
0 0.626429 0.410476 0.010000 0.015238
0 0.512143 0.230000 0.008571 0.012381
0 0.693214 0.513333 0.006429 0.009524
0 0.430000 0.148571 0.005714 0.011429
0 0.779286 0.330000 0.014286 0.010476
0 0.787500 0.337619 0.013571 0.012381
0 0.784286 0.347143 0.015714 0.008571
0 0.786429 0.355238 0.012857 0.009524
0 0.780000 0.363810 0.014286 0.009524