2 0.326429 0.285238 0.020000 0.021905
2 0.054286 0.092857 0.018571 0.012381
2 0.237500 0.544286 0.023571 0.054286
0 0.332857 0.382381 0.005714 0.010476
0 0.668929 0.855714 0.012143 0.016190
0 0.476429 0.160476 0.002857 0.006667
0 0.410000 0.055238 0.002857 0.005714
0 0.628214 0.451429 0.005000 0.017143
0 0.621786 0.553810 0.006429 0.012381
2 0.986429 0.810476 0.027143 0.040000
2 0.741786 0.751905 0.053571 0.058095
2 0.910714 0.606190 0.052857 0.037143
2 0.792857 0.424286 0.037143 0.035238
2 0.828929 0.405238 0.037857 0.031429
2 0.755714 0.555238 0.032857 0.043810
2 0.865714 0.551429 0.041429 0.036190
2 0.720357 0.558571 0.033571 0.040952
2 0.740000 0.450476 0.034286 0.034286
0 0.748571 0.625238 0.010000 0.020000
0 0.608214 0.315714 0.005000 0.010476
2 0.585357 0.302857 0.029286 0.019048
2 0.650714 0.246190 0.027143 0.016190
2 0.749643 0.251905 0.022143 0.018095
2 0.682143 0.286667 0.025714 0.020952
2 0.766786 0.267619 0.026429 0.017143
2 0.721071 0.293333 0.026429 0.013333
2 0.699643 0.240476 0.019286 0.012381
2 0.678929 0.304286 0.025000 0.021905
2 0.567143 0.221905 0.008571 0.015238
2 0.561786 0.163333 0.013571 0.016190
2 0.574643 0.161905 0.012143 0.013333
2 0.519286 0.082381 0.011429 0.006667
2 0.436786 0.072857 0.015000 0.006667
2 0.458929 0.074286 0.007857 0.007619
2 0.425357 0.060952 0.005000 0.007619
2 0.434643 0.060476 0.006429 0.006667
2 0.429286 0.048571 0.007143 0.007619
2 0.443571 0.028571 0.012857 0.005714
2 0.443929 0.055714 0.013571 0.006667
2 0.387500 0.011905 0.007857 0.006667