2 0.064643 0.663810 0.023571 0.017143
2 0.068214 0.675238 0.023571 0.017143
2 0.076071 0.686190 0.026429 0.023810
2 0.084286 0.697143 0.022857 0.024762
2 0.091786 0.708095 0.019286 0.020000
2 0.096786 0.720000 0.022143 0.024762
2 0.108929 0.731905 0.025000 0.021905
2 0.111071 0.745238 0.023571 0.023810
2 0.179286 0.858095 0.025714 0.024762
2 0.186429 0.875238 0.027143 0.032381
2 0.193214 0.884762 0.023571 0.028571
2 0.206071 0.897143 0.026429 0.032381
2 0.211071 0.909048 0.025000 0.033333
2 0.221071 0.930000 0.025000 0.027619
2 0.228214 0.942381 0.022143 0.033333
2 0.168214 0.587619 0.015000 0.022857
2 0.442500 0.710000 0.017857 0.021905
2 0.451071 0.700952 0.017857 0.022857
2 0.457857 0.690476 0.015714 0.020952
2 0.466429 0.676667 0.018571 0.023810
2 0.475714 0.668095 0.015714 0.023810
2 0.482857 0.656190 0.017143 0.022857
2 0.490714 0.647143 0.018571 0.021905
2 0.498571 0.640000 0.018571 0.024762
2 0.585357 0.630952 0.017857 0.018095
2 0.387500 0.448095 0.009286 0.018095
2 0.373571 0.460952 0.012857 0.015238
2 0.329643 0.388571 0.007857 0.019048
2 0.356429 0.171429 0.005714 0.011429
2 0.368929 0.180000 0.005000 0.009524
2 0.352857 0.152381 0.005714 0.009524
2 0.367500 0.142857 0.003571 0.007619
2 0.361429 0.095238 0.004286 0.009524