2 0.285714 0.063333 0.015714 0.037143
2 0.385714 0.160952 0.014286 0.038095
2 0.391429 0.217619 0.014286 0.035238
2 0.395000 0.262857 0.012857 0.036190
0 0.460714 0.680952 0.004286 0.007619
0 0.464286 0.679524 0.002857 0.004762
0 0.520357 0.753333 0.005000 0.005714
0 0.529286 0.773810 0.004286 0.008571
2 0.595714 0.188571 0.015714 0.038095
2 0.609286 0.409524 0.012857 0.034286
2 0.606786 0.842381 0.016429 0.035238
2 0.630357 0.850000 0.013571 0.037143
2 0.649286 0.858095 0.014286 0.034286
2 0.573214 0.692857 0.013571 0.037143
2 0.660000 0.735714 0.012857 0.037143
2 0.681429 0.765238 0.014286 0.037143
2 0.728571 0.801429 0.025714 0.016190
2 0.722857 0.839048 0.025714 0.019048