2 0.066429 0.048858 0.037143 0.049492
2 0.014286 0.220178 0.028571 0.029188
2 0.123571 0.224619 0.040000 0.027919
2 0.064643 0.224619 0.036429 0.027919
2 0.042857 0.254442 0.044286 0.034264
2 0.035357 0.331218 0.042143 0.027919
2 0.124643 0.296320 0.040714 0.026650
2 0.183571 0.294416 0.041429 0.027919
2 0.180000 0.329315 0.041429 0.029188
0 0.202500 0.041878 0.006429 0.017766
0 0.207500 0.027919 0.006429 0.017766
0 0.225357 0.022843 0.007857 0.017766
0 0.234286 0.022843 0.005714 0.017766
0 0.235000 0.043147 0.007143 0.017766
2 0.273571 0.906091 0.020000 0.078680
2 0.279643 0.804569 0.020714 0.073604
2 0.260714 0.696701 0.028571 0.063452
2 0.308929 0.703046 0.017857 0.073604
2 0.300000 0.935279 0.021429 0.073604
0 0.332857 0.017766 0.005714 0.017766
0 0.320357 0.046320 0.005000 0.019036
0 0.337857 0.053299 0.005714 0.020305
0 0.327500 0.074873 0.005000 0.017766
0 0.320714 0.078046 0.004286 0.011421
0 0.320357 0.075508 0.003571 0.016497
0 0.482500 0.752538 0.007857 0.015228
0 0.483929 0.989213 0.007857 0.016497
0 0.481071 0.662437 0.006429 0.012690
0 0.477857 0.641497 0.007143 0.013959
0 0.557857 0.619924 0.005714 0.013959
2 0.682143 0.051396 0.017143 0.044416
0 0.626429 0.566624 0.008571 0.011421
0 0.607143 0.581218 0.007143 0.007614
0 0.630357 0.612310 0.006429 0.008883
0 0.625357 0.642766 0.007857 0.013959
0 0.632500 0.636421 0.005000 0.011421
0 0.635357 0.664975 0.005000 0.012690
0 0.628571 0.657360 0.007143 0.015228
0 0.675000 0.729061 0.005714 0.011421
2 0.699643 0.053299 0.016429 0.045685
0 0.751429 0.113579 0.005714 0.019036
0 0.743929 0.107234 0.005000 0.013959
2 0.846429 0.051396 0.018571 0.052030
0 0.851071 0.031726 0.005000 0.012690
2 0.878571 0.053299 0.020000 0.048223
2 0.990357 0.045685 0.019286 0.048223