2 0.474750 0.840000 0.075500 0.212000
0 0.552000 0.576667 0.010000 0.038667
0 0.564750 0.563333 0.012500 0.053333
0 0.544500 0.555000 0.018000 0.056667
2 0.577500 0.521667 0.052000 0.074000
2 0.570500 0.375000 0.040000 0.050000
2 0.473000 0.311667 0.025000 0.036667
0 0.476250 0.396667 0.013500 0.037333
0 0.496250 0.375667 0.010500 0.031333
0 0.534500 0.383333 0.013000 0.033333
0 0.571250 0.354667 0.010500 0.036000
0 0.519500 0.258333 0.004000 0.016667
2 0.474500 0.239333 0.013000 0.016000
2 0.517000 0.231333 0.013000 0.016000
0 0.499250 0.230333 0.005500 0.018000
0 0.504750 0.230667 0.003500 0.016000
2 0.474000 0.213667 0.012000 0.018000
2 0.477250 0.208333 0.009500 0.014000
2 0.477000 0.198000 0.011000 0.014667
2 0.501750 0.209667 0.010500 0.014000
2 0.524500 0.212333 0.013000 0.016667
2 0.537750 0.211333 0.013500 0.014667
2 0.531500 0.198333 0.010000 0.011333
2 0.503750 0.199000 0.009500 0.011333
2 0.518000 0.197667 0.010000 0.012667
2 0.461750 0.200000 0.010500 0.012000
0 0.633750 0.654333 0.022500 0.068667
2 0.448250 0.274667 0.047500 0.021333
2 0.435250 0.380333 0.057500 0.038000