0 0.644286 0.777284 0.004286 0.019036
0 0.607500 0.864213 0.005000 0.017766
0 0.565714 0.722081 0.004286 0.015228
2 0.477500 0.703046 0.012143 0.022843
2 0.461429 0.704949 0.011429 0.024112
2 0.467500 0.653553 0.010714 0.022843
2 0.452500 0.638959 0.009286 0.016497
2 0.518929 0.625000 0.010714 0.021574
2 0.455000 0.570431 0.010000 0.021574
2 0.466429 0.561548 0.011429 0.021574
2 0.504643 0.554569 0.009286 0.020305
2 0.495000 0.512690 0.008571 0.017766
2 0.437143 0.503807 0.008571 0.017766
2 0.444643 0.487310 0.007857 0.017766
2 0.442143 0.471447 0.007143 0.013959
2 0.438929 0.446066 0.006429 0.013959
2 0.428571 0.450508 0.007143 0.015228
2 0.411786 0.392132 0.007857 0.012690
2 0.421786 0.383883 0.006429 0.013959
2 0.451786 0.390228 0.007857 0.013959
2 0.453929 0.362310 0.006429 0.013959
2 0.419286 0.361041 0.005714 0.011421
2 0.418571 0.351523 0.007143 0.010152
2 0.417143 0.341371 0.005714 0.010152
2 0.480714 0.321701 0.008571 0.008883
2 0.424286 0.309010 0.007143 0.011421
2 0.429643 0.300127 0.005000 0.011421
2 0.435714 0.293147 0.005714 0.012690
2 0.441071 0.284898 0.005000 0.011421
2 0.434286 0.281726 0.005714 0.010152
2 0.446071 0.280457 0.005000 0.010152
2 0.439286 0.274746 0.005714 0.011421
2 0.432143 0.268401 0.005714 0.008883
2 0.438214 0.268401 0.005000 0.011421
2 0.436786 0.258249 0.006429 0.013959
2 0.430000 0.255076 0.005714 0.010152
2 0.428929 0.249365 0.006429 0.011421
2 0.426786 0.229061 0.005000 0.008883
2 0.407500 0.282995 0.005000 0.010152
2 0.380357 0.324873 0.012143 0.010152
2 0.380000 0.315355 0.011429 0.008883
2 0.380000 0.309645 0.011429 0.007614
2 0.362500 0.319162 0.009286 0.011421
2 0.367500 0.316624 0.009286 0.011421
2 0.363214 0.312183 0.010714 0.010152
2 0.353929 0.308376 0.009286 0.010152
2 0.401071 0.225888 0.005000 0.007614
2 0.407857 0.194797 0.004286 0.008883
2 0.398571 0.191624 0.004286 0.007614
2 0.406786 0.184010 0.003571 0.007614
2 0.397143 0.182741 0.004286 0.007614