2 0.446071 0.428571 0.010714 0.020952
2 0.429643 0.355714 0.007857 0.012381
2 0.443571 0.259524 0.004286 0.006667
2 0.441071 0.248095 0.003571 0.006667
2 0.388929 0.210476 0.002143 0.003810
2 0.413929 0.266190 0.005000 0.006667
2 0.418929 0.316667 0.007857 0.010476
2 0.399643 0.222857 0.002143 0.003810
2 0.381071 0.197619 0.002143 0.002857
0 0.412500 0.335714 0.002143 0.006667
2 0.498929 0.616190 0.019286 0.040000
0 0.640714 0.603333 0.005714 0.020000
2 0.220714 0.461905 0.030000 0.017143
2 0.229286 0.469524 0.022857 0.017143
2 0.285357 0.395238 0.020714 0.013333
2 0.284643 0.390000 0.019286 0.008571
2 0.288214 0.383333 0.019286 0.010476
2 0.290357 0.377143 0.020714 0.011429
0 0.281786 0.452381 0.005000 0.011429
0 0.278929 0.460000 0.003571 0.013333
0 0.252143 0.466190 0.002857 0.012381