0 0.050000 0.328046 0.004286 0.013959
2 0.062500 0.381980 0.015000 0.020305
2 0.139286 0.563452 0.024286 0.022843
2 0.101429 0.586929 0.027143 0.024112
2 0.218214 0.520939 0.026429 0.019036
2 0.264286 0.460660 0.017143 0.012690
2 0.395714 0.427030 0.021429 0.019036
2 0.422500 0.411802 0.019286 0.019036
2 0.377500 0.499365 0.022143 0.024112
2 0.392500 0.018401 0.006429 0.013959
2 0.379643 0.020305 0.006429 0.010152
2 0.413929 0.184010 0.009286 0.017766
2 0.475357 0.298858 0.013571 0.024112
2 0.510357 0.391497 0.015000 0.031726
2 0.575357 0.692259 0.020714 0.041878
2 0.606786 0.647843 0.022143 0.049492
2 0.533214 0.319162 0.017857 0.019036
2 0.569286 0.321701 0.015714 0.013959
2 0.548214 0.333122 0.016429 0.016497
2 0.530000 0.343909 0.017143 0.017766
2 0.572143 0.294416 0.015714 0.015228
2 0.602500 0.288071 0.012143 0.015228
2 0.594643 0.282995 0.015000 0.015228
2 0.613571 0.179569 0.014286 0.019036
2 0.667143 0.225888 0.012857 0.015228
2 0.485357 0.082487 0.012143 0.017766
2 0.512143 0.194162 0.007143 0.010152
2 0.697857 0.263325 0.014286 0.019036
2 0.715000 0.265863 0.017143 0.024112
2 0.735357 0.299492 0.012143 0.017766
2 0.770000 0.317259 0.018571 0.025381
2 0.810357 0.368655 0.019286 0.024112
2 0.770714 0.378807 0.020000 0.021574
2 0.793214 0.388325 0.020714 0.022843
2 0.871071 0.497462 0.023571 0.025381
2 0.742500 0.381345 0.017857 0.019036
2 0.751786 0.345812 0.019286 0.019036
2 0.752857 0.356599 0.011429 0.020305
2 0.853214 0.444797 0.020714 0.024112
2 0.861786 0.429569 0.020714 0.029188
2 0.917857 0.557107 0.027143 0.030457
2 0.973929 0.563452 0.026429 0.030457
2 0.873214 0.073604 0.010714 0.010152
2 0.883571 0.069162 0.011429 0.011421
2 0.887500 0.065355 0.012143 0.011421
2 0.895000 0.062183 0.007143 0.010152
2 0.621429 0.047589 0.005714 0.013959
2 0.451071 0.049492 0.009286 0.012690
0 0.335357 0.140228 0.002143 0.008883
0 0.326071 0.143401 0.003571 0.007614
0 0.319643 0.147843 0.003571 0.008883
0 0.314643 0.145305 0.003571 0.008883
0 0.321786 0.137056 0.002143 0.010152
0 0.318214 0.137056 0.003571 0.005076
0 0.253571 0.730330 0.004286 0.016497
0 0.461071 0.600254 0.003571 0.012690
0 0.543214 0.238579 0.003571 0.010152
2 0.607500 0.075508 0.027857 0.021574
0 0.606429 0.223985 0.002857 0.011421
0 0.610357 0.207487 0.002143 0.008883
0 0.616786 0.213832 0.003571 0.008883
0 0.591429 0.227792 0.001429 0.008883
0 0.596786 0.219543 0.002143 0.005076
0 0.807143 0.321066 0.004286 0.012690
0 0.794643 0.270939 0.002143 0.011421
0 0.799643 0.265863 0.002143 0.008883
0 0.783571 0.291244 0.002857 0.008883
0 0.779286 0.290609 0.002857 0.007614
0 0.804286 0.267766 0.002857 0.010152
0 0.856786 0.358503 0.002143 0.011421
0 0.967143 0.455584 0.004286 0.012690
0 0.686429 0.426396 0.001429 0.010152
0 0.688214 0.431472 0.002143 0.010152