0 0.097338 0.494434 0.015136 0.031540
0 0.069937 0.610853 0.016701 0.036178
0 0.125522 0.684137 0.017223 0.034323
2 0.271399 0.590445 0.043841 0.108534
0 0.042015 0.839981 0.022443 0.032468
0 0.328810 0.771336 0.013570 0.026902
0 0.505741 0.780148 0.012526 0.035250
0 0.515658 0.784787 0.009395 0.033395
2 0.090814 0.939239 0.104384 0.084416
2 0.750000 0.957792 0.092902 0.082560
0 0.790971 0.732375 0.016180 0.036178
0 0.659186 0.736085 0.010438 0.034323
0 0.549322 0.679963 0.014092 0.031540
0 0.539927 0.575139 0.008873 0.022263
0 0.506524 0.594156 0.009916 0.026902
0 0.483559 0.596011 0.008873 0.025046
0 0.540188 0.550093 0.008351 0.031540
0 0.533142 0.547774 0.009916 0.030612
0 0.501827 0.019944 0.007829 0.013915
0 0.519572 0.073284 0.005741 0.018553
0 0.693633 0.496289 0.012526 0.033395