2 0.042500 0.704949 0.036429 0.079949
2 0.170000 0.777284 0.032857 0.077411
2 0.007857 0.512690 0.015714 0.076142
2 0.591786 0.057107 0.013571 0.032995
2 0.534286 0.217640 0.014286 0.041878
2 0.609643 0.198604 0.016429 0.041878
2 0.531071 0.394670 0.017857 0.063452
2 0.533214 0.461929 0.019286 0.055838
2 0.572857 0.423858 0.020000 0.068528
2 0.533214 0.336294 0.017857 0.050761
2 0.627500 0.094543 0.025000 0.029188
0 0.369286 0.439721 0.010000 0.024112
0 0.222857 0.204949 0.008571 0.024112
0 0.229643 0.200508 0.007857 0.025381
0 0.346429 0.109137 0.005714 0.017766
0 0.163571 0.255711 0.008571 0.026650
0 0.625714 0.182107 0.004286 0.024112
0 0.632143 0.029188 0.004286 0.020305
0 0.612500 0.017766 0.003571 0.017766
0 0.613214 0.013959 0.005000 0.022843
0 0.521071 0.018401 0.003571 0.013959
0 0.426429 0.045051 0.005714 0.016497