2 0.416429 0.530457 0.018571 0.017766
2 0.170714 0.574873 0.022857 0.015228
2 0.141071 0.607234 0.025000 0.019036
2 0.098929 0.652919 0.022143 0.019036
2 0.312857 0.817893 0.020000 0.031726
2 0.303929 0.833756 0.019286 0.027919
2 0.302500 0.857234 0.017857 0.029188
2 0.457857 0.786168 0.017143 0.026650
2 0.480357 0.789975 0.016429 0.026650
2 0.497857 0.782995 0.017143 0.027919
2 0.608929 0.586294 0.020714 0.017766
2 0.645357 0.555838 0.020714 0.017766
2 0.535000 0.534898 0.020000 0.016497
2 0.523571 0.572335 0.021429 0.017766
0 0.470000 0.548223 0.004286 0.010152
2 0.663929 0.487944 0.020714 0.013959
2 0.675714 0.513959 0.022857 0.017766
2 0.753929 0.562183 0.022143 0.017766
2 0.792500 0.561548 0.020714 0.013959
0 0.927143 0.683376 0.005714 0.006345
2 0.838929 0.453046 0.022143 0.020305
2 0.875000 0.520305 0.022857 0.017766
2 0.904643 0.484137 0.023571 0.016497
2 0.926786 0.435279 0.022143 0.017766
2 0.938571 0.541244 0.024286 0.019036
2 0.850714 0.571701 0.022857 0.013959
2 0.882143 0.571066 0.020000 0.012690
2 0.983571 0.540609 0.024286 0.015228
0 0.922857 0.780457 0.005714 0.010152
0 0.917143 0.573604 0.004286 0.005076
0 0.858214 0.550127 0.005000 0.006345