2 0.105000 0.548095 0.031429 0.054286
2 0.182857 0.380000 0.044286 0.024762
2 0.188929 0.351429 0.037857 0.024762
2 0.202500 0.327143 0.040714 0.021905
0 0.108214 0.405714 0.013571 0.011429
2 0.249643 0.285238 0.017857 0.035238
2 0.212500 0.279524 0.036429 0.025714
2 0.221071 0.256190 0.036429 0.019048
2 0.227143 0.237619 0.034286 0.016190
2 0.237857 0.224286 0.034286 0.020000
2 0.242857 0.064762 0.024286 0.017143
2 0.247143 0.055238 0.024286 0.015238
0 0.268571 0.252857 0.005714 0.014286
0 0.272143 0.250952 0.007143 0.016190
2 0.460000 0.393810 0.018571 0.042857
2 0.551429 0.160000 0.024286 0.028571
2 0.457500 0.114286 0.012143 0.024762
2 0.476071 0.075714 0.010714 0.020000
2 0.478929 0.028571 0.010714 0.017143
2 0.479286 0.009048 0.010000 0.018095
0 0.582857 0.047619 0.002857 0.013333
0 0.571786 0.053333 0.002143 0.009524
2 0.603571 0.067619 0.021429 0.015238
2 0.726429 0.214286 0.015714 0.032381
0 0.786071 0.367619 0.006429 0.019048
0 0.857857 0.342381 0.008571 0.018095
2 0.866786 0.411429 0.029286 0.045714
2 0.890357 0.469048 0.033571 0.054286
2 0.818214 0.462381 0.027857 0.050476
2 0.917500 0.760000 0.040714 0.066667
2 0.891429 0.673810 0.038571 0.067619
2 0.975000 0.667619 0.045714 0.066667
2 0.942857 0.597619 0.040000 0.061905
2 0.866071 0.598571 0.036429 0.063810
2 0.840000 0.530476 0.031429 0.055238
2 0.857500 0.227619 0.013571 0.032381
2 0.100357 0.964762 0.050714 0.070476