2 0.099643 0.046667 0.017857 0.009524
2 0.182857 0.034762 0.004286 0.008571
2 0.305357 0.151429 0.010714 0.015238
2 0.322143 0.132381 0.012857 0.013333
0 0.370714 0.161429 0.002857 0.008571
0 0.321429 0.793810 0.010000 0.021905
0 0.442500 0.736190 0.007857 0.019048
0 0.569643 0.252381 0.003571 0.013333
0 0.577500 0.239524 0.003571 0.014286
0 0.567143 0.225238 0.004286 0.010476
0 0.556786 0.226667 0.003571 0.011429
0 0.601071 0.275714 0.003571 0.016190
0 0.645714 0.402857 0.005714 0.015238
2 0.630000 0.323810 0.030000 0.022857
2 0.641786 0.265714 0.017857 0.019048
2 0.620357 0.264762 0.017857 0.017143
2 0.637500 0.224762 0.022143 0.017143
2 0.609286 0.150476 0.017143 0.011429
2 0.620357 0.140000 0.016429 0.011429
2 0.588571 0.130476 0.020000 0.011429
0 0.515000 0.195714 0.002857 0.008571
2 0.540714 0.160000 0.020000 0.013333
2 0.627857 0.125238 0.018571 0.012381
2 0.527500 0.118095 0.006429 0.009524
0 0.535357 0.194286 0.003571 0.009524
0 0.821071 0.833810 0.013571 0.014286
2 0.972143 0.701905 0.054286 0.034286
2 0.985714 0.735238 0.028571 0.040000
2 0.981429 0.561905 0.037143 0.034286
2 0.985357 0.508095 0.029286 0.031429
2 0.865714 0.658571 0.054286 0.063810
2 0.902857 0.657143 0.055714 0.064762
2 0.953571 0.664762 0.057143 0.032381
2 0.931786 0.629524 0.056429 0.030476
2 0.970000 0.541429 0.050000 0.031429
2 0.978571 0.486190 0.042857 0.023810
2 0.962500 0.467619 0.045000 0.026667
2 0.936071 0.495238 0.049286 0.032381
2 0.918571 0.474286 0.047143 0.028571
2 0.893571 0.407619 0.034286 0.036190
2 0.876786 0.409524 0.032143 0.040000
2 0.852857 0.499048 0.041429 0.045714
2 0.883929 0.540000 0.040714 0.051429
2 0.953214 0.518095 0.047857 0.028571
2 0.861071 0.544286 0.040714 0.054286
2 0.828571 0.499048 0.038571 0.043810
2 0.836429 0.413810 0.030000 0.037143
2 0.774643 0.416667 0.023571 0.037143
2 0.758571 0.422381 0.018571 0.033333
2 0.848214 0.353333 0.032143 0.034286
2 0.872500 0.356667 0.030714 0.029524
2 0.888929 0.354286 0.029286 0.024762
2 0.908214 0.354762 0.029286 0.029524
2 0.963214 0.346667 0.022143 0.017143
2 0.942500 0.350952 0.030714 0.029524
2 0.727500 0.280476 0.029286 0.018095
2 0.698929 0.204762 0.022143 0.017143
2 0.704643 0.260476 0.020714 0.016190
2 0.673571 0.212857 0.021429 0.016190
2 0.687500 0.187619 0.020714 0.020952
2 0.667143 0.137619 0.010000 0.010476
2 0.533214 0.083810 0.007857 0.009524
2 0.522857 0.084762 0.008571 0.011429
2 0.437857 0.029048 0.005714 0.006667
2 0.407143 0.020000 0.007143 0.007619
2 0.410357 0.010952 0.005000 0.008571
0 0.512857 0.090476 0.002857 0.007619
2 0.487143 0.034286 0.008571 0.007619
2 0.415000 0.020000 0.005714 0.003810
2 0.428214 0.030476 0.007857 0.007619