2 0.509643 0.803299 0.023571 0.076142
2 0.507143 0.671954 0.038571 0.059645
2 0.421429 0.555838 0.034286 0.045685
2 0.371429 0.536802 0.040000 0.030457
2 0.513214 0.526015 0.016429 0.057107
2 0.436786 0.385787 0.016429 0.043147
2 0.433571 0.304569 0.012857 0.035533
2 0.439286 0.229061 0.012857 0.034264
2 0.492143 0.399746 0.012857 0.045685
2 0.509286 0.393401 0.012857 0.040609
2 0.400000 0.456218 0.014286 0.039340
2 0.294286 0.551396 0.044286 0.029188
2 0.513214 0.335025 0.013571 0.043147
2 0.512500 0.239213 0.012143 0.034264
2 0.490714 0.211294 0.011429 0.031726
2 0.511786 0.448604 0.013571 0.046954
2 0.492500 0.303299 0.012143 0.035533
2 0.449643 0.144670 0.012143 0.027919
2 0.494286 0.039340 0.010000 0.025381
2 0.457500 0.017132 0.009286 0.019036
2 0.513214 0.285533 0.012143 0.035533
2 0.533929 0.319797 0.010714 0.043147
2 0.508929 0.202411 0.009286 0.031726
2 0.510000 0.151650 0.011429 0.031726
2 0.468929 0.033629 0.012143 0.026650
2 0.353571 0.585660 0.034286 0.031726
2 0.516429 0.972716 0.018571 0.052030
0 0.701786 0.578046 0.005000 0.019036
2 0.773214 0.574873 0.040714 0.035533