0 0.414000 0.686667 0.030000 0.101333
0 0.773500 0.761333 0.050000 0.118667
2 0.487250 0.635667 0.109500 0.218000
0 0.644750 0.441667 0.021500 0.070000
0 0.628500 0.438667 0.015000 0.060000
2 0.649500 0.360000 0.059000 0.081333
0 0.564750 0.387000 0.019500 0.040667
0 0.460500 0.385000 0.023000 0.036667
0 0.340000 0.360333 0.030000 0.064667
0 0.526000 0.251000 0.010000 0.040667
2 0.542500 0.219667 0.037000 0.048667
2 0.493250 0.242333 0.043500 0.051333
2 0.597750 0.168000 0.051500 0.032000
0 0.494000 0.147333 0.008000 0.025333
0 0.485750 0.144000 0.010500 0.024000
0 0.490750 0.134333 0.009500 0.019333
0 0.520250 0.129000 0.008500 0.027333
2 0.503500 0.089333 0.020000 0.028000
0 0.517250 0.102333 0.007500 0.024667
2 0.505750 0.076000 0.034500 0.020000
2 0.522250 0.059000 0.012500 0.018000
2 0.528500 0.054333 0.012000 0.015333
2 0.529750 0.048000 0.012500 0.014667