0 0.303571 0.132857 0.010000 0.021905
0 0.288571 0.129524 0.011429 0.028571
0 0.280357 0.150952 0.012143 0.021905
2 0.251429 0.132381 0.015714 0.026667
0 0.160357 0.254286 0.009286 0.011429
0 0.282500 0.262857 0.010714 0.026667
2 0.300714 0.301429 0.065714 0.054286
2 0.371429 0.476190 0.054286 0.076190
2 0.417857 0.570952 0.025714 0.067619
2 0.042857 0.856667 0.085714 0.052381
2 0.111071 0.983810 0.083571 0.032381
0 0.652143 0.426190 0.010000 0.023810
2 0.810000 0.309524 0.062857 0.038095
0 0.617143 0.237619 0.007143 0.023810
0 0.617500 0.139524 0.005000 0.025714
0 0.551071 0.257619 0.006429 0.023810
2 0.537857 0.011429 0.022857 0.022857