2 0.548571 0.392857 0.010000 0.016190
0 0.602500 0.561905 0.005000 0.011429
2 0.221786 0.679524 0.025000 0.042857
2 0.249643 0.676667 0.030714 0.039048
2 0.477143 0.308571 0.007143 0.011429
2 0.316786 0.333810 0.010714 0.012381
2 0.335000 0.383333 0.022857 0.014286
2 0.347500 0.341905 0.019286 0.011429
2 0.346429 0.353333 0.015714 0.009524
2 0.343214 0.360476 0.020714 0.012381
2 0.307143 0.407619 0.021429 0.017143
2 0.357143 0.317143 0.014286 0.009524
2 0.359286 0.309048 0.017143 0.008571
2 0.361071 0.305714 0.016429 0.009524
2 0.360357 0.298571 0.016429 0.008571
2 0.365000 0.251429 0.015714 0.007619
2 0.366786 0.265714 0.022143 0.015238
2 0.509286 0.176667 0.004286 0.004762
2 0.479643 0.220476 0.005000 0.004762
2 0.729286 0.321905 0.012857 0.011429
2 0.696786 0.289048 0.010714 0.010476