2 0.331429 0.720000 0.054286 0.133333
2 0.302500 0.570952 0.047857 0.113333
2 0.259286 0.505714 0.050000 0.121905
2 0.314643 0.435238 0.042143 0.110476
2 0.328571 0.315714 0.054286 0.107619
2 0.341429 0.213333 0.041429 0.095238
2 0.442857 0.109524 0.035714 0.099048
2 0.545357 0.250476 0.036429 0.093333
2 0.778571 0.221429 0.041429 0.098095
0 0.742500 0.324286 0.016429 0.027619
0 0.758929 0.295238 0.017857 0.030476
0 0.778214 0.286667 0.017857 0.030476
0 0.768214 0.553333 0.016429 0.019048
0 0.735714 0.596667 0.015714 0.025714
2 0.693929 0.867143 0.046429 0.134286