0 0.047857 0.373096 0.007143 0.027919
0 0.050714 0.366117 0.007143 0.021574
0 0.051429 0.357868 0.008571 0.020305
0 0.051429 0.355330 0.010000 0.025381
2 0.244286 0.507614 0.051429 0.053299
2 0.356786 0.565355 0.056429 0.062183
0 0.100357 0.405457 0.006429 0.026650
0 0.113571 0.411168 0.010000 0.030457
0 0.115357 0.407995 0.007857 0.036802
0 0.107143 0.372462 0.008571 0.024112
0 0.121429 0.411168 0.007143 0.030457
0 0.122857 0.418782 0.007143 0.025381
0 0.129286 0.394670 0.008571 0.030457
0 0.130357 0.416244 0.007857 0.030457
0 0.133929 0.411168 0.006429 0.030457
0 0.135357 0.422589 0.006429 0.027919
0 0.142500 0.418147 0.007857 0.026650
0 0.280714 0.476523 0.008571 0.034264
0 0.367500 0.222081 0.007857 0.020305
0 0.377857 0.209391 0.004286 0.017766
0 0.383214 0.198604 0.006429 0.016497
0 0.393214 0.192893 0.003571 0.015228
0 0.397857 0.203046 0.002857 0.015228
0 0.590357 0.259518 0.006429 0.024112
0 0.599286 0.263959 0.004286 0.022843
0 0.604643 0.306472 0.006429 0.024112
0 0.575000 0.343274 0.007143 0.029188
2 0.640357 0.232234 0.022143 0.043147
2 0.678571 0.241751 0.017143 0.039340
2 0.600357 0.286168 0.025000 0.044416
2 0.620357 0.297589 0.022143 0.031726
2 0.642143 0.305203 0.022857 0.041878
2 0.651429 0.352157 0.025714 0.052030
2 0.663571 0.310279 0.022857 0.039340
2 0.686071 0.317893 0.022143 0.041878
2 0.696071 0.369289 0.020714 0.050761
2 0.750000 0.356599 0.022857 0.040609
2 0.730000 0.338198 0.022857 0.044416
2 0.706429 0.329949 0.021429 0.035533
2 0.875000 0.243020 0.022857 0.031726
2 0.848571 0.170685 0.030000 0.029188
2 0.907143 0.172589 0.015714 0.027919
0 0.786786 0.523477 0.009286 0.034264
0 0.791071 0.530457 0.006429 0.032995
0 0.954643 0.530457 0.007857 0.022843
0 0.946071 0.520305 0.006429 0.017766
0 0.933214 0.538071 0.007857 0.020305
0 0.928214 0.534898 0.007857 0.019036
0 0.916786 0.571701 0.009286 0.021574
0 0.931071 0.589467 0.007857 0.026650
0 0.900357 0.597716 0.007857 0.022843
0 0.905000 0.603426 0.010000 0.024112
0 0.911429 0.603426 0.008571 0.024112
0 0.867500 0.778553 0.010714 0.034264
0 0.683571 0.698604 0.005714 0.031726
0 0.544643 0.923223 0.007857 0.031726
0 0.485714 0.569162 0.008571 0.024112
0 0.427143 0.552030 0.007143 0.025381
2 0.485000 0.635787 0.057143 0.063452