2 0.596071 0.082381 0.010714 0.027619
2 0.597143 0.197143 0.011429 0.028571
2 0.586071 0.593810 0.015000 0.029524
2 0.586071 0.540000 0.027857 0.011429
2 0.597143 0.758571 0.011429 0.033333
2 0.595714 0.795714 0.008571 0.033333
2 0.684286 0.796667 0.012857 0.033333
2 0.623214 0.950476 0.020714 0.022857
2 0.596786 0.959524 0.019286 0.021905
2 0.626071 0.919524 0.020714 0.016190
2 0.621429 0.993333 0.021429 0.013333
2 0.746071 0.907143 0.023571 0.016190
2 0.719286 0.780000 0.022857 0.015238
2 0.694286 0.590000 0.021429 0.016190
2 0.693214 0.324762 0.023571 0.020952
2 0.728571 0.344286 0.024286 0.014286
0 0.565000 0.251905 0.002857 0.010476
0 0.569286 0.254762 0.002857 0.004762
2 0.310714 0.605714 0.011429 0.032381
2 0.324286 0.724286 0.011429 0.033333
0 0.398214 0.192857 0.003571 0.010476
0 0.401071 0.183810 0.003571 0.007619
0 0.462143 0.107143 0.002857 0.008571
0 0.470714 0.069048 0.002857 0.010476
0 0.474643 0.033810 0.003571 0.010476
0 0.480357 0.035714 0.002143 0.010476
2 0.814286 0.512381 0.012857 0.030476
2 0.858571 0.362381 0.020000 0.014286