2 0.536429 0.931472 0.021429 0.073604
2 0.052143 0.484772 0.035714 0.027919
2 0.101786 0.473350 0.047857 0.035533
2 0.132500 0.518401 0.035000 0.031726
2 0.347143 0.520305 0.032857 0.027919
2 0.331071 0.488579 0.035000 0.030457
2 0.374286 0.447335 0.034286 0.029188
2 0.490000 0.422589 0.017143 0.060914
2 0.530357 0.289340 0.017857 0.053299
2 0.588214 0.376904 0.033571 0.035533
2 0.500714 0.192259 0.017143 0.054569
2 0.478214 0.162437 0.015000 0.050761
2 0.513929 0.144036 0.015000 0.044416
0 0.476071 0.057741 0.005000 0.013959
2 0.493571 0.069162 0.012857 0.052030
2 0.508929 0.061548 0.013571 0.046954
2 0.507143 0.015863 0.014286 0.031726
2 0.490000 0.014594 0.012857 0.029188
2 0.634286 0.528553 0.037143 0.036802
2 0.678214 0.508249 0.035000 0.034264
2 0.639643 0.493655 0.030714 0.032995
0 0.676429 0.474619 0.010000 0.015228
2 0.729286 0.491117 0.035714 0.035533
2 0.724286 0.453680 0.037143 0.039340