0 0.255480 0.297310 0.013048 0.030612
0 0.409186 0.912801 0.016701 0.077922
0 0.426931 0.908163 0.017745 0.072356
0 0.441023 0.924397 0.014614 0.051020
0 0.439196 0.865028 0.019311 0.051020
0 0.465292 0.875232 0.027662 0.056586
0 0.558455 0.714286 0.014614 0.046382
0 0.544102 0.536178 0.012004 0.042672
0 0.634656 0.570965 0.012526 0.043599
0 0.599426 0.418831 0.009916 0.030612
0 0.534708 0.408163 0.009916 0.044527
0 0.509656 0.409091 0.006785 0.022263
0 0.507829 0.404453 0.010438 0.033395
0 0.597860 0.250928 0.005741 0.019481
0 0.544102 0.233302 0.006785 0.019481
0 0.534186 0.202226 0.005741 0.020408
0 0.525313 0.207792 0.003653 0.018553
0 0.549582 0.182746 0.005219 0.014842
0 0.581681 0.165584 0.004697 0.013915
0 0.550365 0.153525 0.004697 0.013915
0 0.577505 0.203154 0.006785 0.024119
0 0.538100 0.128942 0.004175 0.018553
2 0.543580 0.083488 0.006785 0.014842
0 0.564718 0.075603 0.003132 0.010204
0 0.557933 0.081169 0.003132 0.008349
0 0.555324 0.085807 0.003132 0.008349
0 0.552975 0.076994 0.002610 0.009276
0 0.568372 0.065863 0.002088 0.005566
0 0.566284 0.060297 0.003132 0.005566
0 0.555324 0.058442 0.002088 0.005566
0 0.568372 0.089518 0.003132 0.008349
2 0.683977 0.117811 0.022443 0.018553
2 0.896660 0.197588 0.034447 0.027829
2 0.970251 0.213358 0.036534 0.031540