2 0.205000 0.085025 0.014286 0.035533
2 0.217143 0.128173 0.018571 0.035533
2 0.130357 0.193528 0.016429 0.034264
2 0.109643 0.576777 0.025000 0.062183
2 0.622857 0.058376 0.014286 0.030457
2 0.548571 0.491117 0.024286 0.063452
2 0.596071 0.439086 0.022143 0.058376
2 0.578929 0.204949 0.017857 0.034264
2 0.588571 0.166244 0.017143 0.038071
2 0.600000 0.133883 0.015714 0.031726
0 0.475357 0.128807 0.006429 0.019036
0 0.483929 0.100254 0.006429 0.022843
0 0.448571 0.145939 0.007143 0.020305
0 0.344286 0.052665 0.005714 0.021574
0 0.341786 0.020939 0.005000 0.016497
0 0.342500 0.017766 0.005000 0.020305
0 0.760714 0.757614 0.010000 0.020305
0 0.776786 0.749365 0.009286 0.021574
0 0.891071 0.878807 0.010714 0.024112
0 0.891071 0.862310 0.012143 0.026650
2 0.695357 0.010152 0.013571 0.020305
2 0.076429 0.898477 0.034286 0.088832
2 0.008929 0.309645 0.017857 0.063452