0 0.719286 0.667143 0.028571 0.054286
0 0.636786 0.931905 0.039286 0.073333
2 0.661786 0.130952 0.003571 0.006667
2 0.658214 0.135238 0.003571 0.005714
2 0.654643 0.138571 0.003571 0.006667
2 0.646786 0.147619 0.005000 0.007619
2 0.680000 0.118095 0.004286 0.007619
2 0.686071 0.110000 0.003571 0.006667
2 0.697500 0.101429 0.005000 0.006667
2 0.687143 0.116667 0.004286 0.004762
2 0.680357 0.130952 0.005000 0.008571
2 0.693214 0.114286 0.005000 0.007619
2 0.700714 0.106667 0.005714 0.007619
2 0.701429 0.119048 0.007143 0.011429
2 0.706071 0.122857 0.007857 0.009524
2 0.718214 0.144286 0.012143 0.018095
2 0.731071 0.146190 0.012143 0.018095
2 0.762500 0.216190 0.023571 0.030476
2 0.721429 0.243333 0.017143 0.029524
2 0.731071 0.297143 0.023571 0.036190
2 0.828929 0.278095 0.042143 0.043810
2 0.751786 0.345714 0.035000 0.049524
2 0.701429 0.386190 0.031429 0.048571
2 0.971786 0.410476 0.056429 0.091429
2 0.653929 0.158095 0.005000 0.007619
2 0.650000 0.168571 0.007143 0.009524
2 0.630714 0.191429 0.005714 0.005714
2 0.628571 0.198571 0.007143 0.008571
2 0.627143 0.202381 0.007143 0.008571
2 0.625000 0.208095 0.007143 0.008571
2 0.622143 0.215714 0.007143 0.010476
2 0.620357 0.221905 0.006429 0.009524
2 0.620000 0.227619 0.007143 0.009524
2 0.616786 0.232857 0.006429 0.010476
2 0.609286 0.245714 0.010000 0.017143
2 0.614286 0.244286 0.008571 0.012381
2 0.611429 0.227143 0.007143 0.008571
0 0.615714 0.205714 0.002857 0.005714
2 0.630357 0.211905 0.007857 0.008571
2 0.629286 0.221429 0.008571 0.014286
2 0.625357 0.234286 0.010714 0.015238
2 0.621071 0.248095 0.010714 0.014286
2 0.618571 0.261429 0.011429 0.020000
0 0.605357 0.245714 0.003571 0.005714
0 0.608929 0.242381 0.003571 0.004762
0 0.602500 0.252381 0.005000 0.007619
0 0.592857 0.260476 0.004286 0.006667
0 0.589286 0.263333 0.004286 0.006667
2 0.594286 0.271429 0.015714 0.017143
2 0.602500 0.270000 0.010714 0.012381
2 0.600000 0.279048 0.010000 0.015238
2 0.610357 0.282857 0.013571 0.022857
2 0.596786 0.290952 0.012143 0.016190
2 0.589643 0.303810 0.010714 0.017143
2 0.599286 0.315238 0.015714 0.026667
2 0.583929 0.326667 0.015000 0.024762
2 0.604286 0.384286 0.021429 0.039048
0 0.541786 0.377143 0.006429 0.009524
2 0.574286 0.440476 0.021429 0.039048
2 0.556429 0.483810 0.028571 0.051429
0 0.551071 0.440000 0.007857 0.011429
2 0.544286 0.537619 0.031429 0.061905
2 0.524286 0.627143 0.034286 0.071429
2 0.497143 0.710000 0.048571 0.103810
2 0.557500 0.829048 0.049286 0.140000
2 0.493214 0.901905 0.062143 0.142857
2 0.454643 0.861905 0.063571 0.140952
2 0.529643 0.959524 0.072143 0.080952
2 0.374643 0.964762 0.063571 0.070476
2 0.402500 0.969048 0.066429 0.061905