2 0.377857 0.774286 0.035714 0.095238
2 0.398571 0.585714 0.032857 0.047619
2 0.429286 0.411905 0.021429 0.029524
2 0.522500 0.289524 0.012143 0.020952
0 0.216429 0.265238 0.005714 0.012381
0 0.212143 0.262381 0.005714 0.012381
0 0.363571 0.195714 0.004286 0.004762
2 0.517143 0.125238 0.004286 0.006667
0 0.488929 0.228571 0.003571 0.011429
0 0.515357 0.196667 0.003571 0.010476
0 0.515357 0.228571 0.002143 0.011429
0 0.517857 0.226190 0.002857 0.008571
2 0.449286 0.305714 0.015714 0.024762
2 0.681429 0.284762 0.015714 0.022857
0 0.576071 0.795714 0.012143 0.029524
0 0.505714 0.726667 0.012857 0.017143
0 0.428214 0.663810 0.010714 0.019048