2 0.156000 0.844667 0.056000 0.058667
2 0.325250 0.679333 0.034500 0.024000
2 0.348500 0.652667 0.025000 0.021333
2 0.384500 0.614667 0.015000 0.016000
2 0.391500 0.604667 0.013000 0.013333
2 0.410250 0.597333 0.019500 0.013333
0 0.231750 0.821333 0.011500 0.022667
0 0.331000 0.703333 0.006000 0.017333
0 0.369000 0.653667 0.005000 0.012667
0 0.376500 0.654333 0.004000 0.012667
0 0.384250 0.654667 0.005500 0.013333
2 0.433500 0.566667 0.014000 0.010667
2 0.442250 0.552333 0.010500 0.010000
2 0.451250 0.543000 0.009500 0.007333
2 0.513750 0.542667 0.007500 0.009333
2 0.546500 0.553000 0.008000 0.007333
0 0.617000 0.673000 0.006000 0.018000
0 0.445000 0.574667 0.004000 0.010667
2 0.461750 0.534000 0.008500 0.008000
2 0.466000 0.531000 0.006000 0.007333
2 0.471750 0.527000 0.010500 0.007333
2 0.477250 0.525000 0.009500 0.006000