0 0.711000 0.642000 0.012000 0.029333
0 0.559750 0.486333 0.015500 0.026000
0 0.464500 0.520000 0.013000 0.036000
0 0.491250 0.460667 0.012500 0.028000
0 0.483000 0.411667 0.009000 0.023333
0 0.531000 0.452667 0.007000 0.026667
0 0.524750 0.447000 0.006500 0.015333
0 0.523250 0.436333 0.008500 0.030000
0 0.526750 0.406000 0.007500 0.032000
0 0.499250 0.408000 0.009500 0.032000
0 0.462250 0.327000 0.005500 0.020667
0 0.440250 0.294333 0.006500 0.014000
0 0.393500 0.284333 0.006000 0.012667
2 0.383500 0.305333 0.015000 0.022667
2 0.415250 0.260667 0.013500 0.014667
2 0.403500 0.244667 0.012000 0.013333
2 0.400750 0.237000 0.010500 0.010000
0 0.392250 0.251333 0.005500 0.012000
0 0.401000 0.676000 0.017000 0.026667
0 0.378750 0.529667 0.012500 0.020667
0 0.379750 0.516333 0.015500 0.024667
2 0.236750 0.373000 0.048500 0.026000
2 0.282250 0.342667 0.046500 0.025333
2 0.176250 0.376333 0.046500 0.024667
2 0.126250 0.359333 0.051500 0.026667
2 0.054750 0.365000 0.050500 0.028667
2 0.021750 0.329000 0.023500 0.030000
2 0.106250 0.319667 0.034500 0.024667
2 0.116000 0.307667 0.036000 0.024667
2 0.122250 0.299000 0.038500 0.022000
2 0.086000 0.301667 0.026000 0.022000
2 0.095500 0.293333 0.025000 0.018667
2 0.121500 0.283667 0.025000 0.018000
2 0.065500 0.284667 0.023000 0.018667
2 0.079750 0.277000 0.022500 0.018000
0 0.094750 0.275667 0.006500 0.016667
2 0.123250 0.272333 0.026500 0.018000
2 0.135250 0.271000 0.024500 0.018000
2 0.142250 0.265333 0.022500 0.014667
2 0.147250 0.260667 0.023500 0.017333
2 0.122250 0.250333 0.017500 0.018000
2 0.137250 0.246333 0.015500 0.014000
2 0.149750 0.239333 0.015500 0.013333