2 0.393250 0.500667 0.017500 0.026667
2 0.438250 0.465333 0.016500 0.021333
2 0.418000 0.412667 0.011000 0.014667
2 0.414750 0.386333 0.009500 0.011333
2 0.424750 0.359000 0.007500 0.008667
0 0.517000 0.391667 0.003000 0.010000
0 0.553750 0.406000 0.003500 0.008000
0 0.556000 0.406333 0.003000 0.008667
2 0.488250 0.420667 0.014500 0.013333
2 0.474250 0.401667 0.011500 0.012667
2 0.094250 0.437333 0.039500 0.016000
2 0.230250 0.355333 0.018500 0.008000
0 0.230500 0.354000 0.003000 0.008000
2 0.291500 0.352333 0.016000 0.007333
0 0.304500 0.354333 0.002000 0.008667
2 0.305000 0.354667 0.018000 0.008000
0 0.324250 0.355667 0.002500 0.007333
2 0.327000 0.355333 0.018000 0.008000
2 0.324500 0.348667 0.014000 0.006667
0 0.467750 0.352333 0.001500 0.006000
2 0.402500 0.316667 0.004000 0.004000
2 0.413500 0.312333 0.005000 0.003333
2 0.397750 0.303000 0.002500 0.002000
2 0.396000 0.297667 0.002000 0.002000
2 0.397500 0.299667 0.002000 0.002000
2 0.010750 0.488333 0.021500 0.027333