2 0.333507 0.374768 0.030271 0.024119
2 0.338466 0.363173 0.031837 0.021336
2 0.597338 0.599722 0.019311 0.052876
2 0.618737 0.629870 0.019311 0.055659
2 0.649791 0.620594 0.019833 0.055659
2 0.595511 0.551484 0.016701 0.041744
2 0.571503 0.529221 0.016701 0.047310
2 0.599948 0.498145 0.015136 0.040816
2 0.648486 0.525510 0.017223 0.043599
2 0.600731 0.455473 0.014614 0.033395
2 0.602296 0.412338 0.015658 0.036178
2 0.622129 0.412338 0.012526 0.034323
2 0.602818 0.377087 0.011482 0.030612
2 0.624217 0.371521 0.013570 0.030612
2 0.606472 0.344620 0.012526 0.032468
2 0.645877 0.361317 0.014092 0.032468
2 0.593163 0.290816 0.010960 0.025046
2 0.610125 0.301020 0.010438 0.025046
2 0.626044 0.307514 0.012004 0.028757
2 0.676409 0.350649 0.014614 0.027829
2 0.623434 0.234230 0.009916 0.023191
0 0.481994 0.732375 0.007829 0.028757
0 0.481733 0.723562 0.006263 0.022263
0 0.481733 0.650742 0.005219 0.025046
0 0.500783 0.628015 0.005741 0.025974
0 0.564718 0.223098 0.003132 0.010204
0 0.583768 0.107143 0.002610 0.004638
2 0.620042 0.053340 0.005219 0.010204