2 0.237857 0.477619 0.068571 0.040952
2 0.528214 0.061429 0.029286 0.054286
2 0.631429 0.018571 0.040000 0.035238
0 0.537500 0.140952 0.005000 0.020952
0 0.481786 0.165714 0.005000 0.019048
0 0.490000 0.164762 0.005714 0.017143
0 0.416429 0.178571 0.008571 0.021905
0 0.416071 0.209048 0.007857 0.018095
0 0.501071 0.066190 0.006429 0.021905
0 0.404643 0.367619 0.007857 0.019048
0 0.365714 0.424762 0.008571 0.017143
0 0.406071 0.627619 0.007857 0.015238
0 0.397500 0.626667 0.007857 0.009524
0 0.363214 0.752857 0.013571 0.014286
0 0.387143 0.929524 0.014286 0.015238
0 0.398214 0.941905 0.007857 0.013333
2 0.531786 0.568571 0.025000 0.080000
2 0.595714 0.334762 0.024286 0.056190
0 0.617143 0.263810 0.005714 0.015238
0 0.617857 0.258095 0.005714 0.015238
0 0.695000 0.370952 0.011429 0.020000
0 0.697500 0.401429 0.010714 0.018095
0 0.665714 0.830952 0.010000 0.014286
0 0.797143 0.930000 0.012857 0.012381