2 0.052143 0.779822 0.032857 0.029188
2 0.195000 0.722716 0.028571 0.049492
2 0.221071 0.725888 0.027857 0.030457
2 0.256786 0.715102 0.029286 0.024112
2 0.328214 0.705584 0.027857 0.022843
2 0.381429 0.711294 0.028571 0.024112
2 0.467500 0.755711 0.026429 0.029188
2 0.601786 0.684645 0.015000 0.049492
2 0.578571 0.317893 0.015714 0.057107
2 0.568929 0.166244 0.016429 0.053299
2 0.759286 0.858503 0.028571 0.021574
2 0.795714 0.862310 0.025714 0.019036
2 0.811071 0.887056 0.032143 0.022843
2 0.760357 0.916878 0.030714 0.026650
2 0.788929 0.954949 0.035000 0.029188
2 0.823571 0.954949 0.031429 0.026650
2 0.858214 0.949873 0.030714 0.029188
2 0.893929 0.945431 0.027857 0.025381
2 0.844286 0.918782 0.027143 0.025381
2 0.913214 0.908629 0.030714 0.025381
2 0.925357 0.939721 0.032143 0.029188
2 0.988929 0.925127 0.022143 0.027919
2 0.950000 0.853426 0.022857 0.031726
2 0.981071 0.836294 0.032143 0.027919