0 0.391701 0.461503 0.010960 0.038033
0 0.432933 0.454082 0.008873 0.038033
0 0.408925 0.438776 0.013048 0.040816
0 0.530793 0.733766 0.012526 0.037106
0 0.531054 0.726809 0.009916 0.032468
2 0.680324 0.546382 0.028706 0.064935
0 0.662839 0.491651 0.017745 0.038961
0 0.665710 0.471707 0.013048 0.021336
0 0.678236 0.446660 0.012004 0.028757
0 0.682672 0.231911 0.008351 0.022263
0 0.676931 0.205473 0.006263 0.025046
0 0.699374 0.204545 0.006263 0.017625
0 0.697286 0.202226 0.010438 0.024119
0 0.676409 0.191558 0.008351 0.030612
0 0.662578 0.211503 0.006785 0.031540
0 0.650835 0.196197 0.008351 0.032468
0 0.636482 0.191558 0.008873 0.030612
0 0.624478 0.088126 0.006785 0.025974
0 0.623434 0.087199 0.006785 0.022263
0 0.593946 0.136827 0.007307 0.021336
2 0.599426 0.100186 0.018267 0.038961
0 0.538361 0.068646 0.005741 0.024119
0 0.432411 0.090445 0.006785 0.025046
2 0.443111 0.186920 0.027140 0.058442
2 0.509134 0.027365 0.018267 0.038033