2 0.456071 0.600000 0.022143 0.045714
2 0.590357 0.698095 0.039286 0.070476
2 0.517500 0.574762 0.019286 0.046667
2 0.541429 0.518571 0.024286 0.037143
2 0.432143 0.474286 0.017143 0.036190
2 0.525714 0.416667 0.014286 0.018095
2 0.502857 0.397143 0.011429 0.019048
2 0.520357 0.378095 0.010714 0.017143
2 0.500000 0.356667 0.010000 0.016190
2 0.505714 0.340952 0.010000 0.013333
2 0.503571 0.310476 0.008571 0.011429
2 0.512500 0.299524 0.007857 0.010476
2 0.514643 0.274286 0.007857 0.007619
2 0.662143 0.958095 0.050000 0.081905