2 0.216429 0.375238 0.081429 0.047619
2 0.040000 0.682381 0.080000 0.048571
2 0.319643 0.813333 0.075000 0.104762
2 0.140714 0.767143 0.050000 0.115238
2 0.090357 0.774286 0.050714 0.116190
0 0.051429 0.410952 0.011429 0.016190
0 0.062143 0.412857 0.011429 0.020000
0 0.246786 0.422857 0.013571 0.017143
2 0.411429 0.450476 0.074286 0.040000
2 0.170357 0.558095 0.082143 0.047619
2 0.331071 0.626667 0.087857 0.049524
2 0.445000 0.563333 0.082857 0.048571
0 0.240714 0.622381 0.015714 0.018095
0 0.612857 0.115238 0.008571 0.024762
0 0.620357 0.324762 0.012143 0.019048
0 0.784286 0.224286 0.010000 0.020000
2 0.785714 0.333333 0.071429 0.066667
2 0.616786 0.470000 0.075000 0.046667
2 0.667857 0.567143 0.081429 0.050476
2 0.965000 0.396190 0.070000 0.045714
2 0.889643 0.627619 0.080714 0.043810
2 0.802500 0.699524 0.075000 0.086667
2 0.717500 0.981905 0.036429 0.034286
0 0.955714 0.745714 0.021429 0.017143
0 0.928214 0.809524 0.023571 0.015238
0 0.878929 0.747143 0.019286 0.018095
0 0.741786 0.818571 0.019286 0.014286
0 0.475000 0.974286 0.011429 0.017143
0 0.553214 0.958571 0.013571 0.021905
0 0.431429 0.887143 0.012857 0.014286
0 0.617500 0.741905 0.015000 0.019048
0 0.663929 0.824762 0.016429 0.019048
0 0.752857 0.697143 0.018571 0.015238
0 0.638929 0.789524 0.013571 0.013333
0 0.622143 0.816667 0.010000 0.014286
0 0.610357 0.850476 0.013571 0.020952