2 0.308571 0.805714 0.055714 0.085714
2 0.335714 0.774762 0.057143 0.096190
2 0.407857 0.727143 0.058571 0.086667
2 0.432500 0.695238 0.050714 0.078095
2 0.483929 0.663810 0.047857 0.083810
2 0.549286 0.634286 0.048571 0.091429
2 0.586429 0.629048 0.051429 0.088571
2 0.672143 0.814286 0.067143 0.064762
0 0.608929 0.773810 0.012143 0.018095
0 0.578214 0.738095 0.016429 0.015238
0 0.860000 0.640476 0.014286 0.014286
2 0.630000 0.570952 0.060000 0.061905
0 0.441429 0.573333 0.014286 0.015238
0 0.822143 0.849524 0.015714 0.017143
0 0.638929 0.394762 0.012143 0.014286
0 0.665714 0.215238 0.008571 0.011429
0 0.323929 0.048571 0.009286 0.015238
0 0.364643 0.025714 0.010714 0.015238
0 0.807500 0.408571 0.010714 0.015238
0 0.846071 0.403333 0.012143 0.016190
0 0.775000 0.190952 0.014286 0.021905
0 0.803214 0.115714 0.013571 0.021905
0 0.797500 0.103810 0.012143 0.026667
0 0.806429 0.076667 0.012857 0.023810
0 0.823929 0.076190 0.013571 0.024762
0 0.851071 0.054286 0.010714 0.020952
0 0.841071 0.188095 0.012143 0.021905
2 0.853214 0.290476 0.042143 0.080000
0 0.962143 0.289048 0.018571 0.020000
0 0.963571 0.268095 0.015714 0.014286
2 0.939643 0.018095 0.055000 0.036190