2 0.293214 0.022381 0.035000 0.033333
2 0.344643 0.017143 0.027857 0.034286
2 0.331429 0.044286 0.034286 0.042857
2 0.289286 0.114286 0.041429 0.055238
2 0.339286 0.096190 0.042857 0.053333
0 0.436786 0.027143 0.007857 0.029524
2 0.258929 0.167143 0.053571 0.065714
2 0.290714 0.203810 0.054286 0.078095
2 0.172500 0.325714 0.075000 0.081905
2 0.077857 0.334762 0.101429 0.101905
2 0.235357 0.532857 0.093571 0.157143
2 0.365357 0.922857 0.096429 0.152381
2 0.397500 0.717143 0.080714 0.217143
2 0.426786 0.495238 0.059286 0.127619
2 0.365714 0.429048 0.067143 0.107619
2 0.448214 0.346190 0.049286 0.090476
2 0.330357 0.266667 0.057857 0.087619
2 0.461786 0.255714 0.043571 0.079048
2 0.471429 0.185238 0.040000 0.065714
2 0.477857 0.122381 0.038571 0.052381
2 0.490357 0.046190 0.035000 0.039048
2 0.487143 0.078095 0.032857 0.038095
2 0.569643 0.016190 0.023571 0.032381
2 0.615357 0.018095 0.026429 0.036190
0 0.645000 0.013333 0.010000 0.026667
0 0.538929 0.128095 0.009286 0.033333
2 0.588929 0.141905 0.035000 0.051429
0 0.603571 0.180000 0.010000 0.028571
2 0.592500 0.216190 0.043571 0.078095
2 0.557857 0.268571 0.040000 0.032381
2 0.612143 0.286667 0.020000 0.041905
2 0.662143 0.069048 0.010000 0.029524
0 0.680357 0.305714 0.017857 0.051429
0 0.747143 0.325238 0.024286 0.027619
0 0.576429 0.392381 0.015714 0.051429
0 0.675714 0.477619 0.020000 0.056190