2 0.504643 0.540000 0.057857 0.104762
2 0.415357 0.186667 0.035000 0.059048
2 0.375000 0.209524 0.027143 0.057143
2 0.334643 0.080952 0.030714 0.038095
2 0.398571 0.036190 0.027143 0.036190
2 0.895000 0.618571 0.108571 0.132381
2 0.743214 0.115238 0.055000 0.045714
2 0.606429 0.186190 0.047143 0.054286
2 0.087857 0.151905 0.030000 0.052381
2 0.689643 0.067143 0.047857 0.031429
2 0.717143 0.098095 0.054286 0.036190
2 0.710000 0.300952 0.047143 0.064762
2 0.497500 0.020952 0.035000 0.041905
2 0.972143 0.773333 0.055714 0.104762
0 0.492500 0.079524 0.007857 0.014286
0 0.510000 0.115238 0.008571 0.017143
0 0.537500 0.125238 0.007857 0.018095
0 0.774286 0.491429 0.011429 0.036190
0 0.633214 0.297143 0.010714 0.020952
2 0.950714 0.380000 0.081429 0.066667
0 0.905000 0.800476 0.012857 0.029524