0 0.129000 0.954667 0.044000 0.050667
0 0.100250 0.892667 0.050500 0.072000
0 0.707000 0.761667 0.033000 0.068667
0 0.819500 0.651000 0.031000 0.051333
0 0.735250 0.321000 0.020500 0.055333
0 0.622500 0.402000 0.011000 0.024000
0 0.620250 0.414667 0.014500 0.050667
0 0.625250 0.389667 0.007500 0.024667
0 0.617250 0.380000 0.018500 0.036000
0 0.630250 0.296667 0.014500 0.056000
0 0.660000 0.259000 0.017000 0.052667
0 0.656000 0.203333 0.017000 0.042667
2 0.841250 0.078000 0.090500 0.058667
0 0.655250 0.016333 0.012500 0.032667
2 0.151250 0.092000 0.044500 0.073333
2 0.043500 0.026000 0.077000 0.052000
2 0.133750 0.021667 0.097500 0.043333
2 0.247250 0.011667 0.081500 0.023333
0 0.360750 0.126000 0.014500 0.046667
2 0.332000 0.059000 0.048000 0.084667
2 0.432000 0.042000 0.047000 0.080000