2 0.091071 0.321429 0.079286 0.046667
2 0.058929 0.348571 0.073571 0.047619
2 0.029286 0.369524 0.057143 0.051429
2 0.256071 0.469524 0.072143 0.085714
2 0.305714 0.490952 0.062857 0.073333
2 0.346429 0.507143 0.068571 0.090476
2 0.575714 0.462381 0.047143 0.069524
2 0.630000 0.473810 0.040000 0.063810
2 0.681429 0.484762 0.042857 0.078095
2 0.737143 0.503333 0.038571 0.077143
0 0.636786 0.523810 0.016429 0.041905
0 0.772500 0.448571 0.015000 0.038095
0 0.898929 0.488571 0.020714 0.040000
0 0.811786 0.401429 0.010714 0.037143
0 0.803214 0.382857 0.013571 0.036190
0 0.822500 0.389524 0.010714 0.036190
2 0.910357 0.553810 0.055000 0.086667
2 0.831071 0.622381 0.056429 0.109524
2 0.959286 0.666667 0.070000 0.131429