2 0.502857 0.665238 0.027143 0.048571
2 0.511429 0.715238 0.021429 0.043810
2 0.626071 0.716190 0.045000 0.036190
2 0.652500 0.761429 0.047857 0.037143
2 0.666071 0.789048 0.036429 0.039048
2 0.431786 0.391429 0.007857 0.017143
2 0.467857 0.353810 0.017143 0.010476
2 0.424643 0.354286 0.020714 0.011429
2 0.417857 0.336667 0.017143 0.010476
2 0.399643 0.345714 0.015000 0.009524
2 0.384286 0.310476 0.005714 0.009524
2 0.467857 0.305714 0.011429 0.007619
2 0.432500 0.282857 0.012143 0.007619
2 0.420357 0.343810 0.017857 0.009524
2 0.425000 0.379524 0.008571 0.014286
2 0.381786 0.292857 0.012143 0.010476
0 0.213929 0.313333 0.005000 0.013333
2 0.288929 0.408095 0.009286 0.012381
2 0.291786 0.391905 0.009286 0.014286
2 0.359643 0.251905 0.006429 0.006667
2 0.355357 0.243810 0.003571 0.005714
2 0.331071 0.278095 0.005000 0.007619
2 0.385714 0.315238 0.007143 0.009524