2 0.026429 0.830584 0.037143 0.095178
2 0.044286 0.044416 0.035714 0.035533
2 0.052857 0.028553 0.034286 0.036802
2 0.351786 0.958756 0.043571 0.079949
2 0.323214 0.964467 0.039286 0.068528
2 0.422857 0.964467 0.044286 0.068528
2 0.397500 0.983503 0.030714 0.030457
2 0.293571 0.981599 0.031429 0.034264
2 0.371429 0.920685 0.041429 0.105330
2 0.408929 0.788706 0.053571 0.077411
2 0.434286 0.810279 0.041429 0.062183
2 0.431429 0.712563 0.052857 0.079949
2 0.456786 0.735406 0.053571 0.077411
2 0.474643 0.767132 0.047857 0.072335
2 0.415714 0.597081 0.042857 0.069797
2 0.795714 0.932107 0.054286 0.074873
2 0.923929 0.776650 0.045000 0.063452
0 0.956786 0.827411 0.012143 0.025381
0 0.766429 0.425761 0.007143 0.021574
0 0.759286 0.422589 0.007143 0.020305
0 0.715357 0.451142 0.007857 0.019036
0 0.727500 0.434645 0.006429 0.016497
0 0.707500 0.366117 0.005000 0.024112
2 0.177857 0.028553 0.030000 0.052030
2 0.197500 0.035533 0.026429 0.045685
2 0.520000 0.310914 0.034286 0.060914
2 0.475714 0.230330 0.032857 0.057107
2 0.553929 0.371193 0.036429 0.069797
2 0.593571 0.446701 0.038571 0.073604
2 0.475357 0.283629 0.032143 0.062183
2 0.503929 0.352157 0.036429 0.067259
2 0.559286 0.456853 0.035714 0.073604
2 0.341786 0.100254 0.026429 0.053299
2 0.366786 0.140228 0.029286 0.052030
2 0.389643 0.187817 0.029286 0.058376
2 0.481071 0.462563 0.032143 0.074873
2 0.513571 0.537437 0.037143 0.074873
0 0.705357 0.422589 0.006429 0.022843
0 0.526786 0.203680 0.003571 0.024112
0 0.523571 0.204949 0.004286 0.021574
2 0.011429 0.072335 0.022857 0.032995