0 0.235000 0.601905 0.040000 0.057143
0 0.205357 0.638571 0.042143 0.060000
0 0.160000 0.415714 0.037143 0.056190
2 0.318571 0.507143 0.135714 0.109524
2 0.486429 0.402857 0.128571 0.100952
2 0.610000 0.335238 0.115714 0.099048
2 0.929643 0.528571 0.136429 0.148571
0 0.760000 0.392857 0.022857 0.054286
0 0.780000 0.107619 0.014286 0.047619
0 0.882500 0.206190 0.023571 0.046667
0 0.655714 0.980000 0.032857 0.040000
0 0.504643 0.668571 0.029286 0.040000
0 0.516786 0.664762 0.035000 0.057143
2 0.362500 0.861905 0.205000 0.137143
2 0.102143 0.945714 0.204286 0.106667