2 0.198929 0.599048 0.096429 0.127619
2 0.281429 0.481429 0.091429 0.119048
2 0.071786 0.790476 0.136429 0.186667
0 0.382857 0.422857 0.015714 0.038095
2 0.351429 0.373810 0.075714 0.111429
2 0.293929 0.122381 0.059286 0.042857
2 0.531429 0.113333 0.038571 0.051429
2 0.582857 0.031905 0.031429 0.042857
2 0.424643 0.107143 0.040714 0.054286
0 0.612500 0.021905 0.006429 0.028571
0 0.568929 0.079524 0.010714 0.031429
0 0.435714 0.165238 0.011429 0.037143
0 0.386429 0.150476 0.010000 0.036190
0 0.380000 0.125238 0.014286 0.027619
2 0.503929 0.149524 0.046429 0.057143
2 0.685357 0.919048 0.085000 0.161905
2 0.809286 0.752857 0.070000 0.159048
2 0.721071 0.692381 0.066429 0.133333
2 0.971429 0.704762 0.057143 0.076190
0 0.931071 0.584286 0.025000 0.040952
2 0.847500 0.327143 0.043571 0.069524
2 0.887143 0.225238 0.035714 0.058095
2 0.851786 0.238095 0.036429 0.064762
2 0.791071 0.311905 0.042143 0.067619
2 0.779286 0.153333 0.035714 0.047619
2 0.818929 0.146190 0.029286 0.046667
0 0.959643 0.158095 0.016429 0.022857
2 0.950714 0.118571 0.068571 0.044762
2 0.919286 0.098571 0.062857 0.042857
2 0.919643 0.082381 0.066429 0.039048
2 0.937857 0.064762 0.051429 0.034286
2 0.930714 0.043333 0.051429 0.031429
2 0.854643 0.046667 0.023571 0.032381
2 0.856429 0.019048 0.025714 0.032381
2 0.930000 0.028571 0.060000 0.036190
2 0.884286 0.031905 0.022857 0.037143
2 0.928214 0.012381 0.053571 0.024762
0 0.912143 0.179524 0.014286 0.029524