2 0.045668 0.443878 0.041232 0.091837
0 0.201200 0.885436 0.018267 0.021336
0 0.215292 0.884508 0.018267 0.028757
0 0.261221 0.779221 0.014092 0.027829
0 0.270616 0.807050 0.017223 0.029685
0 0.313674 0.806586 0.012526 0.036178
0 0.334290 0.818646 0.016180 0.039889
0 0.322286 0.734230 0.010960 0.034323
0 0.414405 0.916976 0.011482 0.026902
2 0.755219 0.896568 0.046973 0.134508
0 0.712683 0.703154 0.012004 0.027829
0 0.737735 0.726345 0.015136 0.027829
0 0.512526 0.485158 0.013570 0.042672
0 0.328288 0.601113 0.012526 0.029685
0 0.384134 0.525510 0.010438 0.036178
0 0.385960 0.526902 0.007829 0.025974
0 0.391441 0.509740 0.012526 0.034323
0 0.278445 0.409091 0.010960 0.029685
0 0.305063 0.479128 0.014092 0.028757
0 0.307933 0.400278 0.012526 0.023191
0 0.305063 0.380334 0.012004 0.031540
0 0.307672 0.353896 0.012004 0.034323
0 0.384656 0.454082 0.011482 0.034323
0 0.341597 0.363636 0.014092 0.033395
0 0.274530 0.270872 0.011482 0.033395
0 0.284969 0.262523 0.013570 0.037106
0 0.362474 0.128015 0.007829 0.033395