0 0.040000 0.595178 0.010000 0.027919
0 0.083929 0.771574 0.010714 0.025381
0 0.113571 0.859772 0.010000 0.026650
0 0.075357 0.989213 0.012143 0.019036
0 0.148929 0.326777 0.006429 0.021574
0 0.170000 0.338198 0.004286 0.021574
0 0.192500 0.286168 0.007857 0.021574
0 0.196071 0.286168 0.003571 0.016497
0 0.206786 0.279822 0.006429 0.019036
0 0.185714 0.190990 0.004286 0.021574
0 0.208214 0.198604 0.005000 0.019036
2 0.219643 0.132614 0.013571 0.031726
2 0.233214 0.217005 0.013571 0.030457
2 0.531786 0.024112 0.010714 0.017766
2 0.491429 0.160533 0.011429 0.026650
2 0.450714 0.179569 0.011429 0.026650
2 0.661071 0.189086 0.012143 0.030457
2 0.607857 0.079949 0.011429 0.027919
2 0.633571 0.073604 0.011429 0.025381
2 0.539286 0.274112 0.014286 0.035533
2 0.712143 0.019670 0.010000 0.021574
2 0.702143 0.083756 0.011429 0.025381
0 0.881429 0.111041 0.004286 0.013959
2 0.927857 0.140228 0.018571 0.029188
2 0.736786 0.966371 0.037857 0.052030
2 0.738571 0.840102 0.045714 0.045685
2 0.735714 0.801396 0.045714 0.041878
2 0.751071 0.600254 0.035000 0.053299
0 0.879643 0.177030 0.006429 0.013959
0 0.878929 0.171320 0.005000 0.015228
2 0.841429 0.354695 0.018571 0.031726
2 0.811429 0.380711 0.015714 0.035533
2 0.757500 0.224619 0.013571 0.030457
0 0.479643 0.373731 0.005000 0.019036
2 0.506429 0.348985 0.014286 0.038071
2 0.651786 0.576777 0.016429 0.057107
2 0.636071 0.625000 0.016429 0.062183
2 0.592857 0.710660 0.020000 0.055838
2 0.533929 0.717640 0.019286 0.069797
2 0.611429 0.865482 0.021429 0.083756