2 0.813250 0.716000 0.032500 0.032000
2 0.562000 0.945667 0.026000 0.056667
2 0.555000 0.880333 0.019000 0.046000
2 0.546750 0.827000 0.021500 0.047333
2 0.541000 0.773667 0.022000 0.042000
2 0.535750 0.727000 0.016500 0.035333
2 0.531000 0.680000 0.019000 0.036000
2 0.522750 0.617333 0.013500 0.029333
2 0.527500 0.646333 0.015000 0.030000
2 0.513750 0.522667 0.015500 0.009333
2 0.511500 0.509000 0.011000 0.019333
2 0.506250 0.485667 0.015500 0.016667
2 0.506000 0.459333 0.013000 0.017333
2 0.503000 0.428000 0.009000 0.013333
2 0.504500 0.415333 0.009000 0.013333
2 0.504750 0.402333 0.009500 0.014000
2 0.504500 0.390667 0.010000 0.013333
2 0.502250 0.374333 0.007500 0.014000
2 0.497750 0.352333 0.009500 0.011333
2 0.498500 0.341333 0.007000 0.009333
2 0.496250 0.331333 0.006500 0.009333
2 0.500500 0.363667 0.007000 0.008667
2 0.349500 0.978000 0.021000 0.044000
2 0.336250 0.825000 0.021500 0.050000
2 0.346500 0.755667 0.022000 0.048667
2 0.289750 0.760000 0.021500 0.042667
2 0.305500 0.702000 0.020000 0.038667
2 0.353750 0.680333 0.017500 0.035333
2 0.385000 0.664333 0.017000 0.040667
2 0.391750 0.582667 0.015500 0.028000
2 0.375750 0.550667 0.014500 0.026667
2 0.376500 0.507000 0.014000 0.027333
2 0.418000 0.493333 0.011000 0.022667
2 0.405000 0.452333 0.013000 0.019333
2 0.345500 0.438667 0.011000 0.017333
2 0.198750 0.769333 0.024500 0.049333
2 0.251250 0.934667 0.030500 0.062667
0 0.531250 0.953333 0.006500 0.012000
0 0.581000 0.823000 0.008000 0.015333
0 0.523250 0.814000 0.004500 0.010667
0 0.521500 0.777000 0.005000 0.010000
2 0.314250 0.607333 0.014500 0.032000
2 0.311750 0.656333 0.016500 0.027333
0 0.520250 0.697667 0.006500 0.014000
0 0.511500 0.694333 0.005000 0.008667
0 0.504750 0.605333 0.004500 0.009333
2 0.373250 0.360667 0.009500 0.017333
2 0.379000 0.330000 0.007000 0.012000
2 0.363000 0.381667 0.011000 0.012667
2 0.411750 0.302667 0.008500 0.013333
2 0.431250 0.271333 0.007500 0.010667
2 0.454500 0.297667 0.005000 0.010000
2 0.445500 0.284000 0.007000 0.009333
2 0.452750 0.228333 0.006500 0.008667
2 0.414500 0.230333 0.006000 0.010000
2 0.433750 0.234000 0.006500 0.009333
2 0.420500 0.255667 0.007000 0.010000
2 0.406750 0.243333 0.005500 0.008000
2 0.379500 0.239667 0.005000 0.006000
2 0.388000 0.242667 0.005000 0.006667
2 0.395500 0.246333 0.007000 0.008667
2 0.394250 0.252000 0.005500 0.006667
2 0.393750 0.260000 0.007500 0.008000
2 0.391750 0.267667 0.008500 0.008667
2 0.390500 0.273667 0.006000 0.007333
2 0.389000 0.279667 0.007000 0.008667
2 0.387000 0.287000 0.007000 0.007333
2 0.385750 0.294000 0.005500 0.006667
2 0.383750 0.299667 0.009500 0.008667
2 0.382750 0.309000 0.008500 0.010000
2 0.381500 0.318667 0.010000 0.010667
2 0.123250 0.387667 0.014500 0.016667
2 0.109250 0.406333 0.015500 0.019333
2 0.099500 0.419667 0.014000 0.015333
2 0.141000 0.418667 0.018000 0.013333
0 0.349750 0.464667 0.004500 0.010667
0 0.356250 0.447667 0.004500 0.011333
0 0.305500 0.568333 0.005000 0.015333
0 0.497000 0.537667 0.004000 0.010000
0 0.489750 0.497000 0.003500 0.010000
0 0.488500 0.419667 0.004000 0.008667
0 0.497750 0.410667 0.003500 0.008000
0 0.490250 0.442667 0.003500 0.009333
0 0.495750 0.444000 0.003500 0.009333
2 0.478750 0.225000 0.005500 0.007333
2 0.480000 0.232333 0.005000 0.007333
2 0.480250 0.237333 0.004500 0.008000
2 0.481250 0.246667 0.005500 0.009333
2 0.482250 0.255000 0.005500 0.007333
2 0.483000 0.261667 0.006000 0.008667
2 0.485750 0.284667 0.007500 0.009333