2 0.547857 0.156667 0.002857 0.004762
2 0.518214 0.208571 0.005000 0.007619
2 0.507857 0.225238 0.007143 0.010476
2 0.470000 0.283333 0.010000 0.012381
2 0.508929 0.213333 0.005000 0.009524
2 0.517143 0.199524 0.004286 0.006667
2 0.516786 0.188095 0.005000 0.006667
2 0.512143 0.195238 0.004286 0.007619
2 0.526429 0.205714 0.004286 0.005714
2 0.511071 0.205238 0.006429 0.008571
2 0.465714 0.345714 0.012857 0.019048
2 0.485714 0.249048 0.007143 0.012381
0 0.447857 0.277143 0.002857 0.009524
0 0.418929 0.421905 0.005000 0.011429
0 0.399286 0.443810 0.005714 0.009524
0 0.360714 0.559524 0.004286 0.012381
0 0.363214 0.558095 0.006429 0.013333
0 0.317857 0.740952 0.010000 0.019048
0 0.312143 0.475714 0.004286 0.018095
2 0.416786 0.308095 0.009286 0.016190
2 0.396786 0.230000 0.009286 0.010476
2 0.453214 0.203333 0.010714 0.006667
2 0.433929 0.198571 0.010714 0.006667