2 0.551786 0.067143 0.073571 0.046667
0 0.500357 0.208571 0.009286 0.028571
0 0.510000 0.123810 0.010000 0.026667
0 0.516786 0.191429 0.009286 0.030476
2 0.567857 0.232381 0.064286 0.047619
2 0.560714 0.328571 0.075714 0.047619
2 0.556786 0.391429 0.077857 0.053333
2 0.628214 0.023333 0.029286 0.046667
0 0.768571 0.081905 0.012857 0.024762
0 0.801071 0.090476 0.013571 0.022857
0 0.814286 0.081905 0.012857 0.030476
0 0.821786 0.110952 0.012143 0.027619
0 0.660000 0.087619 0.010000 0.028571
0 0.704643 0.150476 0.010714 0.026667
0 0.797500 0.154762 0.010714 0.031429
0 0.829643 0.188571 0.013571 0.022857
0 0.895000 0.196667 0.020000 0.023810
0 0.872500 0.305714 0.015000 0.020952
0 0.757500 0.183333 0.010714 0.029524
0 0.721786 0.206667 0.012143 0.020952
2 0.778214 0.306667 0.042143 0.089524
0 0.913214 0.597619 0.009286 0.020000
0 0.974286 0.987619 0.028571 0.013333
0 0.816429 0.966190 0.025714 0.021905
0 0.744643 0.853810 0.022143 0.010476
0 0.759643 0.862381 0.015000 0.016190
0 0.763929 0.815714 0.017857 0.012381
0 0.787500 0.835714 0.016429 0.020000
0 0.806429 0.850476 0.017143 0.022857
0 0.819643 0.838095 0.020714 0.015238
0 0.801786 0.876190 0.022143 0.020952
0 0.813571 0.867619 0.017143 0.015238
0 0.812857 0.880476 0.011429 0.016190
0 0.728929 0.726667 0.016429 0.020952
0 0.645000 0.799048 0.010000 0.015238
0 0.507857 0.946190 0.012857 0.027619
0 0.518571 0.930952 0.011429 0.025714
0 0.551429 0.909048 0.010000 0.014286
0 0.501786 0.331905 0.007857 0.021905
0 0.508214 0.385714 0.009286 0.020952
0 0.492143 0.409524 0.011429 0.020952
0 0.519286 0.422857 0.007143 0.013333
0 0.492500 0.463333 0.009286 0.016190
0 0.501071 0.495714 0.010714 0.018095
0 0.541071 0.572857 0.009286 0.014286
0 0.697857 0.372381 0.012857 0.017143
0 0.708214 0.395238 0.016429 0.020952
2 0.644643 0.419048 0.037857 0.104762
2 0.648929 0.548571 0.032143 0.099048
2 0.658571 0.672381 0.032857 0.110476