2 0.802453 0.987477 0.053758 0.023191
2 0.802453 0.929035 0.052714 0.047310
2 0.636482 0.877087 0.040188 0.045455
2 0.629697 0.850649 0.038100 0.046382
2 0.637787 0.760668 0.036534 0.035250
0 0.682411 0.726345 0.004697 0.024119
0 0.677192 0.724026 0.003653 0.008349
2 0.772182 0.736085 0.034969 0.030612
2 0.763831 0.705473 0.031837 0.026902
2 0.767745 0.378015 0.011482 0.015770
2 0.760438 0.383581 0.013570 0.015770
2 0.755219 0.387291 0.012526 0.015770
2 0.749217 0.393321 0.015136 0.014842
2 0.741910 0.396104 0.018267 0.020408
2 0.762004 0.366883 0.015658 0.013915
2 0.744520 0.369666 0.017223 0.013915
0 0.774008 0.364100 0.004175 0.013915
0 0.784447 0.353896 0.005219 0.015770
2 0.794624 0.324675 0.016180 0.016698
2 0.821503 0.361317 0.015658 0.015770
2 0.835073 0.370594 0.015658 0.015770
2 0.860647 0.385900 0.016701 0.018553
0 0.155271 0.625696 0.005741 0.019481
2 0.176148 0.609926 0.015136 0.032468
2 0.177714 0.647032 0.016180 0.030612
2 0.114562 0.714750 0.017223 0.043599
2 0.106733 0.845547 0.022443 0.051020
2 0.102818 0.895640 0.019833 0.051020
2 0.014875 0.567718 0.018267 0.029685
2 0.036013 0.511596 0.022965 0.015770