2 0.524286 0.585660 0.010000 0.031726
2 0.530357 0.523477 0.009286 0.026650
2 0.532500 0.467005 0.009286 0.022843
2 0.539643 0.428299 0.007857 0.021574
2 0.632500 0.512690 0.009286 0.027919
2 0.481429 0.398477 0.020000 0.017766
2 0.504643 0.282360 0.019286 0.011421
2 0.595357 0.312183 0.019286 0.017766
2 0.641071 0.291244 0.020714 0.016497
2 0.563214 0.343909 0.010714 0.012690
2 0.546786 0.370558 0.010714 0.017766
2 0.540357 0.395305 0.009286 0.019036
2 0.557143 0.378807 0.010000 0.019036
2 0.573571 0.262056 0.014286 0.013959
2 0.157500 0.276650 0.017857 0.015228
2 0.096429 0.286168 0.017143 0.013959
2 0.031071 0.298223 0.016429 0.015228
2 0.011429 0.288071 0.015714 0.012690
2 0.430000 0.095812 0.004286 0.011421
2 0.417500 0.126904 0.006429 0.010152
2 0.433214 0.090736 0.006429 0.013959
2 0.436429 0.083756 0.005714 0.010152