0 0.204286 0.616751 0.007143 0.017766
0 0.213214 0.586294 0.005000 0.012690
0 0.116429 0.800761 0.010000 0.010152
0 0.146071 0.788706 0.007857 0.011421
0 0.150357 0.777284 0.006429 0.011421
0 0.153929 0.773477 0.006429 0.013959
2 0.422500 0.064721 0.015000 0.030457
2 0.346071 0.331853 0.029286 0.036802
2 0.392500 0.369924 0.027857 0.039340
2 0.367143 0.391497 0.027143 0.036802
2 0.444286 0.421320 0.028571 0.038071
2 0.310714 0.302030 0.030000 0.032995
2 0.272857 0.302030 0.024286 0.032995
2 0.533214 0.557741 0.033571 0.046954
2 0.482143 0.010152 0.014286 0.020305
2 0.377857 0.226523 0.017143 0.039340
0 0.522857 0.168147 0.005714 0.013959
2 0.570000 0.924492 0.018571 0.067259
2 0.625357 0.722716 0.027857 0.067259
2 0.619286 0.624365 0.032857 0.058376
2 0.657500 0.970812 0.017857 0.055838
2 0.788929 0.522843 0.023571 0.055838
2 0.722500 0.383249 0.012143 0.050761
2 0.717857 0.479695 0.014286 0.055838
2 0.716429 0.545685 0.017143 0.055838
2 0.678571 0.398477 0.014286 0.053299
2 0.671786 0.482234 0.016429 0.053299
2 0.699643 0.375635 0.015000 0.045685
2 0.703929 0.192259 0.010714 0.036802
2 0.703571 0.231599 0.011429 0.036802