2 0.417143 0.610952 0.061429 0.145714
2 0.769286 0.668095 0.110000 0.162857
2 0.848571 0.551429 0.108571 0.133333
2 0.843571 0.282857 0.062857 0.053333
2 0.794643 0.241429 0.046429 0.035238
2 0.717143 0.184762 0.035714 0.032381
2 0.477143 0.318571 0.038571 0.052381
2 0.389643 0.357143 0.042143 0.068571
2 0.335357 0.367143 0.039286 0.063810
2 0.393929 0.292857 0.032143 0.054286
2 0.971429 0.377619 0.050000 0.061905
2 0.907143 0.331905 0.077143 0.058095
2 0.563571 0.076190 0.014286 0.019048
2 0.537500 0.073810 0.016429 0.020000
2 0.360357 0.185238 0.022143 0.029524
2 0.339286 0.164762 0.022857 0.030476
2 0.247500 0.288571 0.082143 0.045714
2 0.260000 0.380000 0.068571 0.057143
2 0.284643 0.248571 0.066429 0.030476
2 0.291786 0.217143 0.066429 0.034286
2 0.755000 0.150000 0.041429 0.021905
2 0.744286 0.143333 0.040000 0.029524
2 0.738214 0.135238 0.049286 0.028571
2 0.733214 0.126667 0.046429 0.026667
2 0.714286 0.122857 0.060000 0.020952
2 0.697143 0.110952 0.054286 0.033333
2 0.587500 0.075714 0.012143 0.014286
2 0.366429 0.162857 0.025714 0.028571
2 0.833929 0.084286 0.026429 0.014286
2 0.820357 0.081905 0.026429 0.020952
2 0.887500 0.114762 0.026429 0.025714
2 0.931071 0.940476 0.132143 0.115238
2 0.281071 0.165714 0.027857 0.032381
2 0.353571 0.148095 0.051429 0.021905
2 0.466429 0.006190 0.008571 0.010476
2 0.500000 0.016190 0.008571 0.007619
2 0.509286 0.024762 0.010000 0.013333
2 0.598214 0.084286 0.017857 0.016190
0 0.595000 0.090476 0.004286 0.009524
0 0.540357 0.225714 0.010714 0.015238
0 0.875000 0.355238 0.011429 0.032381
2 0.690714 0.142857 0.021429 0.024762
0 0.329643 0.260000 0.010714 0.030476
0 0.411071 0.252381 0.013571 0.030476
0 0.196786 0.330476 0.022143 0.038095
0 0.200357 0.458571 0.015000 0.037143
0 0.472500 0.395238 0.010714 0.043810
0 0.510714 0.131429 0.007143 0.019048
0 0.558571 0.037619 0.004286 0.012381
0 0.525714 0.013333 0.004286 0.009524
0 0.590714 0.057143 0.004286 0.013333
0 0.577500 0.049048 0.005000 0.016190
2 0.803929 0.106667 0.040714 0.026667
2 0.832857 0.120000 0.027143 0.028571
2 0.880357 0.141905 0.043571 0.032381
2 0.875000 0.102381 0.028571 0.010476
2 0.859286 0.093810 0.031429 0.020000
2 0.988571 0.155714 0.022857 0.025714
0 0.895714 0.261905 0.012857 0.034286
0 0.957143 0.308095 0.015714 0.035238