2 0.135000 0.085714 0.028571 0.022857
2 0.477500 0.087143 0.015000 0.039048
2 0.442857 0.274762 0.014286 0.035238
2 0.455000 0.398095 0.012857 0.040000
2 0.486786 0.391429 0.013571 0.040000
2 0.489643 0.498571 0.013571 0.039048
2 0.539286 0.947619 0.015714 0.038095
2 0.144286 0.684286 0.018571 0.037143
2 0.194286 0.697143 0.014286 0.038095
2 0.209643 0.700000 0.017857 0.043810
2 0.194286 0.616667 0.032857 0.023810
2 0.935714 0.640000 0.028571 0.032381
0 0.449643 0.973810 0.003571 0.010476
0 0.472143 0.992857 0.004286 0.010476
0 0.473571 0.968095 0.004286 0.010476
0 0.477857 0.950952 0.004286 0.012381
0 0.470000 0.912857 0.004286 0.010476
0 0.467143 0.917143 0.002857 0.011429
0 0.465714 0.853810 0.004286 0.010476
0 0.464643 0.873810 0.003571 0.010476
0 0.469643 0.868571 0.003571 0.009524
0 0.473214 0.874762 0.003571 0.008571
0 0.469286 0.879048 0.002857 0.007619
0 0.472857 0.892857 0.002857 0.012381
0 0.468929 0.895714 0.003571 0.010476
0 0.423214 0.904286 0.005000 0.010476
0 0.402143 0.905238 0.004286 0.010476
0 0.451429 0.758095 0.004286 0.007619
0 0.455000 0.756667 0.004286 0.006667
0 0.441786 0.523333 0.003571 0.006667
0 0.445357 0.522381 0.003571 0.006667
0 0.422857 0.260476 0.004286 0.008571
0 0.425714 0.259524 0.002857 0.006667
0 0.390357 0.170952 0.006429 0.008571
0 0.411429 0.141429 0.004286 0.008571
0 0.413214 0.138571 0.003571 0.006667
0 0.240000 0.127619 0.007143 0.013333
0 0.238571 0.117619 0.010000 0.012381
0 0.217500 0.073333 0.006429 0.009524
0 0.229286 0.094286 0.004286 0.005714
0 0.242857 0.108571 0.007143 0.009524
0 0.238571 0.107143 0.002857 0.006667
0 0.285714 0.163810 0.004286 0.009524
0 0.951071 0.614762 0.010714 0.008571
0 0.938571 0.698095 0.011429 0.007619
0 0.891786 0.808571 0.009286 0.013333
0 0.882143 0.886190 0.007143 0.008571
0 0.883929 0.887143 0.010714 0.010476
0 0.822857 0.933810 0.007143 0.010476
0 0.824286 0.935714 0.008571 0.014286