2 0.445000 0.771333 0.058000 0.038667
0 0.513000 0.773333 0.013000 0.025333
0 0.448750 0.667667 0.007500 0.019333
0 0.502500 0.650333 0.007000 0.024667
2 0.437000 0.417333 0.025000 0.032000
2 0.455750 0.417333 0.022500 0.029333
2 0.490000 0.408333 0.028000 0.028667
2 0.505500 0.403000 0.023000 0.026000
2 0.521750 0.388000 0.031500 0.022667
2 0.500000 0.360333 0.030000 0.019333
2 0.646250 0.436667 0.030500 0.033333
2 0.635750 0.511000 0.028500 0.040667
2 0.603000 0.480000 0.023000 0.033333
2 0.588250 0.465667 0.024500 0.034000
2 0.503250 0.479000 0.029500 0.035333
2 0.522000 0.475333 0.025000 0.030667
2 0.536750 0.468000 0.026500 0.033333
0 0.688000 0.828000 0.009000 0.022667
0 0.346250 0.710000 0.008500 0.022667
0 0.423750 0.547333 0.006500 0.013333
0 0.165750 0.301667 0.006500 0.015333
0 0.238500 0.357333 0.005000 0.014667
0 0.243000 0.328667 0.005000 0.012000
0 0.245750 0.383333 0.005500 0.016000
0 0.249750 0.383000 0.005500 0.016667
0 0.245750 0.388333 0.004500 0.016667
0 0.251500 0.311333 0.005000 0.012000
0 0.301000 0.275667 0.004000 0.012667
0 0.225750 0.290000 0.004500 0.012000