0 0.822500 0.592381 0.032143 0.078095
0 0.536786 0.570476 0.020714 0.072381
0 0.606071 0.624762 0.032143 0.083810
0 0.552857 0.656190 0.022857 0.085714
0 0.578929 0.656190 0.025000 0.060952
0 0.439286 0.653333 0.022857 0.081905
0 0.418929 0.567143 0.020714 0.075238
0 0.383929 0.557143 0.020714 0.055238
0 0.406429 0.550952 0.025714 0.046667
0 0.461429 0.654286 0.020000 0.060952
0 0.353214 0.501905 0.020714 0.072381
0 0.386071 0.504762 0.025000 0.068571
0 0.428571 0.524286 0.031429 0.065714
0 0.582500 0.589048 0.020714 0.079048
0 0.907857 0.747619 0.025714 0.057143
0 0.942500 0.730476 0.040714 0.091429
0 0.387143 0.535238 0.022857 0.064762