2 0.136786 0.932381 0.066429 0.045714
2 0.135714 0.889524 0.060000 0.040000
2 0.127500 0.787619 0.072143 0.041905
2 0.227500 0.881429 0.030714 0.082857
2 0.280357 0.920952 0.062143 0.041905
2 0.278929 0.820476 0.062143 0.039048
2 0.282500 0.779524 0.057857 0.039048
2 0.280714 0.734286 0.064286 0.038095
2 0.399643 0.959524 0.030714 0.080952
2 0.400714 0.855238 0.030000 0.083810
2 0.406071 0.768095 0.029286 0.075238
2 0.413929 0.629524 0.030714 0.080000
2 0.407143 0.559524 0.057143 0.035238
2 0.407143 0.490476 0.058571 0.032381
2 0.409643 0.446190 0.053571 0.037143
2 0.412500 0.410000 0.056429 0.035238
2 0.416071 0.370476 0.057857 0.038095
2 0.415357 0.333333 0.059286 0.038095
2 0.415357 0.291905 0.050714 0.033333
2 0.421429 0.196190 0.055714 0.047619
2 0.426071 0.025238 0.057857 0.039048
0 0.355357 0.212857 0.007857 0.018095
0 0.340714 0.302857 0.008571 0.015238
2 0.546786 0.964286 0.029286 0.071429
2 0.612143 0.798571 0.027143 0.086667
0 0.567500 0.498095 0.009286 0.015238
0 0.558929 0.077619 0.007857 0.016190
0 0.766786 0.710000 0.006429 0.020000
2 0.742500 0.623333 0.026429 0.067619
0 0.761071 0.425238 0.010714 0.018095
2 0.746071 0.472857 0.026429 0.071429
2 0.878214 0.503810 0.053571 0.034286
0 0.780714 0.055714 0.008571 0.021905
2 0.751071 0.052857 0.032143 0.037143