2 0.261071 0.937183 0.013571 0.029188
2 0.256786 0.982868 0.019286 0.031726
2 0.366429 0.697335 0.014286 0.031726
2 0.311429 0.828046 0.015714 0.034264
2 0.462857 0.587563 0.011429 0.020305
2 0.478214 0.550761 0.012143 0.025381
2 0.508571 0.473985 0.012857 0.021574
2 0.485000 0.500635 0.008571 0.021574
2 0.517143 0.430838 0.012857 0.016497
2 0.568214 0.350254 0.010714 0.017766
2 0.564286 0.330584 0.011429 0.019036
2 0.552857 0.324239 0.010000 0.019036
2 0.574643 0.276650 0.010714 0.015228
0 0.541071 0.409898 0.003571 0.010152
2 0.583929 0.321066 0.010714 0.022843
2 0.600714 0.286802 0.011429 0.017766
2 0.617500 0.188452 0.009286 0.016497
0 0.608929 0.935914 0.003571 0.006345
0 0.617500 0.974619 0.003571 0.007614
0 0.628214 0.947335 0.003571 0.006345
0 0.630714 0.934010 0.002857 0.007614
0 0.638571 0.949873 0.002857 0.006345
0 0.631786 0.943528 0.003571 0.006345
0 0.634643 0.618020 0.003571 0.010152
2 0.672143 0.151015 0.008571 0.015228