2 0.398214 0.640000 0.045000 0.072381
2 0.450714 0.551905 0.045714 0.071429
0 0.012143 0.246190 0.007143 0.021905
0 0.155000 0.360952 0.008571 0.020952
0 0.185357 0.365714 0.007857 0.019048
0 0.194643 0.399048 0.007857 0.022857
0 0.175357 0.393810 0.006429 0.020000
0 0.163929 0.384762 0.009286 0.019048
0 0.246071 0.228571 0.005000 0.020952
0 0.191071 0.522857 0.009286 0.024762
0 0.040000 0.625714 0.008571 0.020952
0 0.056071 0.634762 0.007857 0.016190
0 0.119286 0.621429 0.010000 0.025714
0 0.141786 0.634762 0.010714 0.023810
0 0.156071 0.610476 0.006429 0.026667
0 0.166071 0.286667 0.006429 0.019048
0 0.313214 0.296667 0.010714 0.016190
0 0.343571 0.780952 0.010000 0.038095
0 0.357857 0.773810 0.011429 0.035238
0 0.492143 0.145238 0.004286 0.018095
0 0.496071 0.146667 0.003571 0.017143
0 0.500000 0.149048 0.002857 0.016190
2 0.491071 0.209048 0.042143 0.027619
2 0.503571 0.190476 0.035714 0.024762
2 0.529286 0.174286 0.041429 0.026667
2 0.536071 0.156667 0.037857 0.023810
2 0.548571 0.143333 0.037143 0.027619
2 0.562143 0.124762 0.041429 0.020952
2 0.587143 0.096190 0.040000 0.028571
2 0.530357 0.240476 0.027857 0.040952
2 0.489643 0.247143 0.042143 0.042857
2 0.412500 0.185714 0.057857 0.049524
2 0.567143 0.449048 0.047143 0.058095
0 0.375000 0.827619 0.005714 0.026667
0 0.364286 0.830476 0.005714 0.022857
0 0.678214 0.437143 0.006429 0.020952
2 0.706429 0.213810 0.031429 0.037143
0 0.597857 0.183810 0.004286 0.022857
2 0.601071 0.084762 0.036429 0.026667
2 0.637143 0.050000 0.031429 0.020000
2 0.647857 0.036667 0.032857 0.021905
2 0.655357 0.023810 0.036429 0.022857
2 0.664286 0.014762 0.030000 0.018095
2 0.663571 0.009048 0.030000 0.016190
2 0.675357 0.007143 0.029286 0.014286
2 0.616786 0.062381 0.032143 0.020000
0 0.580714 0.050476 0.004286 0.011429
0 0.832500 0.164286 0.007857 0.018095
0 0.787500 0.310952 0.005000 0.025714
0 0.254643 0.588571 0.012143 0.015238
0 0.718214 0.260476 0.006429 0.012381