2 0.460714 0.831218 0.031429 0.091371
2 0.430714 0.661168 0.022857 0.065990
2 0.471429 0.275381 0.017143 0.032995
2 0.446786 0.284898 0.016429 0.039340
2 0.505714 0.286168 0.017143 0.044416
2 0.523929 0.184010 0.012143 0.032995
2 0.472500 0.093909 0.010714 0.022843
2 0.413571 0.076777 0.011429 0.019036
2 0.475000 0.010152 0.008571 0.017766
2 0.362857 0.970812 0.037143 0.055838
2 0.459643 0.045685 0.010714 0.022843
2 0.383571 0.131980 0.028571 0.020305
0 0.448571 0.390863 0.007143 0.027919
0 0.493929 0.399112 0.007857 0.024112
0 0.513214 0.398477 0.007857 0.022843
0 0.513214 0.390863 0.007857 0.022843
0 0.628571 0.352157 0.007143 0.024112