2 0.401000 0.931667 0.032000 0.072667
2 0.480250 0.800333 0.033500 0.051333
2 0.365000 0.796667 0.036000 0.060000
0 0.387750 0.799000 0.007500 0.020667
2 0.344750 0.718000 0.027500 0.046667
2 0.328250 0.671000 0.022500 0.039333
0 0.355500 0.642000 0.007000 0.014667
0 0.311000 0.539333 0.006000 0.013333
2 0.281750 0.515333 0.017500 0.028000
2 0.277500 0.491667 0.016000 0.026000
2 0.269750 0.471667 0.013500 0.022000
0 0.302000 0.491667 0.006000 0.012667
2 0.264750 0.451333 0.015500 0.022667
2 0.260500 0.436667 0.012000 0.017333
0 0.238750 0.442000 0.003500 0.009333
0 0.234250 0.417000 0.003500 0.012667
2 0.251250 0.406667 0.012500 0.020000
0 0.259000 0.388333 0.004000 0.012667
0 0.246000 0.395667 0.004000 0.008667
2 0.245500 0.386000 0.010000 0.014667
0 0.248500 0.370667 0.004000 0.012000
2 0.241250 0.377333 0.011500 0.016000
2 0.209000 0.265667 0.009000 0.011333
2 0.228000 0.210667 0.006000 0.008000
2 0.206250 0.193333 0.005500 0.005333
2 0.204750 0.188000 0.004500 0.005333
0 0.204000 0.227333 0.003000 0.008000
0 0.209250 0.227333 0.002500 0.005333
2 0.301500 0.314667 0.009000 0.010667
2 0.217250 0.184333 0.004500 0.006000
2 0.197250 0.176333 0.006500 0.007333
2 0.206500 0.172333 0.005000 0.006000
2 0.209250 0.170667 0.004500 0.005333
2 0.563000 0.953333 0.045000 0.078667
2 0.617750 0.962333 0.052500 0.075333
2 0.900750 0.971000 0.058500 0.055333
0 0.859000 0.974000 0.011000 0.026667
0 0.816000 0.929667 0.011000 0.020667
0 0.777500 0.877667 0.011000 0.020667
2 0.738500 0.768333 0.044000 0.050000
0 0.698000 0.778667 0.010000 0.021333
2 0.702500 0.726333 0.040000 0.040667
0 0.664000 0.699333 0.008000 0.017333
2 0.616500 0.623000 0.033000 0.034000
0 0.569000 0.562000 0.006000 0.016000
0 0.540750 0.570000 0.006500 0.014667
2 0.667000 0.877667 0.045000 0.056667
2 0.520750 0.695000 0.031500 0.039333
2 0.498000 0.491333 0.022000 0.021333
0 0.501250 0.475000 0.004500 0.014000
0 0.512000 0.473000 0.004000 0.012667
2 0.475500 0.470333 0.020000 0.018000
2 0.449500 0.444333 0.018000 0.016667
2 0.441250 0.427333 0.016500 0.016000
2 0.488750 0.412000 0.016500 0.016000
2 0.417500 0.397667 0.014000 0.012667
2 0.409000 0.384667 0.015000 0.014667
2 0.348750 0.372333 0.013500 0.015333
2 0.341250 0.341333 0.011500 0.012000
2 0.367750 0.323000 0.007500 0.011333
0 0.405500 0.398000 0.005000 0.010667
0 0.393000 0.387000 0.004000 0.011333
2 0.396250 0.369000 0.012500 0.012667
2 0.388250 0.359667 0.011500 0.011333
2 0.382000 0.349667 0.012000 0.012667
2 0.374750 0.341667 0.012500 0.012667
2 0.406000 0.363000 0.012000 0.012667
2 0.390750 0.286000 0.016500 0.009333
0 0.369250 0.349667 0.002500 0.008667
0 0.369500 0.355667 0.004000 0.010000
0 0.357250 0.335333 0.002500 0.006667
2 0.409500 0.287333 0.020000 0.012000
2 0.320500 0.291333 0.005000 0.009333
0 0.360250 0.289667 0.002500 0.008667
0 0.347750 0.320667 0.002500 0.009333
2 0.263000 0.236667 0.007000 0.008000
2 0.258500 0.229333 0.006000 0.006667
2 0.246500 0.213000 0.005000 0.006000
2 0.246000 0.207667 0.005000 0.004667
2 0.236000 0.203667 0.005000 0.006000
2 0.232000 0.195667 0.005000 0.006000
2 0.228500 0.189000 0.005000 0.004667
2 0.224750 0.182667 0.004500 0.005333
2 0.219750 0.175000 0.003500 0.004667
2 0.226000 0.173667 0.004000 0.004667
2 0.235750 0.170333 0.007500 0.004667
2 0.235250 0.178000 0.004500 0.005333
2 0.239500 0.184000 0.005000 0.005333
2 0.242250 0.199667 0.004500 0.006000
2 0.238250 0.194000 0.004500 0.005333
2 0.236500 0.190000 0.005000 0.005333
2 0.233250 0.185333 0.004500 0.005333
2 0.230500 0.181000 0.004000 0.004667
2 0.229250 0.177333 0.004500 0.005333
2 0.284750 0.226000 0.005500 0.006667
2 0.284250 0.211667 0.011500 0.007333
0 0.337500 0.308667 0.003000 0.006667
0 0.333500 0.295000 0.002000 0.006000
0 0.325250 0.287000 0.002500 0.006000
0 0.330750 0.273667 0.002500 0.007333
0 0.351500 0.282333 0.002000 0.007333
0 0.362000 0.271000 0.002000 0.007333
2 0.296750 0.240667 0.006500 0.006667
2 0.294000 0.237333 0.007000 0.006667
2 0.291750 0.233333 0.005500 0.005333
2 0.296500 0.220667 0.007000 0.006667
2 0.325500 0.277333 0.008000 0.009333
2 0.322250 0.273000 0.008500 0.008667
2 0.317500 0.269000 0.008000 0.008667
2 0.314500 0.264333 0.008000 0.007333
2 0.311750 0.259667 0.008500 0.008667
2 0.308000 0.256333 0.008000 0.007333
2 0.305250 0.251333 0.007500 0.008000
2 0.302250 0.248000 0.007500 0.008000
0 0.299250 0.252667 0.002500 0.005333
0 0.312250 0.271667 0.002500 0.006000
2 0.039250 0.467000 0.033500 0.020667
0 0.966250 0.937333 0.009500 0.028000