2 0.096429 0.950508 0.030000 0.058376
2 0.493929 0.967640 0.022143 0.062183
2 0.468571 0.953046 0.021429 0.065990
2 0.703214 0.760787 0.022143 0.044416
0 0.014643 0.421954 0.005000 0.013959
0 0.008214 0.428934 0.006429 0.015228
0 0.003929 0.432107 0.006429 0.013959
0 0.027143 0.428934 0.005714 0.015228
0 0.026071 0.437183 0.007857 0.011421
0 0.013571 0.454315 0.005714 0.017766
0 0.068214 0.546320 0.007857 0.013959
0 0.056786 0.604061 0.005000 0.012690
0 0.052143 0.606599 0.004286 0.012690
0 0.069643 0.649746 0.007857 0.015228
0 0.181429 0.484137 0.004286 0.013959
0 0.179643 0.538706 0.005000 0.013959
0 0.114286 0.690355 0.005714 0.015228
0 0.121071 0.722081 0.005000 0.015228
0 0.075357 0.937817 0.006429 0.015228
0 0.075357 0.932107 0.005000 0.008883
2 0.121429 0.876269 0.027143 0.052030
0 0.862500 0.753173 0.006429 0.013959
0 0.862857 0.746193 0.007143 0.012690
0 0.866071 0.734772 0.006429 0.010152
0 0.860714 0.479061 0.005714 0.013959
0 0.854643 0.473985 0.005000 0.013959
2 0.937857 0.369289 0.030000 0.030457
2 0.853571 0.088832 0.011429 0.020305
2 0.748214 0.128807 0.013571 0.021574
2 0.781429 0.281091 0.027143 0.024112
2 0.514643 0.081853 0.020714 0.021574
2 0.563929 0.524112 0.016429 0.038071
2 0.604643 0.243020 0.013571 0.021574
2 0.596786 0.303299 0.016429 0.027919
2 0.567500 0.215102 0.012143 0.024112
2 0.531429 0.234772 0.015714 0.022843
2 0.559643 0.329315 0.016429 0.026650
2 0.540000 0.374365 0.015714 0.027919
2 0.520714 0.302665 0.017143 0.026650
2 0.498571 0.249365 0.017143 0.024112
2 0.535357 0.328046 0.016429 0.029188
2 0.430000 0.352157 0.015714 0.031726
0 0.549643 0.868020 0.006429 0.017766
2 0.556429 0.770939 0.021429 0.054569
2 0.532500 0.840736 0.023571 0.057107
2 0.171786 0.693528 0.020714 0.049492
2 0.183571 0.633249 0.020000 0.040609
2 0.197500 0.578046 0.017857 0.036802
2 0.210000 0.515228 0.015714 0.035533
2 0.217500 0.464467 0.016429 0.032995
2 0.300357 0.295051 0.015000 0.026650
2 0.399286 0.017132 0.020000 0.019036
0 0.294643 0.081218 0.002143 0.010152
0 0.305714 0.052030 0.002857 0.010152
0 0.296786 0.081853 0.002143 0.008883
0 0.298929 0.080584 0.002143 0.011421
0 0.240000 0.186548 0.002857 0.012690
0 0.229643 0.078046 0.002143 0.008883