2 0.071786 0.844286 0.116429 0.138095
0 0.176071 0.769524 0.025000 0.074286
2 0.138214 0.618095 0.062143 0.032381
2 0.199643 0.591905 0.057857 0.023810
2 0.404643 0.579048 0.039286 0.022857
2 0.551786 0.573810 0.033571 0.020000
2 0.570357 0.566190 0.030714 0.016190
2 0.816429 0.700952 0.104286 0.062857
2 0.911786 0.681905 0.106429 0.049524
2 0.938214 0.668571 0.099286 0.053333
2 0.770000 0.577619 0.038571 0.020000
2 0.704643 0.559048 0.027857 0.017143
2 0.745357 0.559524 0.029286 0.016190
2 0.964643 0.570952 0.032143 0.018095
2 0.971429 0.547143 0.021429 0.014286
2 0.851786 0.550000 0.023571 0.016190
2 0.724643 0.541905 0.022143 0.011429
2 0.647500 0.543333 0.020714 0.010476
2 0.663571 0.542857 0.020000 0.011429