2 0.418214 0.981599 0.019286 0.034264
2 0.371429 0.599619 0.028571 0.074873
2 0.377857 0.527919 0.020000 0.071066
2 0.461786 0.565355 0.017857 0.067259
2 0.575714 0.451777 0.017143 0.065990
0 0.938214 0.864848 0.013571 0.021574
0 0.905000 0.729695 0.010000 0.015228
0 0.888214 0.664340 0.010714 0.013959
0 0.895714 0.675127 0.008571 0.015228
0 0.883929 0.677030 0.010714 0.011421
0 0.876786 0.708756 0.009286 0.016497
0 0.886429 0.706218 0.008571 0.013959
2 0.771786 0.193528 0.016429 0.057107
0 0.088929 0.175761 0.010714 0.024112
0 0.113929 0.103426 0.007857 0.026650
2 0.474643 0.210025 0.015000 0.044416
2 0.467857 0.394670 0.015714 0.050761
2 0.523571 0.359137 0.015714 0.060914