2 0.602250 0.935333 0.084500 0.118667
2 0.585000 0.765000 0.053000 0.098000
2 0.678500 0.711000 0.055000 0.076667
2 0.645000 0.632000 0.055000 0.065333
2 0.545500 0.662000 0.044000 0.078667
2 0.506000 0.539000 0.032000 0.051333
2 0.486500 0.489000 0.029000 0.048667
2 0.469250 0.453333 0.028500 0.040000
2 0.452000 0.417667 0.028000 0.035333
2 0.491500 0.332333 0.030000 0.023333
2 0.514000 0.218667 0.031000 0.017333
2 0.469500 0.214333 0.025000 0.015333
2 0.357250 0.210333 0.027500 0.014000
0 0.352250 0.196667 0.003500 0.014667
0 0.493250 0.145000 0.002500 0.010000
0 0.497750 0.144667 0.002500 0.009333
2 0.384000 0.115667 0.012000 0.008667
2 0.571750 0.146000 0.019500 0.010667
2 0.603750 0.153667 0.018500 0.011333
2 0.629000 0.123333 0.011000 0.009333
2 0.376250 0.488000 0.028500 0.040000
2 0.559750 0.473333 0.034500 0.037333
2 0.538250 0.435333 0.031500 0.033333
0 0.515750 0.396333 0.004500 0.023333
2 0.620750 0.251667 0.025500 0.016667
2 0.099250 0.245000 0.024500 0.015333
2 0.133000 0.234000 0.027000 0.018667
2 0.183500 0.218667 0.027000 0.016000
2 0.227250 0.209333 0.028500 0.016000
2 0.259750 0.183000 0.013500 0.012667
2 0.256250 0.173333 0.010500 0.012000
0 0.260250 0.198667 0.002500 0.014667
2 0.310750 0.212000 0.020500 0.013333