2 0.227143 0.387690 0.068571 0.057107
2 0.240357 0.335660 0.070714 0.057107
2 0.268571 0.238579 0.060000 0.050761
2 0.281786 0.193528 0.057857 0.049492
2 0.288571 0.154822 0.060000 0.050761
2 0.301786 0.107868 0.059286 0.045685
2 0.336786 0.050761 0.027857 0.083756
2 0.011429 0.643401 0.022857 0.139594
0 0.638929 0.025381 0.007857 0.035533
0 0.644286 0.348350 0.007143 0.036802
0 0.687500 0.406091 0.007857 0.030457
0 0.698571 0.395939 0.010000 0.038071
0 0.821071 0.251904 0.012143 0.029188
0 0.535000 0.088198 0.010000 0.034264
0 0.517143 0.099619 0.010000 0.026650
0 0.508571 0.048223 0.010000 0.035533
0 0.518571 0.045051 0.007143 0.029188
0 0.530714 0.047589 0.005714 0.031726
0 0.537500 0.047589 0.007857 0.031726
0 0.717500 0.514594 0.020714 0.021574
0 0.517143 0.954949 0.012857 0.036802
0 0.538214 0.932107 0.009286 0.029188
0 0.537857 0.880711 0.010000 0.043147
0 0.497500 0.937183 0.016429 0.021574
0 0.457857 0.603426 0.010000 0.034264
0 0.463571 0.527284 0.011429 0.036802
0 0.566429 0.378807 0.005714 0.029188
0 0.545714 0.392132 0.008571 0.035533
0 0.503214 0.365482 0.005000 0.025381
0 0.475357 0.372462 0.010714 0.034264
0 0.726429 0.463832 0.012857 0.026650
0 0.860714 0.241751 0.018571 0.041878
0 0.530357 0.030457 0.007857 0.030457