0 0.100714 0.686190 0.012857 0.010476
0 0.263214 0.657619 0.010714 0.008571
2 0.327143 0.590952 0.051429 0.029524
2 0.376429 0.682857 0.021429 0.060952
0 0.374643 0.609048 0.010714 0.010476
2 0.381429 0.744286 0.048571 0.033333
2 0.367500 0.775238 0.049286 0.034286
2 0.350714 0.838571 0.047143 0.031429
2 0.341429 0.892857 0.044286 0.029524
2 0.343214 0.925238 0.049286 0.033333
2 0.330357 0.992381 0.053571 0.015238
0 0.190714 0.534286 0.008571 0.009524
0 0.249286 0.447619 0.010000 0.011429
0 0.262500 0.442857 0.009286 0.011429
0 0.150000 0.561429 0.011429 0.014286
0 0.274643 0.397143 0.009286 0.011429
2 0.413929 0.460000 0.020714 0.055238
0 0.255000 0.287143 0.007143 0.010476
0 0.249286 0.279524 0.007143 0.010476
0 0.258214 0.275238 0.012143 0.013333
0 0.337500 0.256190 0.009286 0.019048
2 0.281786 0.193810 0.043571 0.031429
2 0.278571 0.166190 0.042857 0.033333
2 0.311071 0.118571 0.025000 0.052381
0 0.327143 0.129524 0.008571 0.017143
2 0.270714 0.112857 0.044286 0.033333
2 0.268214 0.089524 0.043571 0.032381
2 0.305357 0.056190 0.020714 0.051429
2 0.266786 0.062857 0.037857 0.030476
2 0.265357 0.035238 0.042143 0.028571
2 0.261071 0.012381 0.037857 0.024762
2 0.298571 0.015238 0.021429 0.030476
0 0.540000 0.718095 0.007143 0.015238
2 0.466786 0.602857 0.023571 0.066667
0 0.558214 0.648095 0.010714 0.016190
0 0.574643 0.660000 0.012143 0.017143
0 0.612857 0.621905 0.008571 0.007619
0 0.430357 0.497619 0.006429 0.008571
2 0.448214 0.465238 0.023571 0.056190
0 0.369643 0.435238 0.006429 0.013333
2 0.635000 0.273333 0.030000 0.055238
0 0.661429 0.278571 0.008571 0.014286
2 0.530000 0.164762 0.028571 0.049524
0 0.504286 0.125238 0.008571 0.014286
0 0.454643 0.113810 0.007857 0.010476
0 0.467143 0.117143 0.007143 0.013333
0 0.482143 0.101905 0.007143 0.013333
0 0.463214 0.102381 0.006429 0.008571
0 0.468571 0.090476 0.007143 0.015238
0 0.508571 0.079524 0.005714 0.012381
0 0.498929 0.068095 0.006429 0.018095
0 0.483929 0.056190 0.007857 0.011429
0 0.489643 0.052381 0.009286 0.009524
0 0.682143 0.018095 0.008571 0.013333
0 0.664643 0.940952 0.007857 0.011429
2 0.634286 0.827619 0.045714 0.030476
2 0.633929 0.799048 0.046429 0.030476
2 0.744286 0.713810 0.027143 0.065714
2 0.783571 0.576190 0.025714 0.057143
0 0.751429 0.532857 0.010000 0.010476
2 0.777857 0.379048 0.022857 0.055238
2 0.738571 0.307619 0.027143 0.051429
2 0.807857 0.269524 0.030000 0.051429
2 0.783214 0.194286 0.029286 0.053333
2 0.836071 0.192381 0.029286 0.053333
2 0.883571 0.140000 0.024286 0.051429
2 0.931786 0.106190 0.033571 0.052381
0 0.866071 0.067619 0.006429 0.011429
0 0.865357 0.062381 0.009286 0.016190
2 0.848929 0.023333 0.029286 0.046667