2 0.500357 0.644286 0.065000 0.134286
2 0.431429 0.641905 0.067143 0.139048
2 0.367857 0.666190 0.067143 0.147619
2 0.384643 0.487143 0.062143 0.130476
2 0.444643 0.461429 0.063571 0.120952
2 0.458929 0.289524 0.063571 0.120000
2 0.398929 0.309048 0.063571 0.120952
2 0.338214 0.332857 0.063571 0.120952
2 0.280357 0.362381 0.063571 0.126667
2 0.208929 0.410000 0.069286 0.132381
2 0.193571 0.119524 0.060000 0.143810
2 0.431786 0.884286 0.067857 0.147619
2 0.493929 0.841905 0.067857 0.148571
2 0.533571 0.969048 0.050000 0.061905
0 0.389643 0.117619 0.017857 0.029524
0 0.502143 0.155714 0.015714 0.027619
0 0.505000 0.167619 0.012857 0.022857
0 0.572143 0.242857 0.015714 0.030476
0 0.640714 0.323810 0.014286 0.026667