2 0.361786 0.899524 0.057857 0.101905
2 0.303214 0.984286 0.035000 0.031429
2 0.433214 0.735238 0.050714 0.085714
2 0.490714 0.625238 0.048571 0.079048
2 0.515000 0.682857 0.050000 0.093333
2 0.859643 0.532857 0.035000 0.071429
2 0.535000 0.519524 0.044286 0.071429
2 0.653571 0.276667 0.035714 0.061905
0 0.870000 0.429048 0.015714 0.020000
0 0.892857 0.341905 0.014286 0.022857
0 0.858214 0.333810 0.013571 0.016190
0 0.866071 0.321905 0.010714 0.017143
0 0.902500 0.293810 0.013571 0.025714
0 0.908571 0.253333 0.014286 0.019048
0 0.911429 0.228095 0.012857 0.025714
0 0.946071 0.145238 0.012143 0.020000
2 0.960000 0.114762 0.027143 0.040952
2 0.910357 0.099048 0.046429 0.030476
0 0.937857 0.090000 0.011429 0.021905
0 0.936429 0.051905 0.012857 0.023810
0 0.775714 0.863333 0.011429 0.018095
0 0.703571 0.874286 0.012857 0.013333
0 0.642857 0.250476 0.012857 0.028571
2 0.759286 0.134286 0.032857 0.053333
2 0.776429 0.020000 0.030000 0.040000
2 0.311429 0.404286 0.054286 0.058095
2 0.288929 0.428571 0.053571 0.057143
2 0.270714 0.464762 0.048571 0.051429
2 0.185714 0.609048 0.058571 0.063810
2 0.232143 0.533810 0.047143 0.054286
2 0.247143 0.498095 0.052857 0.055238
2 0.402143 0.472857 0.041429 0.056190
2 0.434286 0.411429 0.037143 0.064762
0 0.474286 0.232381 0.010000 0.026667
0 0.490357 0.202857 0.009286 0.026667
2 0.225000 0.797143 0.057143 0.081905