2 0.320000 0.986667 0.025714 0.022857
2 0.319286 0.872857 0.030000 0.021905
2 0.317500 0.851905 0.029286 0.023810
2 0.318214 0.820000 0.027857 0.020952
2 0.316429 0.798571 0.030000 0.021905
2 0.316429 0.779524 0.030000 0.021905
2 0.318929 0.755714 0.030714 0.020000
2 0.322143 0.693810 0.027143 0.035238
2 0.351429 0.688095 0.014286 0.042857
2 0.372857 0.681429 0.025714 0.018095
2 0.370714 0.702857 0.025714 0.019048
2 0.482143 0.777619 0.012857 0.037143
2 0.235357 0.641905 0.030714 0.020952
2 0.198571 0.630476 0.031429 0.022857
2 0.114286 0.610952 0.032857 0.020000
2 0.081071 0.603333 0.025000 0.018095
2 0.051786 0.596667 0.029286 0.020000
2 0.181429 0.523810 0.015714 0.036190
2 0.351071 0.521429 0.013571 0.029524
2 0.368571 0.519524 0.014286 0.040952
2 0.383214 0.520952 0.010714 0.038095
2 0.217857 0.532857 0.014286 0.040952
2 0.233929 0.529524 0.016429 0.038095
2 0.270000 0.528571 0.015714 0.040000
2 0.250714 0.385238 0.018571 0.037143
2 0.284286 0.384286 0.017143 0.029524
2 0.302857 0.384762 0.017143 0.034286
2 0.323929 0.386190 0.022143 0.031429
2 0.343571 0.387143 0.020000 0.031429
2 0.418214 0.259524 0.020714 0.037143
2 0.423214 0.220476 0.015000 0.042857
2 0.414643 0.100952 0.013571 0.040000
2 0.506429 0.139524 0.012857 0.040952
2 0.107500 0.170476 0.016429 0.030476
2 0.840000 0.342381 0.030000 0.020000
2 0.765714 0.339524 0.030000 0.018095
2 0.716071 0.267143 0.012143 0.035238
2 0.675714 0.130952 0.025714 0.020000
2 0.617500 0.546190 0.013571 0.039048
2 0.791071 0.638571 0.030714 0.021905
2 0.821071 0.644286 0.016429 0.040952
2 0.850714 0.703333 0.015714 0.037143
2 0.895714 0.978571 0.030000 0.020000
2 0.611071 0.750000 0.012143 0.039048
0 0.670000 0.723333 0.007143 0.008571
0 0.658929 0.629048 0.003571 0.004762
0 0.662500 0.633333 0.003571 0.007619
0 0.689643 0.658571 0.005000 0.004762
0 0.694643 0.658095 0.003571 0.005714
0 0.698214 0.656667 0.003571 0.004762
0 0.698214 0.663333 0.005000 0.006667
0 0.706071 0.659048 0.003571 0.003810
0 0.709286 0.660000 0.002857 0.005714
0 0.712500 0.659524 0.003571 0.004762