0 0.160000 0.856190 0.007143 0.003810
0 0.872857 0.576190 0.005714 0.003810
0 0.901071 0.670476 0.006429 0.005714
0 0.908571 0.669524 0.005714 0.005714
0 0.926786 0.559048 0.006429 0.007619
0 0.614286 0.602857 0.004286 0.005714
0 0.623571 0.612381 0.004286 0.003810
2 0.695714 0.467143 0.012857 0.029524
2 0.738929 0.467143 0.015000 0.027619
2 0.696786 0.410000 0.012143 0.031429
2 0.734286 0.405238 0.014286 0.031429
2 0.751071 0.406667 0.015000 0.032381
2 0.770714 0.465714 0.014286 0.030476
2 0.778571 0.402857 0.014286 0.026667
2 0.793214 0.401429 0.015000 0.025714
2 0.819643 0.401429 0.016429 0.029524
2 0.861429 0.399048 0.015714 0.030476
2 0.879643 0.399048 0.016429 0.028571
2 0.852500 0.464762 0.016429 0.028571
2 0.871786 0.464762 0.016429 0.030476
2 0.901786 0.459524 0.017857 0.029524
2 0.995357 0.456190 0.009286 0.030476
2 0.985000 0.215714 0.024286 0.014286
2 0.960357 0.216190 0.025000 0.015238
2 0.933214 0.218095 0.023571 0.013333
2 0.906786 0.218095 0.023571 0.015238
2 0.855000 0.221905 0.022857 0.013333
2 0.828214 0.222857 0.022143 0.013333
2 0.802143 0.223810 0.021429 0.013333
2 0.778214 0.224762 0.022143 0.015238
2 0.721071 0.227143 0.023571 0.014286
2 0.750357 0.225714 0.020714 0.013333
2 0.694643 0.228095 0.022143 0.014286
2 0.665357 0.229048 0.022143 0.014286
2 0.642143 0.229048 0.020000 0.014286
2 0.616429 0.230952 0.022857 0.012381
2 0.590357 0.231429 0.017857 0.013333
2 0.538214 0.233810 0.020714 0.014286
2 0.512500 0.235238 0.020714 0.013333
2 0.488214 0.236190 0.020714 0.013333
2 0.461786 0.236667 0.020714 0.014286
2 0.062143 0.069524 0.022857 0.013333
2 0.048929 0.110000 0.022143 0.012381
2 0.046786 0.132857 0.020714 0.014286
2 0.099643 0.124762 0.010714 0.024762
2 0.106429 0.145714 0.010000 0.024762
2 0.116786 0.144286 0.009286 0.025714
2 0.233214 0.125714 0.020714 0.013333
0 0.273929 0.128095 0.003571 0.006667
2 0.234286 0.114286 0.020000 0.013333
2 0.237500 0.104762 0.020714 0.011429
2 0.240357 0.092857 0.020714 0.012381
2 0.241786 0.082381 0.017857 0.012381
2 0.275714 0.075238 0.018571 0.013333
2 0.275714 0.048571 0.018571 0.013333
2 0.276786 0.039524 0.019286 0.012381
2 0.350000 0.187619 0.020000 0.011429
2 0.350000 0.176667 0.021429 0.014286
2 0.352857 0.165714 0.018571 0.011429
2 0.388214 0.173333 0.019286 0.013333
2 0.388214 0.161429 0.017857 0.012381
2 0.388571 0.044762 0.008571 0.019048
2 0.385000 0.016190 0.018571 0.011429
2 0.517857 0.151905 0.012857 0.020000
2 0.564286 0.170476 0.008571 0.022857
2 0.576786 0.140476 0.020714 0.014286
2 0.574643 0.118571 0.019286 0.014286
2 0.572143 0.080952 0.018571 0.013333
2 0.572143 0.061429 0.018571 0.014286
2 0.567143 0.028571 0.018571 0.013333
2 0.711786 0.010000 0.017857 0.014286
2 0.716786 0.039048 0.019286 0.015238
2 0.722143 0.064762 0.018571 0.013333
2 0.725000 0.074762 0.017143 0.012381
2 0.728571 0.097143 0.020000 0.013333
2 0.729286 0.107619 0.021429 0.013333
2 0.735357 0.117619 0.020714 0.012381
2 0.735357 0.127619 0.020714 0.013333
2 0.862143 0.009048 0.018571 0.014286
2 0.874643 0.042857 0.019286 0.013333
2 0.886786 0.093333 0.020714 0.019048
2 0.886071 0.104286 0.019286 0.018095
2 0.902143 0.158095 0.012857 0.022857