2 0.062500 0.234286 0.013571 0.015238
2 0.043214 0.236190 0.017857 0.011429
2 0.046071 0.230000 0.015000 0.010476
2 0.056786 0.226190 0.015000 0.014286
2 0.007143 0.266667 0.014286 0.013333
2 0.519286 0.419524 0.014286 0.027619
2 0.493571 0.030952 0.004286 0.006667
2 0.570000 0.026190 0.004286 0.006667
0 0.523571 0.362381 0.002857 0.010476
0 0.510714 0.366190 0.002857 0.012381
0 0.534286 0.362857 0.002857 0.009524
0 0.475714 0.494286 0.004286 0.013333
0 0.484286 0.882857 0.004286 0.015238
0 0.545357 0.312381 0.003571 0.007619
0 0.925357 0.299048 0.005000 0.009524