2 0.486071 0.473333 0.010714 0.019048
2 0.517143 0.443810 0.012857 0.013333
2 0.578929 0.630000 0.015000 0.025714
2 0.568571 0.600000 0.015714 0.022857
2 0.584643 0.745714 0.019286 0.036190
2 0.573214 0.701905 0.017857 0.032381
2 0.666071 0.720476 0.017857 0.037143
2 0.680357 0.766667 0.026429 0.043810
2 0.637143 0.940952 0.032857 0.066667
2 0.587857 0.664762 0.017143 0.026667
2 0.558214 0.617143 0.013571 0.022857
2 0.564286 0.575238 0.012857 0.019048
2 0.556071 0.551905 0.012143 0.018095
2 0.626429 0.411429 0.014286 0.009524
2 0.571786 0.420000 0.015000 0.009524
0 0.811071 0.974762 0.010714 0.018095
2 0.554286 0.507143 0.007143 0.012381
0 0.563929 0.438571 0.002143 0.008571
0 0.576071 0.442381 0.003571 0.008571
2 0.261429 0.465714 0.014286 0.011429
0 0.327857 0.504762 0.002857 0.009524
2 0.593571 0.385238 0.007143 0.006667
2 0.620000 0.378571 0.007143 0.010476
2 0.626429 0.379524 0.008571 0.008571
2 0.603571 0.386667 0.008571 0.005714
2 0.642857 0.377619 0.008571 0.008571
2 0.634643 0.378571 0.007857 0.008571
2 0.620357 0.387143 0.006429 0.008571
0 0.786429 0.897619 0.007143 0.020000
0 0.802143 0.952381 0.005714 0.019048