2 0.277000 0.901667 0.025000 0.051333
2 0.287750 0.850000 0.023500 0.048000
2 0.324500 0.707333 0.021000 0.033333
2 0.349000 0.643333 0.015000 0.030667
2 0.505750 0.829000 0.017500 0.040667
2 0.595250 0.941333 0.024500 0.057333
2 0.582250 0.822667 0.017500 0.042667
2 0.580500 0.780667 0.017000 0.037333
2 0.577750 0.737000 0.017500 0.034000
2 0.573250 0.698000 0.017500 0.033333
2 0.562500 0.627333 0.017000 0.026667
2 0.555500 0.594667 0.014000 0.025333
2 0.178250 0.407667 0.013500 0.015333
2 0.553000 0.568000 0.013000 0.021333
2 0.548750 0.543333 0.012500 0.021333
2 0.364250 0.559333 0.011500 0.021333
2 0.369000 0.532667 0.010000 0.021333
2 0.373500 0.510333 0.012000 0.020667
2 0.424250 0.498333 0.010500 0.019333
2 0.441250 0.479333 0.010500 0.018667
2 0.425750 0.452667 0.009500 0.016000
2 0.443250 0.429667 0.010500 0.015333
2 0.433000 0.417333 0.010000 0.013333
0 0.558500 0.765667 0.006000 0.012667
0 0.540000 0.692000 0.005000 0.010667
0 0.560750 0.682667 0.004500 0.012000
0 0.538000 0.623333 0.005000 0.012000
0 0.545000 0.623333 0.004000 0.010667
0 0.533750 0.553667 0.003500 0.010000
0 0.389000 0.530667 0.005000 0.008000
0 0.404000 0.453000 0.003000 0.007333
0 0.412000 0.445000 0.004000 0.006000
0 0.400500 0.445333 0.003000 0.008000
0 0.401500 0.431000 0.002000 0.006000
0 0.408500 0.424000 0.004000 0.009333
0 0.406500 0.393000 0.003000 0.007333
0 0.413500 0.345333 0.002000 0.005333
0 0.512000 0.438333 0.003000 0.008667
2 0.519250 0.395000 0.008500 0.012667
2 0.518250 0.384333 0.008500 0.010000
2 0.515250 0.367000 0.008500 0.011333
2 0.514250 0.359000 0.006500 0.010000
2 0.512500 0.340333 0.007000 0.008667
2 0.440750 0.366333 0.008500 0.012667
2 0.429000 0.356000 0.009000 0.014667
2 0.414000 0.371000 0.009000 0.014000
0 0.373250 0.550000 0.003500 0.013333
2 0.375750 0.492667 0.012500 0.016000
2 0.378500 0.478667 0.011000 0.016000
2 0.382750 0.462000 0.011500 0.017333
2 0.386000 0.446667 0.010000 0.014667
2 0.389250 0.432000 0.010500 0.014667
0 0.389500 0.438667 0.004000 0.004000
2 0.391250 0.419333 0.008500 0.012000
2 0.393750 0.407667 0.009500 0.014000
2 0.396500 0.390333 0.009000 0.012667
2 0.398750 0.378667 0.008500 0.012000
2 0.389000 0.375667 0.008000 0.012667
2 0.391500 0.364667 0.008000 0.010667
2 0.377750 0.368333 0.008500 0.012667
2 0.404250 0.348667 0.007500 0.010667
2 0.381500 0.346333 0.008000 0.011333
2 0.372750 0.344667 0.007500 0.010667
2 0.380750 0.336667 0.008500 0.009333
2 0.368250 0.368000 0.007500 0.012000
0 0.492750 0.314333 0.003500 0.007333
0 0.464750 0.313000 0.003500 0.008667
2 0.481250 0.223667 0.004500 0.006000
2 0.474250 0.232667 0.005500 0.006667
2 0.474250 0.226667 0.005500 0.006667
2 0.474000 0.220667 0.004000 0.004000
2 0.466750 0.232000 0.005500 0.006667
2 0.378000 0.313333 0.016000 0.006667
2 0.378250 0.308667 0.015500 0.006667
2 0.379750 0.295333 0.014500 0.008000
2 0.380000 0.291667 0.015000 0.007333
2 0.381250 0.289000 0.015500 0.007333
2 0.385000 0.286333 0.014000 0.007333
2 0.389000 0.277000 0.015000 0.006000
2 0.390250 0.271000 0.012500 0.006000
2 0.392750 0.266333 0.013500 0.006000
2 0.393500 0.263667 0.012000 0.006000
2 0.396000 0.256333 0.013000 0.006000
2 0.416500 0.284667 0.006000 0.009333
2 0.435250 0.293333 0.006500 0.009333
2 0.446250 0.290333 0.006500 0.010000
2 0.441750 0.279667 0.006500 0.008667
2 0.455000 0.275000 0.006000 0.008667
2 0.467500 0.262333 0.005000 0.007333
2 0.455750 0.249000 0.005500 0.008667
2 0.444750 0.245000 0.005500 0.007333
2 0.420250 0.266333 0.005500 0.008667
2 0.424250 0.246667 0.006500 0.008000
2 0.424500 0.239333 0.006000 0.006667
2 0.426750 0.230667 0.004500 0.006667
2 0.429250 0.226333 0.003500 0.006000
2 0.434500 0.225000 0.005000 0.006000
2 0.186000 0.397667 0.013000 0.014000
2 0.191000 0.386333 0.010000 0.011333
2 0.206500 0.396000 0.009000 0.013333
2 0.466500 0.296000 0.004000 0.008000
2 0.912250 0.642333 0.035500 0.020667
2 0.983500 0.721000 0.033000 0.028667
0 0.276250 0.707000 0.005500 0.016667