2 0.195357 0.117143 0.082143 0.051429
2 0.198571 0.166667 0.075714 0.053333
2 0.345357 0.030952 0.030714 0.061905
2 0.342143 0.124286 0.034286 0.096190
2 0.500714 0.172857 0.028571 0.088571
2 0.502500 0.284286 0.032143 0.103810
2 0.498214 0.402857 0.035000 0.097143
2 0.510714 0.934762 0.028571 0.090476
2 0.509286 0.809524 0.035714 0.114286
2 0.452143 0.855714 0.031429 0.132381
2 0.508929 0.659524 0.035000 0.105714
2 0.505357 0.532857 0.037857 0.107619
2 0.340357 0.852381 0.065000 0.116190
2 0.329643 0.968571 0.033571 0.060952
2 0.257857 0.890000 0.044286 0.124762
0 0.227143 0.962857 0.017143 0.026667
0 0.205357 0.974762 0.017857 0.031429
0 0.187857 0.929048 0.015714 0.023810
0 0.240714 0.608095 0.018571 0.023810
2 0.182857 0.587619 0.084286 0.049524
2 0.188571 0.520476 0.087143 0.046667
2 0.192857 0.456667 0.082857 0.044762
2 0.201071 0.397619 0.085000 0.058095