2 0.395000 0.956853 0.025714 0.083756
2 0.502143 0.503807 0.017143 0.053299
2 0.430357 0.406726 0.016429 0.046954
2 0.387500 0.328680 0.016429 0.045685
2 0.480000 0.209391 0.014286 0.032995
2 0.506786 0.321066 0.013571 0.040609
2 0.462500 0.133883 0.013571 0.031726
2 0.490714 0.043782 0.008571 0.026650
2 0.335357 0.082487 0.023571 0.030457
2 0.172143 0.307741 0.040000 0.044416
2 0.295357 0.208122 0.030714 0.048223
2 0.215357 0.217005 0.030714 0.025381
2 0.172143 0.429569 0.031429 0.039340
2 0.131786 0.543147 0.043571 0.060914
2 0.105714 0.491117 0.027143 0.038071
2 0.088214 0.511421 0.025000 0.040609
2 0.067143 0.534898 0.037143 0.044416
2 0.047143 0.557107 0.028571 0.053299
2 0.022143 0.575508 0.027143 0.052030
2 0.272143 0.578046 0.020000 0.062183
2 0.065357 0.216371 0.023571 0.029188
2 0.020000 0.180838 0.020000 0.021574
2 0.130000 0.203046 0.025714 0.030457
2 0.125000 0.192259 0.030000 0.039340
2 0.110714 0.184645 0.025714 0.031726
2 0.092500 0.174492 0.017857 0.026650
2 0.086786 0.168782 0.025000 0.027919
2 0.076071 0.156091 0.026429 0.025381
2 0.010357 0.209391 0.020714 0.025381
2 0.034643 0.133883 0.029286 0.021574
2 0.027500 0.129442 0.026429 0.022843
2 0.018929 0.118020 0.032143 0.030457
2 0.085714 0.107868 0.021429 0.017766
2 0.075000 0.102157 0.022857 0.026650
2 0.068571 0.096447 0.024286 0.025381
2 0.059643 0.092005 0.022143 0.031726
2 0.059643 0.088832 0.025000 0.025381
2 0.049286 0.086929 0.021429 0.026650
2 0.044286 0.079949 0.021429 0.025381
2 0.035000 0.075508 0.020000 0.024112
2 0.025357 0.067893 0.022143 0.024112
2 0.020714 0.062183 0.025714 0.025381
2 0.140000 0.062183 0.022857 0.027919
2 0.067500 0.067893 0.022143 0.019036
2 0.011071 0.146574 0.022143 0.036802
2 0.060000 0.062183 0.020000 0.020305
2 0.190000 0.416244 0.030000 0.038071
0 0.221071 0.426396 0.009286 0.027919
2 0.015714 0.659898 0.031429 0.063452
2 0.122857 0.055838 0.031429 0.025381