0 0.222857 0.644286 0.008571 0.020000
0 0.243214 0.492381 0.005000 0.015238
2 0.253214 0.422381 0.016429 0.020000
2 0.266786 0.423333 0.016429 0.018095
2 0.379286 0.310000 0.018571 0.014286
2 0.431071 0.511905 0.016429 0.027619
2 0.507143 0.375238 0.011429 0.015238
2 0.418571 0.403810 0.022857 0.015238
2 0.422500 0.392857 0.023571 0.016190
2 0.594643 0.260000 0.016429 0.009524
2 0.518214 0.222857 0.007857 0.009524
2 0.519643 0.213810 0.005000 0.008571
2 0.522143 0.204762 0.005714 0.011429
2 0.630357 0.187619 0.010714 0.007619
2 0.615357 0.192857 0.006429 0.008571
0 0.468929 0.393810 0.003571 0.014286
0 0.438214 0.401429 0.003571 0.014286
0 0.524643 0.360952 0.005000 0.011429