2 0.726500 0.728667 0.021000 0.034667
2 0.753250 0.732667 0.025500 0.038667
2 0.776500 0.728333 0.026000 0.035333
2 0.704250 0.731667 0.020500 0.036667
2 0.682000 0.728667 0.017000 0.030667
2 0.660000 0.720667 0.018000 0.034667
2 0.637500 0.720667 0.019000 0.036000
0 0.431750 0.762333 0.004500 0.015333
2 0.236500 0.739333 0.034000 0.045333
2 0.354750 0.694333 0.024500 0.034000
2 0.377750 0.695333 0.022500 0.034667
2 0.400750 0.699000 0.021500 0.031333
2 0.421250 0.701000 0.017500 0.030000
2 0.442750 0.701667 0.019500 0.028667
2 0.463250 0.704000 0.017500 0.030667
2 0.485750 0.705667 0.019500 0.034000
2 0.508500 0.707000 0.018000 0.035333
2 0.532500 0.710333 0.018000 0.034000
2 0.555500 0.712333 0.018000 0.034000
2 0.653000 0.658333 0.015000 0.027333
2 0.693750 0.665667 0.016500 0.027333
2 0.714500 0.664667 0.020000 0.030667
2 0.735750 0.667333 0.021500 0.024000
2 0.757750 0.667667 0.023500 0.024667
0 0.668750 0.524000 0.003500 0.010667
0 0.677750 0.530333 0.004500 0.011333
2 0.580750 0.652000 0.015500 0.026667
2 0.562500 0.650667 0.015000 0.025333
2 0.529750 0.647000 0.014500 0.027333
2 0.505250 0.648667 0.013500 0.020000
2 0.485750 0.644000 0.016500 0.021333
2 0.445750 0.640333 0.033500 0.020667
0 0.132500 0.726333 0.005000 0.014000
0 0.086750 0.621333 0.006500 0.014667
0 0.448250 0.527333 0.003500 0.013333
0 0.438250 0.482667 0.002500 0.010667
0 0.581250 0.522667 0.005500 0.009333
0 0.607750 0.513000 0.004500 0.011333
0 0.609750 0.501000 0.003500 0.007333