0 0.669750 0.508000 0.012500 0.036000
0 0.652750 0.429333 0.017500 0.030667
2 0.040750 0.429667 0.081500 0.060667
2 0.101750 0.393667 0.070500 0.056667
2 0.237750 0.293000 0.080500 0.043333
2 0.306000 0.225000 0.062000 0.035333
2 0.383500 0.159333 0.051000 0.028000
2 0.393000 0.132667 0.040000 0.024000
2 0.495750 0.015333 0.021500 0.013333
2 0.559250 0.068000 0.033500 0.018667
2 0.601750 0.004000 0.021500 0.008000
2 0.446750 0.304000 0.072500 0.044000
2 0.482000 0.234000 0.057000 0.036000
2 0.703000 0.239333 0.059000 0.037333
2 0.696750 0.208667 0.055500 0.033333
0 0.584750 0.114000 0.005500 0.018667
0 0.653000 0.059000 0.006000 0.020667
0 0.658250 0.059333 0.004500 0.017333
2 0.689000 0.067667 0.015000 0.020667