2 0.670250 0.006000 0.005500 0.006667
2 0.643000 0.078000 0.009000 0.009333
2 0.607250 0.128000 0.008500 0.012000
2 0.604750 0.135333 0.011500 0.013333
2 0.627750 0.125000 0.010500 0.014000
0 0.602750 0.113000 0.004500 0.012667
2 0.639000 0.109000 0.009000 0.012667
2 0.643500 0.115333 0.019000 0.010667
2 0.646500 0.119000 0.024000 0.011333
2 0.645250 0.120333 0.022500 0.010000
2 0.648750 0.123000 0.019500 0.010000
2 0.645250 0.126000 0.021500 0.010667
2 0.644750 0.130333 0.022500 0.011333
2 0.644500 0.132333 0.023000 0.010000
2 0.605500 0.252667 0.035000 0.022667
2 0.601500 0.263667 0.034000 0.020667
2 0.596500 0.273000 0.037000 0.019333
2 0.605000 0.292000 0.038000 0.024000
2 0.594000 0.302333 0.040000 0.018000
2 0.591500 0.311333 0.043000 0.021333
2 0.593250 0.322333 0.042500 0.023333
0 0.705500 0.305667 0.007000 0.022000
2 0.437000 0.483000 0.031000 0.042000
2 0.374500 0.623667 0.045000 0.072667
2 0.343250 0.703667 0.048500 0.082000
2 0.476500 0.625000 0.038000 0.071333
2 0.463000 0.703667 0.043000 0.078000
2 0.441500 0.973667 0.096000 0.052667