2 0.741429 0.467005 0.062857 0.038071
2 0.178929 0.440355 0.059286 0.043147
2 0.186071 0.165609 0.057857 0.046954
2 0.736071 0.118020 0.057857 0.048223
2 0.661786 0.565990 0.060714 0.071066
2 0.579643 0.734137 0.045000 0.115482
2 0.992500 0.227792 0.015000 0.049492
2 0.792143 0.513325 0.068571 0.044416
2 0.399286 0.428299 0.055714 0.041878
0 0.232500 0.757614 0.010714 0.025381
0 0.470714 0.789340 0.008571 0.025381
0 0.456071 0.826777 0.010714 0.034264
0 0.452500 0.852792 0.010714 0.030457
0 0.476786 0.719543 0.009286 0.027919
0 0.462143 0.707487 0.010000 0.026650
0 0.441429 0.661168 0.008571 0.027919
0 0.307143 0.561548 0.010000 0.026650