2 0.580714 0.470952 0.064286 0.126667
2 0.477500 0.372857 0.063571 0.120952
2 0.435714 0.416667 0.060000 0.117143
2 0.617500 0.783810 0.047857 0.135238
2 0.285000 0.026190 0.054286 0.052381
0 0.220357 0.581905 0.020714 0.017143
0 0.777143 0.032857 0.021429 0.027619
0 0.731071 0.263810 0.013571 0.022857
0 0.745000 0.263810 0.011429 0.022857
0 0.630357 0.274286 0.006429 0.019048
0 0.634643 0.277143 0.006429 0.017143
0 0.766071 0.881429 0.010714 0.025714
0 0.726786 0.660476 0.007857 0.021905
0 0.869286 0.086667 0.015714 0.030476