2 0.356250 0.632000 0.056500 0.105333
2 0.322250 0.510667 0.089500 0.070667
2 0.314500 0.419667 0.084000 0.046000
2 0.342250 0.377000 0.033500 0.046000
0 0.297500 0.340667 0.012000 0.033333
0 0.296500 0.325000 0.007000 0.020667
0 0.307250 0.327667 0.008500 0.040667
0 0.289750 0.299333 0.008500 0.029333
0 0.312500 0.340000 0.008000 0.025333
2 0.327250 0.310667 0.025500 0.032000
2 0.394750 0.298333 0.026500 0.035333
0 0.333250 0.196000 0.007500 0.006667
2 0.361250 0.203333 0.015500 0.020000
2 0.385000 0.215000 0.016000 0.027333
2 0.397750 0.191333 0.016500 0.021333
2 0.409500 0.120333 0.009000 0.012667
2 0.368750 0.143667 0.012500 0.012667
2 0.310000 0.158667 0.027000 0.013333
2 0.283500 0.152333 0.025000 0.011333
2 0.290000 0.140333 0.020000 0.011333
2 0.284000 0.186333 0.043000 0.048667
2 0.066750 0.156667 0.018500 0.014667
2 0.086000 0.146000 0.015000 0.014667
2 0.087000 0.155000 0.014000 0.011333
2 0.088250 0.165667 0.021500 0.011333
2 0.187750 0.144667 0.011500 0.012000
2 0.203000 0.144333 0.015000 0.012667
2 0.205750 0.151667 0.013500 0.015333
2 0.220750 0.152333 0.015500 0.014000
2 0.237500 0.152333 0.015000 0.012667
2 0.230000 0.163000 0.029000 0.014000
2 0.195750 0.163333 0.023500 0.013333
2 0.180500 0.205333 0.044000 0.020000
2 0.197500 0.190000 0.040000 0.022667
2 0.213750 0.177000 0.035500 0.016667
0 0.325500 0.121667 0.004000 0.006000
0 0.327250 0.116333 0.002500 0.006000
0 0.323250 0.077667 0.002500 0.004667
2 0.336000 0.113333 0.008000 0.012000
2 0.352750 0.109000 0.007500 0.008667
2 0.345000 0.094000 0.007000 0.010667
2 0.370000 0.077667 0.005000 0.008667
2 0.366250 0.080333 0.005500 0.006000
0 0.366500 0.066667 0.003000 0.005333
2 0.304000 0.082333 0.004000 0.007333
2 0.311500 0.081667 0.005000 0.007333
2 0.303750 0.062000 0.008500 0.005333
0 0.062000 0.391333 0.013000 0.042667
2 0.079750 0.339333 0.051500 0.041333
2 0.173750 0.391333 0.036500 0.041333
2 0.497500 0.161000 0.013000 0.020667
0 0.513750 0.165000 0.004500 0.019333
2 0.548750 0.261667 0.026500 0.026000
2 0.652500 0.277333 0.034000 0.025333
2 0.680000 0.298000 0.039000 0.028000
2 0.711500 0.321333 0.047000 0.034667
2 0.747250 0.349667 0.053500 0.036667
2 0.825250 0.384333 0.061500 0.046000
2 0.898000 0.433000 0.074000 0.054000
2 0.944750 0.457667 0.072500 0.068667
0 0.847750 0.436333 0.016500 0.054000
2 0.298500 0.081667 0.006000 0.008667
2 0.357750 0.067000 0.004500 0.006000
2 0.372250 0.060000 0.007500 0.005333