0 0.715357 0.879048 0.035000 0.074286
0 0.356786 0.813333 0.032143 0.097143
0 0.170000 0.600000 0.025714 0.066667
0 0.442143 0.682857 0.027143 0.080000
2 0.105357 0.576667 0.123571 0.096190
2 0.161071 0.497619 0.080714 0.061905
2 0.269643 0.440000 0.066429 0.047619
2 0.137143 0.456667 0.085714 0.056190
2 0.076786 0.418095 0.097857 0.053333
2 0.146429 0.418095 0.070000 0.043810
0 0.074286 0.407143 0.018571 0.046667
2 0.385357 0.376667 0.042143 0.035238
2 0.928571 0.511429 0.110000 0.053333
2 0.969286 0.441905 0.058571 0.045714
2 0.931071 0.427619 0.065000 0.051429
2 0.792143 0.377619 0.047143 0.040952
2 0.761071 0.370000 0.039286 0.040952
2 0.725714 0.364762 0.047143 0.030476
2 0.707143 0.362381 0.070000 0.037143
2 0.705357 0.348571 0.059286 0.034286
2 0.698214 0.340952 0.062143 0.028571
2 0.694286 0.337143 0.055714 0.032381
2 0.677500 0.308571 0.043571 0.022857
2 0.676786 0.296190 0.032143 0.017143
2 0.680000 0.291905 0.031429 0.021905
0 0.656786 0.351429 0.006429 0.019048
0 0.652857 0.347143 0.007143 0.025714
0 0.637500 0.300476 0.007857 0.020000
0 0.625000 0.303810 0.005714 0.020952
0 0.618214 0.308571 0.005000 0.020952
0 0.615000 0.308571 0.005714 0.020952
0 0.644643 0.276667 0.006429 0.020000
0 0.623929 0.287143 0.005000 0.014286
0 0.620714 0.286667 0.004286 0.017143
0 0.586429 0.282381 0.007143 0.018095
0 0.521786 0.416190 0.012143 0.036190
0 0.581429 0.260476 0.004286 0.008571
0 0.593571 0.257143 0.002857 0.009524
0 0.615000 0.268571 0.005714 0.009524
0 0.606071 0.246190 0.003571 0.008571
0 0.618929 0.256667 0.003571 0.012381
0 0.618214 0.252857 0.003571 0.012381
0 0.625000 0.254286 0.002857 0.011429
0 0.623571 0.254286 0.004286 0.011429
0 0.614643 0.238095 0.003571 0.009524
0 0.592857 0.236667 0.004286 0.010476
0 0.620714 0.240000 0.004286 0.011429
0 0.620000 0.234762 0.004286 0.010476
0 0.626071 0.232857 0.003571 0.010476
2 0.603929 0.238571 0.009286 0.012381
2 0.630357 0.247143 0.012143 0.014286
2 0.631429 0.242857 0.008571 0.013333
2 0.592857 0.220952 0.007143 0.007619
2 0.420357 0.306190 0.027857 0.021905
2 0.445000 0.290476 0.022857 0.017143
2 0.465000 0.280952 0.020000 0.015238
2 0.474286 0.274286 0.017143 0.017143
2 0.486071 0.268571 0.016429 0.013333
2 0.496786 0.262857 0.015000 0.013333
2 0.503214 0.257143 0.015000 0.011429
2 0.508214 0.253333 0.012143 0.013333
2 0.524643 0.245714 0.009286 0.009524
2 0.533929 0.240952 0.010714 0.009524
2 0.409286 0.296667 0.021429 0.020000
2 0.430714 0.286190 0.021429 0.020000
2 0.444643 0.274286 0.019286 0.019048
2 0.461071 0.271429 0.017857 0.017143
2 0.448571 0.264762 0.014286 0.013333
2 0.458929 0.260000 0.013571 0.011429
2 0.470000 0.262857 0.017143 0.013333
2 0.479643 0.258571 0.013571 0.012381
2 0.487857 0.257143 0.012857 0.013333
2 0.493214 0.251905 0.013571 0.012381
0 0.456429 0.239048 0.005714 0.007619
0 0.486071 0.241429 0.003571 0.010476
2 0.383929 0.295238 0.027857 0.022857
2 0.351786 0.305238 0.030714 0.023810
2 0.388929 0.320952 0.030714 0.026667
2 0.352857 0.342857 0.040000 0.028571
2 0.350357 0.323810 0.033571 0.024762
2 0.291786 0.335238 0.035000 0.024762
2 0.306786 0.345714 0.039286 0.032381
2 0.273571 0.387619 0.057143 0.040000
2 0.208929 0.367619 0.045000 0.036190
2 0.234286 0.378571 0.061429 0.044762
0 0.174643 0.363333 0.010714 0.025714
0 0.192857 0.360952 0.011429 0.026667
0 0.205000 0.350952 0.008571 0.021905
0 0.261786 0.311905 0.010714 0.027619
0 0.343571 0.275238 0.010000 0.013333
2 0.443214 0.320000 0.032143 0.022857
0 0.384643 0.399524 0.010714 0.039048
0 0.441786 0.371429 0.007857 0.026667
0 0.436429 0.365714 0.007143 0.026667
0 0.442500 0.364286 0.007857 0.027619
0 0.478214 0.355238 0.007857 0.028571
2 0.531786 0.342857 0.045000 0.034286
0 0.490714 0.240476 0.002857 0.006667
0 0.491786 0.239048 0.002143 0.007619
2 0.511429 0.244762 0.008571 0.009524
2 0.516429 0.241905 0.008571 0.009524
2 0.520357 0.240952 0.006429 0.011429