2 0.270357 0.622857 0.165000 0.184762
2 0.439643 0.395714 0.077857 0.120952
2 0.488929 0.282857 0.063571 0.083810
2 0.775714 0.305714 0.061429 0.076190
2 0.781071 0.384762 0.065000 0.089524
2 0.798571 0.506667 0.085714 0.129524
0 0.676071 0.423333 0.019286 0.067619
0 0.692500 0.427619 0.023571 0.057143
0 0.714286 0.430952 0.030000 0.058095
2 0.516786 0.223333 0.047857 0.067619
2 0.546429 0.185714 0.037143 0.057143
2 0.570000 0.146190 0.041429 0.050476
2 0.766786 0.186667 0.047857 0.057143
2 0.595357 0.115238 0.037857 0.038095
2 0.610357 0.092381 0.036429 0.047619
2 0.766429 0.100476 0.035714 0.046667
2 0.759286 0.061905 0.055714 0.026667
2 0.632857 0.071429 0.031429 0.034286
2 0.617857 0.058571 0.040000 0.029524
2 0.625357 0.034762 0.046429 0.027619
2 0.648571 0.029048 0.040000 0.023810
2 0.826429 0.065238 0.051429 0.035238
2 0.790357 0.026190 0.023571 0.025714
2 0.809643 0.041905 0.045000 0.026667
2 0.784286 0.012857 0.024286 0.020000
2 0.688929 0.022381 0.033571 0.016190
2 0.680000 0.024762 0.037143 0.022857
2 0.693571 0.015714 0.030000 0.018095