2 0.202500 0.104695 0.026429 0.057107
2 0.232857 0.017132 0.024286 0.034264
2 0.669643 0.034898 0.029286 0.057107
0 0.683214 0.070431 0.007857 0.021574
2 0.587143 0.124365 0.025714 0.055838
2 0.615357 0.132614 0.027857 0.057107
2 0.569286 0.204949 0.024286 0.062183
2 0.532143 0.205584 0.028571 0.060914
2 0.503929 0.284264 0.025000 0.055838
2 0.851429 0.046954 0.031429 0.048223
2 0.810357 0.319797 0.029286 0.048223
0 0.819643 0.335660 0.009286 0.016497
2 0.757857 0.326142 0.031429 0.048223
2 0.352857 0.887056 0.028571 0.048223
2 0.366429 0.857868 0.032857 0.050761
2 0.381071 0.829949 0.035000 0.055838
2 0.404643 0.769670 0.033571 0.054569
2 0.415357 0.733503 0.026429 0.045685
2 0.457500 0.659264 0.032143 0.052030
2 0.470000 0.631345 0.032857 0.052030
2 0.569643 0.494924 0.016429 0.060914
2 0.326429 0.753807 0.031429 0.068528
0 0.005000 0.462563 0.010000 0.008883