0 0.688929 0.024286 0.006429 0.018095
0 0.731071 0.016190 0.007857 0.019048
0 0.495714 0.077143 0.005714 0.015238
0 0.369643 0.906667 0.013571 0.020952
0 0.357500 0.942381 0.016429 0.025714
2 0.519643 0.110476 0.039286 0.030476
2 0.512500 0.124762 0.040714 0.038095
2 0.521429 0.188571 0.048571 0.040000
2 0.523571 0.220476 0.048571 0.037143
2 0.520000 0.242857 0.048571 0.036190
2 0.522143 0.299048 0.058571 0.038095
2 0.525714 0.350952 0.060000 0.033333
2 0.527143 0.422381 0.062857 0.031429
2 0.527500 0.500952 0.067857 0.043810
2 0.525714 0.532381 0.065714 0.047619
2 0.529643 0.577143 0.065000 0.038095
2 0.526071 0.618095 0.073571 0.045714
2 0.530000 0.666190 0.074286 0.052381
2 0.523214 0.801429 0.085000 0.054286
2 0.515000 0.851429 0.081429 0.047619
2 0.515357 0.911429 0.082143 0.047619