2 0.436786 0.232857 0.053571 0.113333
2 0.610714 0.125714 0.061429 0.089524
2 0.785000 0.585238 0.102857 0.181905
2 0.514286 0.347143 0.052857 0.117143
0 0.142500 0.285714 0.029286 0.040000
0 0.097857 0.308571 0.034286 0.047619
0 0.118571 0.490476 0.037143 0.045714
0 0.123929 0.594286 0.033571 0.043810
0 0.852500 0.060952 0.022143 0.045714
0 0.927143 0.041905 0.031429 0.051429
0 0.953571 0.387619 0.020000 0.038095
0 0.316786 0.393810 0.027857 0.037143
0 0.315357 0.381905 0.025000 0.040000
0 0.250357 0.499524 0.032143 0.048571
0 0.332143 0.758095 0.031429 0.062857
0 0.049643 0.422381 0.032143 0.035238
0 0.314643 0.504762 0.025000 0.066667
0 0.101429 0.487143 0.031429 0.044762
0 0.885714 0.324762 0.020000 0.038095
0 0.331429 0.282381 0.020000 0.037143
0 0.899286 0.022381 0.020000 0.037143
0 0.738571 0.135238 0.015714 0.038095
0 0.256429 0.146667 0.014286 0.036190
0 0.302143 0.121905 0.012857 0.022857
0 0.180714 0.128571 0.017143 0.030476
0 0.162500 0.126667 0.027857 0.045714