2 0.562500 0.480000 0.076429 0.053333
2 0.343929 0.434286 0.057857 0.055238
2 0.310714 0.358571 0.052857 0.056190
2 0.255000 0.369524 0.042857 0.045714
2 0.188571 0.348095 0.040000 0.048571
2 0.150714 0.360952 0.037143 0.045714
2 0.159286 0.308095 0.037143 0.044762
2 0.130714 0.321429 0.035714 0.046667
2 0.171071 0.258095 0.035000 0.040000
2 0.139643 0.268571 0.035000 0.040000
2 0.110357 0.228095 0.027857 0.031429
2 0.105714 0.281429 0.035714 0.050476
2 0.086071 0.250952 0.025000 0.039048
2 0.073571 0.226667 0.027143 0.030476
2 0.080357 0.180476 0.027857 0.037143
2 0.023571 0.138571 0.030000 0.044762
2 0.880000 0.435238 0.078571 0.038095
2 0.844643 0.396190 0.076429 0.036190
2 0.932500 0.394286 0.077857 0.032381
0 0.276786 0.798095 0.023571 0.030476
0 0.375714 0.570952 0.011429 0.025714
0 0.342143 0.583810 0.015714 0.022857
0 0.143571 0.456190 0.012857 0.020952
0 0.040357 0.445714 0.016429 0.020952
0 0.062500 0.402381 0.012143 0.020000
0 0.061429 0.365238 0.011429 0.018095
0 0.101786 0.363810 0.012143 0.020952
0 0.544286 0.640000 0.015714 0.032381
0 0.673571 0.344286 0.011429 0.029524