2 0.443111 0.755566 0.057411 0.076994
2 0.561587 0.609926 0.040710 0.064007
0 0.382568 0.738404 0.011482 0.024119
0 0.507568 0.627551 0.006785 0.026902
0 0.514875 0.640538 0.007829 0.023191
2 0.834812 0.253247 0.021399 0.020408
2 0.832724 0.251855 0.023486 0.025046
2 0.846033 0.237013 0.020877 0.019481
2 0.871868 0.200371 0.024530 0.031540
2 0.887526 0.223098 0.015136 0.019481
0 0.789927 0.333952 0.004697 0.020408
0 0.795668 0.313080 0.006785 0.025046
0 0.806628 0.352968 0.002610 0.013915
0 0.469990 0.613173 0.005741 0.011132
0 0.620564 0.440167 0.004175 0.019481
0 0.615344 0.439703 0.004175 0.022263
0 0.682672 0.510668 0.004175 0.010204
0 0.451722 0.615028 0.005741 0.011132
0 0.529228 0.545455 0.010438 0.014842