2 0.256429 0.659264 0.025714 0.090102
2 0.312857 0.684010 0.022857 0.083756
2 0.351786 0.673223 0.025000 0.087563
2 0.385000 0.668147 0.032857 0.102792
2 0.435357 0.657360 0.032143 0.091371
2 0.468929 0.670685 0.033571 0.090102
2 0.505357 0.670051 0.026429 0.081218
2 0.322857 0.462563 0.050000 0.036802
2 0.560357 0.464467 0.053571 0.035533
2 0.628214 0.460660 0.050714 0.038071
2 0.789286 0.454315 0.052857 0.043147
2 0.804286 0.657360 0.020000 0.071066
2 0.941429 0.441624 0.051429 0.076142
2 0.979643 0.413706 0.040714 0.078680
2 0.989286 0.646574 0.021429 0.082487
2 0.692500 0.461929 0.055000 0.043147
2 0.724643 0.666244 0.039286 0.081218
2 0.689286 0.664340 0.031429 0.087563
2 0.624286 0.664975 0.031429 0.101523
2 0.590357 0.666244 0.027857 0.083756
2 0.398929 0.465102 0.053571 0.036802
0 0.961071 0.914975 0.015000 0.017766
0 0.968214 0.897208 0.015000 0.017766
0 0.971429 0.870558 0.015714 0.017766