2 0.462500 0.566190 0.083571 0.067619
2 0.403929 0.745238 0.115000 0.084762
2 0.185714 0.443810 0.071429 0.051429
2 0.101429 0.369524 0.065714 0.043810
2 0.272500 0.467619 0.070714 0.051429
2 0.532143 0.455714 0.072857 0.042857
2 0.545000 0.492381 0.077143 0.047619
2 0.516071 0.541905 0.090714 0.060952
2 0.377500 0.490000 0.082143 0.056190
2 0.188571 0.410476 0.070000 0.043810
2 0.126786 0.349524 0.052143 0.036190
2 0.089286 0.419048 0.080000 0.049524
2 0.031071 0.392857 0.062143 0.046667
2 0.050000 0.442857 0.080000 0.055238
2 0.323929 0.409524 0.056429 0.040000
0 0.525714 0.407619 0.014286 0.032381
0 0.746429 0.466190 0.011429 0.029524
0 0.673571 0.375714 0.011429 0.029524
0 0.873214 0.493810 0.019286 0.039048
0 0.774643 0.448571 0.013571 0.030476
0 0.785000 0.823810 0.024286 0.057143
0 0.723214 0.700952 0.019286 0.043810
2 0.036071 0.884286 0.072143 0.101905
2 0.806786 0.457619 0.032143 0.058095
2 0.928929 0.551429 0.045000 0.076190
2 0.878571 0.350000 0.028571 0.046667
2 0.836429 0.331429 0.024286 0.043810
2 0.867857 0.227619 0.022857 0.032381
2 0.920000 0.184762 0.015714 0.020952
2 0.854643 0.115714 0.009286 0.014286
2 0.736071 0.321905 0.027857 0.036190
2 0.733929 0.302381 0.022143 0.031429
2 0.742500 0.268571 0.023571 0.028571
0 0.360714 0.371905 0.007143 0.037143
0 0.295357 0.358095 0.010714 0.034286
0 0.755000 0.423333 0.010000 0.029524
0 0.684643 0.356667 0.009286 0.023810
0 0.696429 0.350952 0.007143 0.025714
0 0.705000 0.277143 0.005714 0.020952
0 0.711071 0.277619 0.006429 0.020000
0 0.710714 0.267143 0.005714 0.021905
0 0.736429 0.207143 0.005714 0.016190
0 0.724286 0.192857 0.005714 0.016190
0 0.752857 0.143333 0.002857 0.010476
0 0.750714 0.133333 0.004286 0.015238
0 0.748571 0.162381 0.004286 0.014286
2 0.760357 0.156190 0.015000 0.015238
2 0.763214 0.145714 0.010714 0.013333
2 0.764643 0.140476 0.010714 0.014286
2 0.760357 0.134286 0.010714 0.013333
2 0.764286 0.127143 0.010000 0.014286
2 0.765714 0.119048 0.010000 0.013333
2 0.782143 0.120952 0.010000 0.013333
2 0.745000 0.114762 0.010000 0.016190
0 0.887857 0.128095 0.005714 0.012381
0 0.870714 0.099048 0.004286 0.011429
0 0.880714 0.119524 0.004286 0.010476
2 0.918571 0.119048 0.015714 0.020952
2 0.989643 0.188095 0.020714 0.018095
2 0.047500 0.688095 0.095000 0.100000
2 0.392857 0.810000 0.118571 0.107619
0 0.534286 0.766190 0.020000 0.040952
0 0.713929 0.227619 0.005000 0.020952
0 0.982500 0.949048 0.022143 0.067619
0 0.572143 0.963333 0.030000 0.067619