2 0.516786 0.521429 0.005000 0.002857
2 0.520357 0.520000 0.003571 0.003810
2 0.526071 0.519048 0.003571 0.003810
2 0.527857 0.517143 0.002857 0.003810
2 0.518571 0.514286 0.002857 0.001905
2 0.530000 0.523333 0.004286 0.004762
2 0.516786 0.530000 0.005000 0.004762
2 0.525357 0.533333 0.005000 0.005714
2 0.514643 0.556190 0.007857 0.009524
2 0.466071 0.524286 0.010714 0.004762
0 0.496786 0.538095 0.002143 0.005714
2 0.495357 0.532857 0.010714 0.004762
0 0.488929 0.551905 0.002143 0.010476
0 0.553571 0.541905 0.001429 0.007619
0 0.553929 0.549524 0.002143 0.007619
0 0.542143 0.568571 0.002857 0.013333
0 0.546071 0.560952 0.002143 0.011429
0 0.575357 0.568095 0.003571 0.012381
2 0.551071 0.533333 0.012143 0.005714
2 0.554286 0.532381 0.011429 0.005714
2 0.554286 0.530952 0.012857 0.006667
2 0.551071 0.530000 0.010714 0.006667
2 0.527143 0.511905 0.002857 0.002857
2 0.510714 0.587143 0.012857 0.016190
2 0.509643 0.621905 0.036429 0.019048
2 0.513214 0.654762 0.020714 0.027619
2 0.502857 0.683810 0.024286 0.038095
2 0.601786 0.572857 0.027857 0.012381
2 0.619643 0.581429 0.026429 0.012381
2 0.623214 0.587619 0.027857 0.013333
2 0.640357 0.637143 0.046429 0.022857
0 0.695714 0.622381 0.005714 0.021905
0 0.695000 0.616667 0.005714 0.020000
2 0.716786 0.621429 0.025000 0.021905
2 0.754286 0.650000 0.035714 0.029524
2 0.799643 0.623333 0.032143 0.021905
2 0.837857 0.620476 0.032857 0.021905
2 0.862500 0.621429 0.037857 0.021905
2 0.831071 0.633810 0.050714 0.021905
2 0.928929 0.650000 0.047857 0.031429
2 0.985357 0.661429 0.029286 0.035238
2 0.968929 0.707143 0.062143 0.033333
2 0.970714 0.737143 0.058571 0.041905
2 0.965357 0.800476 0.069286 0.061905
2 0.930000 0.690000 0.075714 0.035238
2 0.882857 0.708095 0.074286 0.035238
2 0.843571 0.690952 0.070000 0.027619
2 0.790714 0.708095 0.080000 0.035238
2 0.736786 0.827143 0.047857 0.069524
2 0.417500 0.903333 0.052143 0.113333
2 0.503929 0.795238 0.039286 0.072381
2 0.502500 0.733810 0.029286 0.050476
2 0.435714 0.772381 0.037143 0.059048
2 0.453929 0.723810 0.032143 0.043810
0 0.419643 0.683810 0.006429 0.032381
0 0.407857 0.684286 0.007143 0.031429
0 0.295357 0.668095 0.006429 0.025714
2 0.425714 0.619048 0.038571 0.022857
2 0.440357 0.616190 0.032143 0.017143
2 0.442500 0.608095 0.033571 0.018095
2 0.447143 0.601905 0.034286 0.017143
2 0.453214 0.590476 0.027857 0.013333
2 0.459286 0.586667 0.022857 0.013333
2 0.456786 0.581905 0.027857 0.011429
2 0.397857 0.572857 0.030000 0.012381
2 0.386071 0.586190 0.025000 0.012381
2 0.379643 0.592381 0.023571 0.011429
2 0.369286 0.593810 0.028571 0.014286
2 0.363571 0.601905 0.028571 0.015238
2 0.347143 0.613333 0.038571 0.017143
2 0.393214 0.629524 0.043571 0.020952
2 0.348929 0.645238 0.037857 0.020000
2 0.329286 0.652381 0.038571 0.022857
2 0.304286 0.661429 0.038571 0.027619
2 0.344286 0.670000 0.054286 0.031429
0 0.214286 0.641429 0.007143 0.023810
0 0.198571 0.700000 0.007143 0.028571
0 0.194286 0.699048 0.005714 0.030476
2 0.227143 0.672381 0.030000 0.034286
0 0.104643 0.666667 0.007857 0.022857
0 0.105357 0.666190 0.007857 0.023810
0 0.045357 0.773333 0.016429 0.047619
2 0.228214 0.712857 0.066429 0.027619
2 0.235714 0.734286 0.078571 0.028571
2 0.133214 0.655714 0.043571 0.027619
2 0.095714 0.659048 0.050000 0.024762
2 0.038214 0.658571 0.053571 0.027619
2 0.020000 0.656667 0.040000 0.031429
2 0.035000 0.830000 0.070000 0.082857
2 0.177143 0.894762 0.145714 0.075238
2 0.131429 0.958095 0.165714 0.083810