2 0.764643 0.625714 0.080714 0.057143
2 0.663929 0.475238 0.062143 0.040000
2 0.642500 0.440476 0.050714 0.039048
2 0.753214 0.491429 0.062143 0.041905
2 0.722500 0.454286 0.056429 0.036190
2 0.511429 0.666667 0.078571 0.062857
2 0.336429 0.591429 0.067143 0.062857
2 0.825357 0.533333 0.073571 0.051429
2 0.813214 0.470000 0.066429 0.046667
2 0.311071 0.416667 0.056429 0.031429
2 0.428929 0.385714 0.052143 0.041905
2 0.506786 0.274762 0.022143 0.037143
2 0.487500 0.260476 0.019286 0.039048
2 0.327500 0.866667 0.075000 0.140952
2 0.245714 0.912381 0.082857 0.133333
2 0.117143 0.481429 0.055714 0.040952
2 0.166071 0.455714 0.057857 0.037143
2 0.058214 0.464762 0.059286 0.038095
2 0.101071 0.439524 0.059286 0.039048
2 0.044643 0.403810 0.055000 0.040000
2 0.198214 0.426190 0.060714 0.039048
2 0.439643 0.254286 0.025000 0.032381
2 0.542500 0.266667 0.017857 0.030476
2 0.558929 0.213810 0.013571 0.025714
2 0.522857 0.231905 0.022857 0.031429
2 0.498929 0.229524 0.022143 0.026667
2 0.510714 0.204762 0.020000 0.024762
2 0.525000 0.178571 0.017143 0.021905
2 0.451429 0.232381 0.021429 0.032381
2 0.557500 0.109524 0.013571 0.019048
2 0.596429 0.100000 0.011429 0.013333
0 0.387143 0.928571 0.017143 0.019048
0 0.452857 0.869048 0.012857 0.023810
0 0.407857 0.841429 0.014286 0.020000
0 0.421786 0.785238 0.012143 0.021905
0 0.468929 0.794762 0.013571 0.020000
0 0.431071 0.833333 0.012143 0.022857
0 0.503571 0.875238 0.017143 0.019048
0 0.493929 0.858095 0.016429 0.032381
0 0.313214 0.752857 0.013571 0.035238
0 0.233571 0.649048 0.010000 0.020000
0 0.202143 0.568095 0.008571 0.020000
0 0.182857 0.598095 0.015714 0.017143
0 0.162143 0.598571 0.014286 0.016190
0 0.165714 0.577143 0.011429 0.015238
0 0.159286 0.576190 0.008571 0.017143
0 0.577500 0.377619 0.007857 0.021905
0 0.562500 0.357619 0.007857 0.014286
0 0.553214 0.326190 0.003571 0.014286
0 0.422857 0.293333 0.005714 0.009524
0 0.413571 0.298095 0.007143 0.011429
0 0.658214 0.352381 0.005000 0.026667
0 0.607857 0.200000 0.004286 0.011429
0 0.615714 0.194286 0.004286 0.009524
2 0.914643 0.513333 0.099286 0.049524
2 0.920000 0.486190 0.075714 0.037143
0 0.817857 0.816190 0.014286 0.022857