0 0.451786 0.467143 0.003571 0.010476
0 0.479286 0.380476 0.002857 0.008571
2 0.481786 0.253810 0.003571 0.008571
2 0.658214 0.751905 0.036429 0.025714
2 0.783214 0.631905 0.025000 0.021905
2 0.812143 0.620476 0.025714 0.021905
2 0.841429 0.609048 0.027143 0.021905
2 0.869643 0.599048 0.026429 0.020952
2 0.938929 0.573333 0.023571 0.020952
2 0.678214 0.667143 0.032143 0.020000
2 0.747143 0.646190 0.028571 0.023810
2 0.893929 0.590476 0.025000 0.020952
2 0.914643 0.582857 0.023571 0.017143
2 0.649286 0.540000 0.027143 0.019048
0 0.647500 0.668095 0.003571 0.012381
2 0.037500 0.490952 0.025000 0.023810
2 0.012857 0.510476 0.024286 0.022857
0 0.128929 0.475238 0.007857 0.017143
0 0.143214 0.473333 0.007857 0.011429
2 0.087500 0.446190 0.013571 0.012381
2 0.674643 0.522857 0.027857 0.020952
0 0.428929 0.356667 0.002143 0.008571