2 0.197808 0.905844 0.067850 0.101113
2 0.137787 0.610853 0.049061 0.056586
2 0.131263 0.543599 0.046451 0.040816
2 0.132829 0.349722 0.040188 0.048237
2 0.205637 0.287570 0.039666 0.037106
2 0.240605 0.261596 0.032359 0.037106
2 0.263048 0.237477 0.042797 0.037106
2 0.058716 0.411874 0.031837 0.055659
2 0.032359 0.435993 0.036534 0.057514
0 0.081420 0.395640 0.009395 0.017625
0 0.103601 0.368275 0.007829 0.014842
0 0.094990 0.371985 0.008351 0.016698
0 0.085856 0.369666 0.008873 0.017625
2 0.014614 0.617811 0.029228 0.048237
2 0.019050 0.660482 0.038100 0.050093
2 0.022965 0.781540 0.045929 0.065863
2 0.023225 0.837199 0.046451 0.056586
2 0.030532 0.888683 0.061065 0.076067
2 0.039666 0.983766 0.057411 0.030612
2 0.338205 0.840909 0.050104 0.099258
2 0.431106 0.735158 0.045929 0.082560
0 0.451461 0.678108 0.005219 0.016698
0 0.462422 0.663265 0.007307 0.027829
0 0.461900 0.660482 0.006263 0.011132
0 0.486952 0.676716 0.007307 0.028757
0 0.484864 0.671614 0.005219 0.014842
0 0.480689 0.703154 0.006263 0.025974
0 0.460856 0.688312 0.005219 0.016698
0 0.464248 0.691558 0.005741 0.021336
0 0.469207 0.669759 0.006263 0.014842
0 0.473382 0.674397 0.008351 0.012987
0 0.473382 0.694341 0.008351 0.021336
2 0.674843 0.379870 0.041754 0.058442
2 0.757046 0.271336 0.038100 0.051020
2 0.791232 0.243043 0.035491 0.048237