2 0.217641 0.182746 0.013570 0.011132
0 0.234342 0.173933 0.003132 0.006494
0 0.226253 0.205009 0.002610 0.007421
0 0.214770 0.242579 0.003653 0.006494
0 0.163883 0.240260 0.002088 0.007421
2 0.126566 0.365492 0.032881 0.024119
2 0.213466 0.422542 0.017745 0.028757
2 0.055324 0.516234 0.045929 0.034323
0 0.025835 0.695733 0.014092 0.038961
0 0.155793 0.711039 0.008873 0.030612
0 0.161013 0.704545 0.009916 0.034323
0 0.221816 0.919295 0.015658 0.040816
0 0.385177 0.931818 0.009395 0.036178
0 0.445720 0.820501 0.010438 0.039889
2 0.406837 0.813080 0.078810 0.054731
0 0.469990 0.734694 0.007829 0.037106
0 0.268528 0.543135 0.008873 0.021336
0 0.374478 0.523655 0.006785 0.032468
0 0.462683 0.455009 0.005741 0.012059
0 0.457463 0.425788 0.005741 0.024119
0 0.445459 0.421614 0.005741 0.023191
0 0.480950 0.433673 0.005741 0.015770
0 0.475992 0.426716 0.007307 0.018553
0 0.504697 0.429499 0.005219 0.024119
0 0.507046 0.427644 0.003653 0.024119
0 0.514614 0.434137 0.005219 0.020408
2 0.550104 0.469852 0.040710 0.038033
2 0.590814 0.467532 0.032359 0.033395
2 0.579071 0.557514 0.050626 0.035250
2 0.668319 0.424397 0.031837 0.032468
2 0.711117 0.396568 0.026618 0.026902
0 0.748695 0.511596 0.005741 0.025046
0 0.761743 0.416976 0.007829 0.021336
2 0.932672 0.634508 0.056367 0.063080
2 0.966075 0.591373 0.044885 0.043599
0 0.708768 0.912801 0.008351 0.031540
0 0.704071 0.898887 0.012526 0.042672