0 0.457500 0.706667 0.005000 0.011429
0 0.460000 0.702381 0.005714 0.012381
2 0.513929 0.324762 0.009286 0.015238
2 0.410714 0.327143 0.011429 0.014286
2 0.400357 0.326190 0.010714 0.014286
2 0.573214 0.325714 0.017857 0.011429
2 0.574286 0.319048 0.017143 0.011429
2 0.562143 0.309048 0.007143 0.010476
2 0.549643 0.280000 0.006429 0.009524
2 0.722500 0.291905 0.017857 0.010476
2 0.688214 0.290000 0.012143 0.010476
2 0.671786 0.309048 0.009286 0.012381
2 0.681071 0.309048 0.010714 0.012381
2 0.725714 0.313333 0.011429 0.013333
2 0.745714 0.313333 0.011429 0.011429
2 0.755714 0.310952 0.011429 0.012381
2 0.637500 0.199048 0.009286 0.005714
2 0.802143 0.285714 0.010000 0.009524
0 0.680714 0.283810 0.002857 0.007619
0 0.746429 0.289524 0.002857 0.009524
0 0.749286 0.290476 0.002857 0.007619
0 0.767143 0.245238 0.002857 0.006667