0 0.024250 0.925667 0.048500 0.046000
0 0.162750 0.824333 0.077500 0.070000
0 0.227500 0.764333 0.056000 0.071333
0 0.081750 0.642333 0.056500 0.070000
0 0.299250 0.758667 0.054500 0.077333
0 0.339250 0.751667 0.058500 0.070000
2 0.289250 0.909667 0.266500 0.180667
0 0.673000 0.901667 0.052000 0.088667
0 0.569000 0.779333 0.035000 0.060000
0 0.675000 0.729333 0.035000 0.057333
0 0.619250 0.720000 0.031500 0.076000
0 0.585750 0.709667 0.030500 0.048667
0 0.626000 0.654667 0.035000 0.066667
0 0.662000 0.634667 0.035000 0.058667
0 0.665750 0.567667 0.028500 0.078000
0 0.701500 0.496333 0.031000 0.059333
0 0.618250 0.544667 0.022500 0.062667
0 0.600750 0.552667 0.022500 0.062667
0 0.558750 0.548333 0.031500 0.062000
0 0.610750 0.503000 0.030500 0.060667
0 0.631500 0.496333 0.019000 0.062000
0 0.662750 0.456667 0.028500 0.072000
0 0.670500 0.425333 0.028000 0.061333
0 0.674250 0.345667 0.027500 0.068667
0 0.698750 0.331000 0.020500 0.043333
0 0.692750 0.302333 0.021500 0.063333
0 0.634000 0.196333 0.018000 0.052667
0 0.648250 0.229667 0.016500 0.056667
0 0.647500 0.192333 0.026000 0.056667
2 0.549750 0.220333 0.146500 0.082000
0 0.516000 0.034333 0.019000 0.047333
0 0.446500 0.013667 0.012000 0.027333
0 0.190750 0.115667 0.025500 0.054000
0 0.170000 0.109333 0.027000 0.036000
0 0.152750 0.115333 0.020500 0.033333
0 0.720750 0.451333 0.021500 0.073333