2 0.453571 0.570952 0.117143 0.069524
2 0.536786 0.461429 0.079286 0.079048
0 0.551786 0.949524 0.027857 0.036190
0 0.691071 0.760476 0.020714 0.042857
0 0.720000 0.686190 0.020000 0.050476
2 0.899286 0.623333 0.115714 0.077143
2 0.476429 0.143333 0.024286 0.046667
2 0.434643 0.155238 0.030714 0.036190
2 0.287857 0.144762 0.030000 0.045714
0 0.455000 0.067619 0.007143 0.024762
0 0.456429 0.050476 0.007143 0.022857
0 0.866429 0.867143 0.031429 0.044762
0 0.855000 0.772857 0.040000 0.035238
0 0.985357 0.857143 0.027857 0.038095
0 0.871786 0.471905 0.019286 0.040952
0 0.915714 0.463810 0.020000 0.047619
0 0.088929 0.427143 0.023571 0.048571