2 0.721000 0.845000 0.057000 0.159333
2 0.662500 0.693000 0.054000 0.140667
2 0.650500 0.529333 0.052000 0.090667
2 0.563500 0.260333 0.042000 0.047333
2 0.545750 0.189667 0.041500 0.054000
2 0.421000 0.436000 0.057000 0.085333
2 0.420750 0.369667 0.057500 0.072667
2 0.456500 0.079667 0.022000 0.034000
2 0.531750 0.149000 0.046500 0.040667
2 0.412500 0.263667 0.028000 0.070000
2 0.408750 0.132667 0.023500 0.045333
2 0.429250 0.632000 0.073500 0.125333
2 0.436250 0.783333 0.097500 0.134667
2 0.424750 0.508667 0.072500 0.093333
2 0.444000 0.928667 0.121000 0.142667
2 0.418500 0.211667 0.054000 0.062000
2 0.531250 0.125667 0.044500 0.038000
2 0.405750 0.091000 0.021500 0.047333
2 0.804750 0.179667 0.043500 0.051333
2 0.972750 0.436667 0.054500 0.105333
0 0.009500 0.361667 0.019000 0.032667
0 0.517000 0.032000 0.008000 0.013333
0 0.496000 0.100667 0.007000 0.022667
0 0.488000 0.125000 0.006000 0.022000
0 0.494000 0.150333 0.007000 0.022000
0 0.830250 0.141667 0.009500 0.024667
0 0.709250 0.557000 0.009500 0.020667
0 0.710250 0.538667 0.009500 0.020000
0 0.703250 0.534000 0.015500 0.028000