0 0.157143 0.157360 0.002857 0.012690
0 0.181071 0.156091 0.003571 0.012690
0 0.177143 0.149112 0.004286 0.013959
0 0.151429 0.262690 0.005714 0.017766
0 0.183214 0.135787 0.005000 0.015228
0 0.153929 0.253173 0.005000 0.011421
2 0.210357 0.262690 0.019286 0.045685
2 0.451786 0.017132 0.029286 0.034264
0 0.120357 0.635787 0.009286 0.015228
2 0.534286 0.586929 0.017143 0.064721
2 0.508929 0.548858 0.012143 0.059645
2 0.517500 0.314721 0.016429 0.043147
2 0.497857 0.392766 0.014286 0.054569
2 0.741786 0.099619 0.026429 0.041878
2 0.615357 0.010152 0.010714 0.020305
2 0.491429 0.305203 0.017143 0.054569
2 0.488929 0.039340 0.023571 0.035533
2 0.493571 0.016497 0.027143 0.032995