2 0.472857 0.088832 0.011429 0.032995
2 0.471786 0.125635 0.012143 0.038071
2 0.473571 0.167513 0.012857 0.038071
2 0.492143 0.159264 0.012857 0.034264
2 0.490357 0.094543 0.012143 0.031726
2 0.377857 0.752538 0.022857 0.076142
2 0.381429 0.651015 0.020000 0.065990
2 0.361786 0.479695 0.017857 0.053299
2 0.392857 0.406726 0.017143 0.049492
2 0.368214 0.395939 0.016429 0.045685
2 0.351429 0.311548 0.015714 0.041878
2 0.373214 0.329949 0.015000 0.038071
2 0.398571 0.326777 0.015714 0.044416
2 0.941786 0.096447 0.020714 0.032995