0 0.467750 0.809000 0.025500 0.075333
0 0.498500 0.857000 0.019000 0.075333
0 0.520500 0.837000 0.018000 0.044667
0 0.476500 0.860333 0.012000 0.035333
0 0.559750 0.733000 0.027500 0.063333
0 0.543000 0.671667 0.024000 0.063333
0 0.676000 0.847000 0.032000 0.068667
0 0.681750 0.849000 0.018500 0.043333
0 0.706250 0.913333 0.033500 0.073333
0 0.709750 0.938667 0.034500 0.076000
0 0.683000 0.980667 0.033000 0.038667
0 0.719000 0.975333 0.031000 0.049333
0 0.791250 0.921667 0.033500 0.064667
0 0.809500 0.880000 0.049000 0.065333
2 0.882250 0.884000 0.235500 0.232000
0 0.689750 0.670333 0.025500 0.066000
0 0.471000 0.653333 0.017000 0.060000
0 0.488000 0.651667 0.015000 0.063333
0 0.381500 0.564667 0.017000 0.050667
0 0.385500 0.636667 0.025000 0.064000
0 0.463000 0.631000 0.015000 0.052667
0 0.402500 0.599000 0.015000 0.060667
0 0.407500 0.575333 0.017000 0.053333
0 0.424250 0.583333 0.015500 0.056000
0 0.399000 0.586000 0.010000 0.020000
0 0.499000 0.508000 0.011000 0.025333
0 0.483750 0.508000 0.007500 0.016000
0 0.490750 0.512000 0.008500 0.017333
0 0.476750 0.456667 0.013500 0.025333
0 0.484000 0.493000 0.010000 0.042000
0 0.493750 0.499000 0.014500 0.043333
0 0.498000 0.516333 0.012000 0.050000
0 0.393250 0.476333 0.011500 0.044667
0 0.390750 0.469000 0.010500 0.046000
0 0.413250 0.476667 0.012500 0.045333
0 0.424250 0.483667 0.016500 0.051333
0 0.435000 0.480333 0.011000 0.044667
0 0.443500 0.475333 0.009000 0.048000
0 0.465500 0.461000 0.013000 0.042000
0 0.417000 0.451667 0.012000 0.040667
0 0.426500 0.455000 0.012000 0.040667
0 0.429500 0.464667 0.009000 0.050667
0 0.444750 0.449333 0.014500 0.029333
0 0.473000 0.433000 0.011000 0.034000
0 0.490000 0.450333 0.007000 0.043333
0 0.499750 0.444333 0.009500 0.043333
0 0.521000 0.459667 0.009000 0.043333
0 0.542500 0.461333 0.013000 0.046667
0 0.489500 0.422667 0.012000 0.038667
0 0.491250 0.435000 0.014500 0.043333
0 0.495750 0.427333 0.007500 0.044000
0 0.521500 0.446000 0.010000 0.038667
0 0.511750 0.416667 0.013500 0.034667
0 0.528500 0.426000 0.013000 0.040000
0 0.534250 0.421333 0.008500 0.041333
0 0.528250 0.406000 0.010500 0.034667
0 0.520000 0.417333 0.012000 0.026667
0 0.220000 0.465000 0.013000 0.048667
0 0.234000 0.447000 0.013000 0.034000
0 0.265250 0.437333 0.018500 0.041333
0 0.280000 0.429333 0.012000 0.029333
0 0.259500 0.418000 0.012000 0.024000
0 0.276500 0.422000 0.013000 0.030667
0 0.271000 0.412333 0.012000 0.027333
0 0.392250 0.329000 0.008500 0.026000
0 0.414000 0.300333 0.008000 0.020667
0 0.426250 0.296333 0.007500 0.018000
0 0.443250 0.296000 0.004500 0.018667
0 0.596000 0.390000 0.011000 0.033333
0 0.610000 0.408333 0.010000 0.038000
0 0.641000 0.403667 0.013000 0.040667
0 0.598500 0.359000 0.010000 0.035333
0 0.644250 0.359000 0.008500 0.018000
0 0.657250 0.355000 0.008500 0.022000
0 0.695500 0.368000 0.014000 0.030667
0 0.711000 0.330000 0.010000 0.021333
0 0.714750 0.307333 0.009500 0.032000
0 0.738000 0.329000 0.010000 0.030000
0 0.773500 0.318000 0.009000 0.024000
0 0.751750 0.314000 0.008500 0.029333
0 0.752250 0.314000 0.006500 0.024000
0 0.753250 0.301000 0.007500 0.027333
0 0.761250 0.300000 0.009500 0.028000
0 0.799500 0.306000 0.010000 0.026667
0 0.847250 0.415000 0.012500 0.027333
0 0.932750 0.399333 0.015500 0.038667
0 0.949000 0.370667 0.017000 0.033333
0 0.953000 0.341667 0.014000 0.018000
0 0.922250 0.340667 0.015500 0.017333
0 0.899750 0.323333 0.011500 0.034667
0 0.827250 0.302000 0.006500 0.012000
0 0.831750 0.295333 0.008500 0.025333
0 0.840250 0.297333 0.008500 0.022667
0 0.843750 0.301667 0.011500 0.026000
2 0.899000 0.300000 0.030000 0.033333
2 0.947500 0.266333 0.026000 0.030000
2 0.976750 0.252667 0.029500 0.028000
0 0.905750 0.239667 0.008500 0.022000
0 0.917250 0.243333 0.009500 0.024000
2 0.926750 0.222333 0.045500 0.020667
2 0.912250 0.198333 0.035500 0.016667
2 0.783250 0.272333 0.048500 0.027333
2 0.830250 0.257667 0.045500 0.026000
2 0.883750 0.201333 0.038500 0.017333
2 0.857250 0.191667 0.034500 0.015333
0 0.774250 0.213667 0.005500 0.018000
2 0.787750 0.211000 0.037500 0.020667
2 0.767000 0.179333 0.028000 0.014667
2 0.726500 0.137667 0.018000 0.010000
2 0.705750 0.136000 0.017500 0.009333
0 0.088500 0.581333 0.029000 0.057333
0 0.151000 0.551333 0.026000 0.057333
2 0.047250 0.437000 0.094500 0.064667
2 0.039750 0.420333 0.079500 0.055333
2 0.034000 0.394000 0.068000 0.042667
2 0.087000 0.368667 0.084000 0.041333
2 0.281000 0.203333 0.031000 0.014667
2 0.270500 0.196667 0.026000 0.017333
2 0.255750 0.160000 0.021500 0.010667
2 0.241750 0.156333 0.020500 0.010000
2 0.206500 0.174333 0.028000 0.012667
2 0.202250 0.172000 0.022500 0.010667
2 0.169250 0.176000 0.028500 0.012000
2 0.225000 0.151000 0.017000 0.008667
2 0.222000 0.149667 0.016000 0.008667
2 0.217000 0.149000 0.015000 0.008667
2 0.212750 0.149000 0.012500 0.008667
2 0.174000 0.143667 0.009000 0.007333
2 0.173750 0.136667 0.023500 0.016000
2 0.166250 0.134333 0.030500 0.018000
2 0.175750 0.158000 0.032500 0.022667