2 0.727557 0.782468 0.126305 0.193878
2 0.641180 0.544991 0.064196 0.093692
2 0.326722 0.700835 0.103340 0.177180
2 0.468685 0.513915 0.045929 0.070501
0 0.818111 0.563080 0.028706 0.077922
0 0.603862 0.468924 0.012526 0.043599
0 0.516962 0.506030 0.015136 0.043599
2 0.473121 0.417904 0.024530 0.045455
2 0.500522 0.395640 0.024008 0.039889
0 0.566023 0.408163 0.007829 0.037106
2 0.566545 0.350186 0.022443 0.021336
0 0.508873 0.363636 0.006263 0.014842
0 0.498434 0.365492 0.005219 0.014842
0 0.504436 0.341373 0.003653 0.011132
0 0.500783 0.336271 0.003653 0.010204
0 0.513048 0.315863 0.003132 0.008349
0 0.519833 0.314471 0.002088 0.005566
0 0.516962 0.316327 0.002610 0.009276
0 0.544885 0.383117 0.008351 0.022263
0 0.491649 0.365492 0.004175 0.012987