2 0.480000 0.928571 0.052857 0.142857
2 0.147857 0.524286 0.058571 0.115238
2 0.176429 0.410476 0.050000 0.100952
2 0.199643 0.300952 0.046429 0.095238
0 0.537500 0.618571 0.017857 0.023810
2 0.142143 0.162381 0.042857 0.079048
2 0.162857 0.041429 0.065714 0.044762
0 0.381786 0.350476 0.010714 0.028571
2 0.443929 0.375238 0.039286 0.093333
0 0.272143 0.620000 0.017143 0.045714
2 0.567500 0.469524 0.040714 0.102857
0 0.561786 0.526190 0.012143 0.021905
0 0.620357 0.512857 0.010714 0.014286
0 0.650714 0.339048 0.011429 0.034286
2 0.556071 0.145238 0.030714 0.069524
2 0.554643 0.066667 0.029286 0.060952
2 0.468929 0.085238 0.029286 0.061905
0 0.501071 0.010000 0.009286 0.020000