2 0.354286 0.847143 0.032857 0.039048
2 0.442857 0.716190 0.024286 0.034286
2 0.464643 0.685238 0.022143 0.029524
2 0.419286 0.605238 0.014286 0.023810
2 0.435714 0.599048 0.012857 0.026667
2 0.478929 0.581905 0.017857 0.024762
2 0.508571 0.566667 0.017143 0.017143
2 0.558214 0.626190 0.020714 0.027619
2 0.554643 0.587619 0.019286 0.024762
2 0.261071 0.699524 0.025000 0.027619
2 0.180357 0.619524 0.019286 0.021905
2 0.205000 0.677143 0.022857 0.028571
2 0.182857 0.709048 0.022857 0.033333
2 0.160357 0.715238 0.022143 0.032381
2 0.250357 0.607143 0.025000 0.021905
2 0.339286 0.620476 0.022857 0.021905
2 0.316786 0.601429 0.027857 0.016190
2 0.316429 0.582381 0.024286 0.021905
2 0.198929 0.739048 0.023571 0.034286
2 0.140714 0.723333 0.020000 0.037143
2 0.220714 0.651429 0.021429 0.024762
2 0.173929 0.571429 0.020714 0.022857
2 0.133929 0.530000 0.016429 0.018095
2 0.246786 0.597619 0.027857 0.020000
2 0.301071 0.567143 0.023571 0.018095
2 0.308214 0.575714 0.023571 0.021905
2 0.292857 0.561905 0.022857 0.020952
2 0.259643 0.540952 0.017857 0.015238
2 0.273929 0.521429 0.017857 0.016190
2 0.233214 0.579524 0.029286 0.023810
2 0.238929 0.590476 0.026429 0.019048
2 0.225714 0.570952 0.024286 0.020000
2 0.209643 0.561905 0.023571 0.020952
0 0.275714 0.581429 0.004286 0.012381
0 0.287857 0.584762 0.004286 0.011429
0 0.238214 0.548571 0.003571 0.005714
0 0.114643 0.461429 0.003571 0.010476
0 0.158929 0.461429 0.002143 0.008571
0 0.170000 0.459524 0.002857 0.008571
0 0.156786 0.463810 0.002143 0.005714
2 0.112143 0.386667 0.007143 0.009524
2 0.090714 0.356667 0.007143 0.008571
2 0.097857 0.319048 0.005714 0.007619
2 0.159286 0.330952 0.005714 0.008571
2 0.140714 0.337619 0.015714 0.008571
2 0.729643 0.820476 0.023571 0.046667
2 0.784286 0.809524 0.022857 0.040000
2 0.805000 0.820476 0.021429 0.039048
2 0.848214 0.855238 0.025000 0.041905
2 0.871429 0.874762 0.024286 0.046667
2 0.557143 0.555238 0.020000 0.020952
2 0.727857 0.350952 0.008571 0.008571
2 0.693929 0.385714 0.010714 0.011429
2 0.755000 0.324762 0.007143 0.007619
2 0.769643 0.310476 0.006429 0.007619
2 0.761786 0.319048 0.006429 0.007619
2 0.702143 0.376190 0.008571 0.011429
2 0.710357 0.371905 0.009286 0.008571
2 0.713571 0.364286 0.010000 0.010476
2 0.677143 0.404286 0.008571 0.010476
2 0.733214 0.345238 0.007857 0.008571
2 0.738929 0.341429 0.007857 0.008571
2 0.779286 0.301429 0.005714 0.006667
0 0.704643 0.397143 0.002143 0.007619
0 0.707857 0.396667 0.002857 0.008571
2 0.730714 0.630000 0.027143 0.021905
2 0.745714 0.582381 0.022857 0.020000
2 0.810000 0.616667 0.028571 0.021905
2 0.806071 0.627143 0.025000 0.016190
2 0.803214 0.648571 0.030714 0.019048
2 0.798929 0.658571 0.030714 0.018095
2 0.787857 0.682381 0.031429 0.021905
2 0.797857 0.669048 0.032857 0.018095
0 0.605714 0.772857 0.002857 0.014286
0 0.587500 0.874762 0.006429 0.014286
0 0.592500 0.931905 0.005000 0.010476
0 0.499643 0.915714 0.009286 0.014286
0 0.656786 0.713810 0.005000 0.012381
0 0.605000 0.676667 0.004286 0.008571
2 0.451071 0.591905 0.015000 0.025714
2 0.441786 0.556190 0.019286 0.019048
0 0.528214 0.531905 0.003571 0.008571
0 0.412857 0.560952 0.002857 0.007619
0 0.408929 0.561429 0.002143 0.010476
2 0.499643 0.514762 0.019286 0.016190
2 0.468571 0.532381 0.020000 0.013333
2 0.450357 0.550476 0.020714 0.017143
2 0.653214 0.451429 0.012143 0.015238
2 0.647857 0.435714 0.011429 0.014286
0 0.611429 0.486190 0.002857 0.006667
0 0.616429 0.476667 0.002857 0.006667
2 0.840000 0.262381 0.004286 0.006667
2 0.838929 0.253333 0.005000 0.005714
0 0.604643 0.499524 0.005000 0.006667
2 0.080714 0.317619 0.015714 0.008571
2 0.115714 0.248571 0.004286 0.005714
2 0.116429 0.266190 0.002857 0.004762
2 0.113929 0.282857 0.006429 0.005714
0 0.430000 0.710000 0.005714 0.006667