2 0.243737 0.930891 0.173278 0.136364
2 0.635699 0.553340 0.037578 0.065863
0 0.557150 0.643321 0.015136 0.038033
0 0.614562 0.676716 0.016180 0.038033
0 0.530010 0.460111 0.009916 0.033395
2 0.418841 0.470315 0.034969 0.061224
0 0.624739 0.381262 0.008351 0.012987
0 0.587422 0.359926 0.007829 0.033395
0 0.606733 0.351577 0.007829 0.020408
0 0.602296 0.349258 0.010438 0.023191
0 0.314457 0.408627 0.012004 0.023191
0 0.333768 0.417440 0.007829 0.020408
0 0.419624 0.288033 0.006263 0.019481
0 0.482516 0.315399 0.006785 0.018553
0 0.532620 0.314471 0.005741 0.027829
0 0.536534 0.311224 0.008351 0.030612
2 0.512526 0.261132 0.028184 0.021336
2 0.463205 0.236549 0.016180 0.020408
0 0.425887 0.240260 0.004175 0.011132
0 0.494520 0.223562 0.002610 0.012987
0 0.489562 0.230519 0.004175 0.012059
2 0.430585 0.217532 0.012526 0.017625
0 0.410230 0.221243 0.003132 0.010204
0 0.409969 0.220315 0.003653 0.012059
2 0.345511 0.213358 0.015658 0.018553
0 0.395094 0.185993 0.003132 0.006494
2 0.397965 0.179035 0.007829 0.012987
0 0.371086 0.180427 0.002088 0.006494
2 0.362213 0.181818 0.007307 0.011132
2 0.353862 0.180891 0.006263 0.011132
0 0.361430 0.162801 0.001566 0.004638
0 0.397965 0.168367 0.002610 0.004638