2 0.502500 0.184762 0.002143 0.003810
2 0.502857 0.195714 0.002857 0.002857
2 0.507500 0.198571 0.003571 0.004762
0 0.474286 0.304762 0.001429 0.007619
0 0.516786 0.332857 0.002143 0.006667
0 0.382500 0.820476 0.007857 0.014286
2 0.329643 0.814762 0.026429 0.050476
2 0.597143 0.554762 0.027143 0.016190
2 0.625357 0.638571 0.020714 0.027619
2 0.642500 0.631429 0.023571 0.028571
2 0.688214 0.520476 0.022143 0.016190
2 0.698571 0.529524 0.020000 0.013333
2 0.681071 0.512381 0.022143 0.013333
2 0.674286 0.504286 0.022857 0.014286
2 0.665357 0.496667 0.019286 0.012381
2 0.672500 0.479048 0.017857 0.015238
2 0.602143 0.514762 0.020000 0.016190
2 0.602500 0.504762 0.017857 0.011429
2 0.599643 0.496667 0.017857 0.010476
2 0.816786 0.877619 0.036429 0.037143
2 0.855000 0.853810 0.038571 0.035238