2 0.056429 0.236041 0.017143 0.007614
2 0.076786 0.229695 0.015000 0.010152
2 0.081429 0.232868 0.014286 0.011421
2 0.124286 0.229061 0.014286 0.011421
2 0.296786 0.194797 0.013571 0.008883
2 0.199643 0.214467 0.013571 0.010152
2 0.168214 0.223350 0.015000 0.012690
2 0.153214 0.239213 0.015000 0.011421
2 0.193214 0.225254 0.013571 0.008883
2 0.309643 0.182107 0.012143 0.008883
2 0.326429 0.188452 0.012857 0.008883
2 0.386071 0.178934 0.010714 0.010152
2 0.392500 0.173858 0.010714 0.010152
2 0.398214 0.196066 0.009286 0.008883
2 0.381429 0.166878 0.011429 0.011421
2 0.389286 0.151650 0.004286 0.011421
2 0.395714 0.139594 0.004286 0.007614
2 0.414643 0.178934 0.013571 0.010152
0 0.371429 0.281726 0.002857 0.012690
0 0.375000 0.286168 0.002857 0.008883
0 0.422500 0.503173 0.002143 0.006345
0 0.403214 0.397843 0.002143 0.006345
0 0.435357 0.520939 0.003571 0.006345
0 0.379286 0.274746 0.002857 0.006345
0 0.403571 0.435914 0.002857 0.011421
2 0.364643 0.065355 0.007857 0.011421
2 0.376429 0.017766 0.004286 0.010152
2 0.387143 0.044416 0.004286 0.007614
2 0.397143 0.041878 0.004286 0.005076
2 0.385357 0.080584 0.009286 0.003807
2 0.375357 0.078046 0.010714 0.008883
2 0.426071 0.098350 0.006429 0.008883
2 0.433214 0.113579 0.006429 0.008883
2 0.441786 0.145939 0.006429 0.010152
2 0.409643 0.118655 0.005000 0.008883
2 0.413929 0.129442 0.006429 0.012690
2 0.420357 0.150381 0.007857 0.011421
2 0.429286 0.148477 0.005714 0.010152
2 0.425000 0.142132 0.005714 0.010152
2 0.418929 0.144670 0.005000 0.010152
2 0.454643 0.156091 0.012143 0.010152
2 0.462857 0.191624 0.008571 0.012690
2 0.475357 0.215102 0.009286 0.013959
2 0.506786 0.270939 0.009286 0.016497
2 0.423214 0.209391 0.007857 0.020305
0 0.434643 0.162437 0.002143 0.005076
2 0.446429 0.246193 0.005714 0.010152
2 0.437857 0.250635 0.005714 0.013959
2 0.430357 0.255711 0.007857 0.013959
2 0.435357 0.269670 0.006429 0.011421
2 0.440000 0.280457 0.005714 0.012690
2 0.446429 0.298858 0.007143 0.013959
2 0.463571 0.313452 0.008571 0.015228
2 0.469643 0.335025 0.009286 0.015228
2 0.522143 0.223350 0.014286 0.012690
2 0.518929 0.463198 0.010714 0.017766
2 0.514286 0.487310 0.010000 0.017766
2 0.699643 0.814721 0.023571 0.040609
2 0.572500 0.183376 0.009286 0.013959
2 0.577143 0.181472 0.010000 0.015228
2 0.612143 0.352157 0.011429 0.008883
2 0.625000 0.380076 0.015714 0.013959
2 0.649286 0.412437 0.015714 0.012690
0 0.611429 0.425127 0.002857 0.012690
0 0.614286 0.425127 0.002857 0.010152
0 0.975000 0.611675 0.004286 0.015228