0 0.429643 0.367619 0.005000 0.009524
0 0.620357 0.316190 0.002143 0.009524
0 0.580000 0.347619 0.002857 0.009524
0 0.560714 0.375238 0.002857 0.011429
0 0.564643 0.373810 0.003571 0.010476
2 0.972857 0.440952 0.034286 0.024762
2 0.977500 0.503810 0.032143 0.026667
2 0.847857 0.425238 0.027143 0.023810
2 0.933929 0.410000 0.027857 0.018095
0 0.791071 0.356667 0.005000 0.008571
2 0.774286 0.293333 0.014286 0.009524
2 0.771071 0.291905 0.015000 0.010476
2 0.796786 0.287143 0.015000 0.006667
2 0.783571 0.277143 0.007143 0.005714
2 0.774643 0.278095 0.007857 0.005714
0 0.716786 0.291429 0.002143 0.003810
0 0.719643 0.283810 0.002143 0.005714