2 0.320250 0.925667 0.094500 0.144667
2 0.257250 0.559333 0.062500 0.133333
2 0.247000 0.454667 0.055000 0.089333
2 0.235500 0.381333 0.044000 0.069333
2 0.227500 0.272333 0.038000 0.052667
2 0.224500 0.232000 0.032000 0.038667
2 0.215250 0.198667 0.029500 0.041333
2 0.207500 0.171000 0.026000 0.034000
2 0.209250 0.150000 0.032500 0.033333
2 0.199500 0.113667 0.021000 0.027333
2 0.261500 0.070333 0.018000 0.022000
2 0.198000 0.099000 0.020000 0.023333
2 0.197750 0.086000 0.020500 0.022667
0 0.163250 0.277000 0.012500 0.032667
0 0.346500 0.613333 0.022000 0.052000
0 0.590000 0.214000 0.011000 0.024000
0 0.605000 0.179333 0.007000 0.028000
2 0.590750 0.149333 0.032500 0.029333
2 0.576250 0.175667 0.034500 0.028667
2 0.537750 0.134333 0.032500 0.027333
2 0.557500 0.107667 0.035000 0.026000
2 0.546000 0.102000 0.033000 0.024000
2 0.529750 0.089667 0.034500 0.023333
2 0.499250 0.078667 0.038500 0.018667
0 0.477000 0.076667 0.004000 0.018667
2 0.456250 0.136667 0.030500 0.029333
2 0.443250 0.081333 0.021500 0.020000
2 0.405500 0.092333 0.024000 0.022000
2 0.425250 0.056333 0.020500 0.019333
0 0.442750 0.039333 0.005500 0.014667
0 0.473500 0.076667 0.005000 0.020000
2 0.488500 0.072333 0.030000 0.019333
2 0.487250 0.064667 0.032500 0.016000
2 0.474000 0.054000 0.036000 0.017333
2 0.484000 0.046667 0.032000 0.016000
2 0.573000 0.026667 0.017000 0.016000
2 0.637750 0.023000 0.016500 0.015333
2 0.659500 0.024333 0.016000 0.010000
0 0.609500 0.067000 0.004000 0.019333
0 0.467250 0.035333 0.004500 0.017333
0 0.431500 0.038667 0.005000 0.016000
0 0.400500 0.051000 0.007000 0.016667
0 0.302250 0.060000 0.005500 0.020000
0 0.346250 0.054000 0.004500 0.018667
0 0.350750 0.056000 0.004500 0.017333
0 0.353250 0.055667 0.003500 0.019333
0 0.389500 0.025667 0.004000 0.012667
2 0.390250 0.012000 0.013500 0.014667
2 0.381500 0.025667 0.012000 0.015333
2 0.366000 0.013667 0.021000 0.015333
2 0.342750 0.009000 0.013500 0.012667
0 0.340750 0.013333 0.003500 0.009333
2 0.361000 0.009000 0.016000 0.011333
2 0.321250 0.024000 0.014500 0.014667
2 0.285500 0.023667 0.029000 0.015333
2 0.286500 0.020333 0.033000 0.014000
2 0.312500 0.006667 0.013000 0.013333
0 0.221500 0.045333 0.005000 0.018667
0 0.176500 0.030667 0.006000 0.009333
2 0.187500 0.019333 0.013000 0.018667
2 0.190250 0.010333 0.013500 0.014000