2 0.210000 0.291333 0.115000 0.110667
2 0.346500 0.354667 0.128000 0.084000
2 0.498750 0.424000 0.130500 0.120000
2 0.664000 0.508667 0.125000 0.106667
2 0.814750 0.583333 0.116500 0.105333
2 0.359750 0.628333 0.132500 0.118000
2 0.312000 0.720333 0.122000 0.134000
2 0.519000 0.726000 0.131000 0.120000
2 0.871500 0.897000 0.151000 0.132667
2 0.029250 0.468333 0.058500 0.083333
2 0.964000 0.683667 0.072000 0.092667
2 0.973000 0.958333 0.054000 0.083333
0 0.139250 0.649667 0.051500 0.020667
0 0.146750 0.684667 0.027500 0.021333
0 0.397250 0.578000 0.016500 0.025333
0 0.420500 0.557000 0.020000 0.027333
0 0.477000 0.589000 0.021000 0.026000
0 0.514750 0.619333 0.012500 0.028000
0 0.536000 0.653667 0.022000 0.030000
0 0.603250 0.347667 0.023500 0.038000
0 0.495500 0.251333 0.020000 0.038667
0 0.582500 0.284333 0.021000 0.020667
0 0.623500 0.308000 0.014000 0.022667
0 0.622750 0.051667 0.017500 0.059333
0 0.533750 0.064000 0.020500 0.034667