2 0.468214 0.821066 0.017857 0.055838
2 0.543571 0.809645 0.041429 0.038071
2 0.558214 0.942259 0.020714 0.074873
2 0.546071 0.868020 0.043571 0.045685
2 0.637500 0.876269 0.043571 0.034264
2 0.655714 0.954315 0.044286 0.032995
2 0.627143 0.680203 0.037143 0.027919
2 0.533929 0.504442 0.030714 0.024112
2 0.610714 0.583122 0.032857 0.026650
2 0.575714 0.384518 0.011429 0.027919
2 0.592143 0.386421 0.011429 0.029188
2 0.567857 0.345178 0.022857 0.020305
2 0.510000 0.395939 0.008571 0.027919
2 0.497500 0.328680 0.010714 0.020305
2 0.480357 0.318528 0.009286 0.022843
2 0.489286 0.241117 0.008571 0.020305
2 0.045000 0.197970 0.018571 0.012690
2 0.058214 0.189086 0.013571 0.017766
2 0.068214 0.182107 0.013571 0.016497
2 0.075000 0.175127 0.014286 0.015228
2 0.081786 0.170685 0.013571 0.013959
2 0.089286 0.159264 0.017143 0.016497
2 0.507857 0.006345 0.005714 0.010152
2 0.525357 0.010787 0.005000 0.008883
2 0.508214 0.023477 0.005000 0.008883
2 0.506071 0.041244 0.005000 0.008883
2 0.506429 0.033629 0.005714 0.008883
2 0.487857 0.046320 0.005714 0.008883
2 0.496786 0.088198 0.007857 0.011421
2 0.482500 0.088198 0.006429 0.011421
2 0.511429 0.081218 0.012857 0.012690
2 0.459286 0.123096 0.014286 0.010152
2 0.467857 0.065355 0.012857 0.011421
2 0.455000 0.147208 0.014286 0.015228
2 0.454286 0.135787 0.014286 0.012690
2 0.446429 0.166878 0.015714 0.011421
2 0.447500 0.176396 0.015000 0.012690
2 0.443571 0.200508 0.007143 0.017766
2 0.433929 0.270939 0.017857 0.016497
2 0.435357 0.260787 0.016429 0.016497
2 0.437857 0.251269 0.018571 0.017766
2 0.426071 0.310279 0.019286 0.016497
2 0.428571 0.345812 0.024286 0.019036
2 0.419643 0.358503 0.022143 0.021574
2 0.410357 0.385152 0.026429 0.021574
2 0.404643 0.424492 0.027857 0.019036
2 0.436071 0.387690 0.015000 0.029188
2 0.531071 0.142766 0.016429 0.013959
2 0.528571 0.133883 0.015714 0.011421
2 0.528214 0.126904 0.013571 0.010152
2 0.530357 0.121827 0.013571 0.010152
2 0.531071 0.115482 0.013571 0.010152
2 0.528214 0.090102 0.013571 0.010152
2 0.529643 0.073604 0.013571 0.010152
2 0.531429 0.099619 0.014286 0.011421
2 0.529643 0.064721 0.013571 0.010152
2 0.546786 0.098350 0.006429 0.011421
2 0.554286 0.092005 0.004286 0.008883
2 0.586786 0.098350 0.006429 0.013959
2 0.568214 0.091371 0.015000 0.012690
2 0.593214 0.074239 0.006429 0.011421
2 0.551071 0.197970 0.012143 0.015228
2 0.531429 0.194162 0.017143 0.012690
2 0.564286 0.262690 0.020000 0.015228
2 0.547143 0.336929 0.022857 0.016497
2 0.563929 0.298858 0.016429 0.013959
2 0.585357 0.291244 0.020714 0.013959
2 0.585357 0.281091 0.019286 0.016497
2 0.587143 0.302665 0.021429 0.016497
2 0.605357 0.386421 0.012143 0.029188
2 0.566071 0.074239 0.013571 0.008883
2 0.566786 0.070431 0.012143 0.008883
2 0.566071 0.065355 0.012143 0.008883
2 0.560357 0.060279 0.012143 0.008883
2 0.562857 0.109137 0.012857 0.007614
2 0.564286 0.116117 0.012857 0.008883
2 0.564643 0.119924 0.015000 0.008883
2 0.565000 0.125000 0.014286 0.008883
2 0.579286 0.238579 0.020000 0.017766
2 0.578571 0.226523 0.020000 0.013959
2 0.575714 0.214467 0.018571 0.012690
2 0.575000 0.219543 0.018571 0.015228
2 0.573571 0.204949 0.018571 0.013959
2 0.567500 0.185914 0.017857 0.011421
2 0.570357 0.175761 0.017857 0.013959
2 0.569643 0.170685 0.016429 0.011421
2 0.565357 0.158629 0.016429 0.012690
2 0.572143 0.154188 0.017143 0.011421
2 0.567857 0.138325 0.015714 0.007614
2 0.567143 0.134518 0.015714 0.012690
2 0.572143 0.253807 0.020000 0.015228
2 0.528929 0.208756 0.016429 0.013959
2 0.531071 0.187183 0.016429 0.013959
2 0.531071 0.221447 0.020714 0.013959
2 0.533214 0.230330 0.015000 0.013959
2 0.531071 0.238579 0.020714 0.012690
2 0.530714 0.246827 0.021429 0.013959
2 0.532857 0.253807 0.020000 0.015228
2 0.531786 0.262690 0.020714 0.015228
2 0.532857 0.271574 0.020000 0.012690
2 0.533571 0.281091 0.022857 0.013959
2 0.550000 0.368020 0.024286 0.020305
2 0.553929 0.382614 0.026429 0.016497
2 0.550357 0.420051 0.026429 0.015228
2 0.551071 0.429569 0.026429 0.016497
2 0.551071 0.444797 0.027857 0.021574
2 0.534286 0.458122 0.027143 0.020305
2 0.532500 0.472716 0.027857 0.021574
2 0.535714 0.486675 0.030000 0.021574
2 0.586071 0.473350 0.030714 0.020305
2 0.599286 0.461294 0.030000 0.021574
2 0.594643 0.446066 0.029286 0.019036
2 0.593929 0.436548 0.029286 0.017766
2 0.597857 0.487310 0.028571 0.020305
2 0.600357 0.500635 0.030714 0.024112
2 0.603214 0.517132 0.027857 0.026650
2 0.599286 0.533629 0.032857 0.024112
2 0.601786 0.552030 0.033571 0.025381
2 0.604286 0.569162 0.032857 0.024112
2 0.621071 0.640863 0.033571 0.025381
2 0.371429 0.574873 0.017143 0.040609
0 0.518929 0.562817 0.003571 0.019036
0 0.523571 0.560914 0.004286 0.020305
0 0.702143 0.941624 0.007143 0.027919
0 0.709286 0.911802 0.008571 0.021574
0 0.697500 0.842640 0.007857 0.027919
0 0.680000 0.811548 0.005714 0.024112
0 0.666786 0.734137 0.006429 0.024112
0 0.683214 0.737310 0.006429 0.020305
0 0.675357 0.713832 0.006429 0.024112
0 0.700714 0.828046 0.007143 0.029188
0 0.687143 0.852792 0.004286 0.015228
0 0.661429 0.645305 0.004286 0.019036
0 0.664643 0.643401 0.003571 0.015228
0 0.645714 0.489213 0.004286 0.016497
0 0.641071 0.495558 0.005000 0.019036
0 0.634286 0.495558 0.004286 0.019036
0 0.621429 0.482234 0.004286 0.020305
0 0.633571 0.443528 0.004286 0.016497
0 0.633214 0.407360 0.003571 0.017766
0 0.620714 0.376269 0.004286 0.016497
0 0.526786 0.378173 0.003571 0.020305
0 0.513929 0.486675 0.005000 0.021574
0 0.535714 0.366751 0.004286 0.017766
0 0.617143 0.338198 0.002857 0.016497
0 0.611786 0.340102 0.003571 0.017766
0 0.610357 0.298223 0.003571 0.015228
0 0.603929 0.309645 0.005000 0.015228
0 0.602143 0.281726 0.004286 0.015228
0 0.608571 0.263959 0.002857 0.015228
0 0.602143 0.258883 0.004286 0.017766
0 0.602500 0.227157 0.003571 0.015228
0 0.598214 0.213832 0.002143 0.013959
0 0.592500 0.143401 0.002143 0.012690
0 0.588929 0.143401 0.002143 0.012690
0 0.579643 0.134518 0.003571 0.012690
0 0.517500 0.168147 0.002143 0.011421
0 0.520000 0.187817 0.002857 0.012690
0 0.519286 0.213832 0.002857 0.013959
0 0.586071 0.118020 0.003571 0.012690
0 0.596786 0.106599 0.003571 0.010152
0 0.581429 0.078680 0.002857 0.010152
0 0.576786 0.061548 0.002143 0.011421
0 0.577143 0.083756 0.002857 0.010152
0 0.577500 0.078680 0.002143 0.010152
0 0.592857 0.097081 0.002857 0.011421
0 0.595714 0.097716 0.002857 0.012690
0 0.588571 0.133883 0.002857 0.013959
0 0.606429 0.339467 0.002857 0.016497
0 0.603929 0.334391 0.003571 0.013959
0 0.606429 0.371193 0.004286 0.019036
0 0.646429 0.386421 0.004286 0.016497
0 0.641071 0.388325 0.003571 0.017766
0 0.645000 0.381345 0.004286 0.016497
0 0.583214 0.064721 0.002143 0.010152
0 0.581786 0.064086 0.002143 0.011421
2 0.597500 0.056472 0.005000 0.008883
0 0.638214 0.359137 0.003571 0.015228
0 0.605714 0.299492 0.004286 0.015228
0 0.714643 0.810914 0.006429 0.022843
0 0.711429 0.801396 0.004286 0.021574
0 0.532857 0.961294 0.007143 0.034264
0 0.540000 0.961929 0.007143 0.032995
0 0.337143 0.916244 0.010000 0.025381
0 0.331071 0.903553 0.010714 0.032995