0 0.225000 0.748096 0.005714 0.019036
0 0.229286 0.739848 0.007143 0.017766
0 0.271071 0.864848 0.009286 0.016497
0 0.295714 0.902919 0.007143 0.016497
0 0.300357 0.971447 0.009286 0.021574
0 0.312500 0.883883 0.006429 0.016497
0 0.430000 0.869924 0.008571 0.016497
0 0.404286 0.838198 0.005714 0.019036
0 0.442857 0.794416 0.005714 0.020305
0 0.499643 0.851523 0.006429 0.020305
0 0.503571 0.848350 0.004286 0.019036
0 0.727500 0.793147 0.006429 0.017766
0 0.745000 0.784898 0.005714 0.016497
0 0.749643 0.772843 0.005000 0.017766
2 0.710714 0.640228 0.027143 0.031726
2 0.680357 0.618020 0.026429 0.027919
2 0.638929 0.520305 0.019286 0.038071
2 0.562857 0.504442 0.020000 0.021574
2 0.538929 0.523477 0.025000 0.021574
2 0.545357 0.504442 0.020714 0.021574
2 0.537143 0.564086 0.022857 0.021574
2 0.490000 0.515228 0.024286 0.020305
2 0.481071 0.491751 0.020714 0.029188
2 0.436786 0.493655 0.017857 0.032995
2 0.422143 0.489848 0.018571 0.027919
2 0.416071 0.478426 0.020714 0.035533
2 0.316786 0.515228 0.020714 0.017766
2 0.301429 0.506345 0.015714 0.030457
2 0.268929 0.508249 0.017857 0.031726
2 0.297500 0.472081 0.012143 0.030457
2 0.255714 0.476523 0.012857 0.029188
2 0.243214 0.505076 0.016429 0.030457
2 0.197857 0.473985 0.024286 0.019036
2 0.144286 0.480330 0.025714 0.021574
2 0.216429 0.416244 0.021429 0.020305
2 0.223929 0.376269 0.017857 0.019036
2 0.230000 0.351523 0.018571 0.015228
2 0.230714 0.345178 0.017143 0.015228
2 0.234643 0.336294 0.015000 0.015228
2 0.093929 0.322970 0.013571 0.019036
2 0.209286 0.282995 0.014286 0.017766
2 0.188929 0.244924 0.009286 0.017766
2 0.196429 0.223985 0.008571 0.016497
2 0.199286 0.199239 0.015714 0.012690
2 0.201786 0.192893 0.015000 0.012690
2 0.223571 0.168147 0.012857 0.013959
2 0.228571 0.163071 0.012857 0.013959
2 0.227857 0.199239 0.014286 0.015228
2 0.006429 0.277919 0.012857 0.022843
2 0.150714 0.034264 0.007143 0.010152
2 0.103214 0.009518 0.006429 0.013959
2 0.215000 0.008883 0.005714 0.012690
2 0.282857 0.107234 0.008571 0.013959
2 0.283571 0.131345 0.012857 0.011421
2 0.287857 0.123096 0.011429 0.010152
2 0.288929 0.117386 0.012143 0.011421
2 0.317500 0.402284 0.013571 0.027919
2 0.332857 0.388959 0.011429 0.021574
2 0.005714 0.670051 0.011429 0.035533