2 0.076786 0.130000 0.012143 0.018095
2 0.155000 0.126667 0.011429 0.024762
2 0.195357 0.119524 0.010714 0.023810
2 0.216429 0.120476 0.010000 0.021905
0 0.234643 0.115238 0.003571 0.007619
2 0.258571 0.115238 0.011429 0.022857
2 0.311786 0.124286 0.022143 0.016190
2 0.327143 0.144286 0.027143 0.014286
2 0.280357 0.112381 0.010714 0.022857
2 0.366429 0.009524 0.010000 0.019048
2 0.366071 0.030476 0.009286 0.020952
2 0.366429 0.050000 0.010000 0.021905
2 0.367143 0.074286 0.008571 0.022857
2 0.369643 0.175238 0.010714 0.022857
2 0.370000 0.200000 0.011429 0.024762
2 0.370714 0.228095 0.011429 0.025714
0 0.378929 0.232381 0.003571 0.009524
2 0.370357 0.258571 0.012143 0.021905
2 0.374286 0.312857 0.010000 0.027619
2 0.317143 0.370000 0.011429 0.029524
2 0.304286 0.373810 0.012857 0.027619
2 0.291429 0.372857 0.011429 0.025714
2 0.322857 0.350000 0.021429 0.014286
2 0.315714 0.323810 0.011429 0.026667
2 0.302500 0.324762 0.012143 0.026667
2 0.289286 0.325238 0.011429 0.029524
2 0.227143 0.328571 0.011429 0.026667
2 0.146429 0.305238 0.021429 0.021905
2 0.188214 0.333333 0.012143 0.028571
2 0.176071 0.334762 0.010714 0.023810
2 0.164643 0.333810 0.010714 0.029524
2 0.145357 0.336667 0.023571 0.012381
2 0.145714 0.350476 0.021429 0.013333
2 0.115000 0.301429 0.012857 0.027619
2 0.073929 0.306190 0.015000 0.027619
2 0.042500 0.310952 0.015000 0.027619
2 0.028929 0.312857 0.012143 0.025714
2 0.009643 0.308571 0.015000 0.026667
2 0.044286 0.537143 0.015714 0.034286
2 0.072857 0.532857 0.014286 0.029524
2 0.100000 0.530476 0.012857 0.028571
2 0.112857 0.530476 0.014286 0.032381
2 0.127500 0.527619 0.015000 0.032381
2 0.166786 0.515238 0.013571 0.032381
2 0.170357 0.572381 0.012143 0.032381
2 0.394643 0.564286 0.010714 0.035238
0 0.378571 0.425714 0.002857 0.003810
2 0.407857 0.676667 0.011429 0.039048
2 0.245000 0.747143 0.030000 0.021905
2 0.243214 0.769524 0.029286 0.017143
2 0.243571 0.791905 0.028571 0.021905
2 0.211786 0.820952 0.027857 0.019048
2 0.213214 0.799048 0.030714 0.020952
2 0.211786 0.774286 0.029286 0.019048
2 0.145000 0.784286 0.031429 0.020000
2 0.143214 0.828571 0.032143 0.020952
2 0.110714 0.836190 0.031429 0.020952
2 0.013571 0.847619 0.027143 0.019048
2 0.110000 0.951429 0.018571 0.045714
2 0.177857 0.950000 0.017143 0.048571
2 0.215000 0.932857 0.015714 0.042857
2 0.505714 0.010000 0.020000 0.014286
2 0.543214 0.011429 0.020714 0.013333
2 0.545357 0.020000 0.020714 0.017143
0 0.777143 0.186667 0.005714 0.009524
0 0.646429 0.074762 0.004286 0.010476
0 0.634643 0.075238 0.002143 0.009524
0 0.665000 0.105714 0.004286 0.005714
0 0.600357 0.002857 0.002143 0.005714
2 0.707500 0.854286 0.033571 0.020952
2 0.713929 0.883810 0.026429 0.019048
2 0.749643 0.880476 0.030714 0.020000
2 0.789286 0.877143 0.032857 0.017143
2 0.829286 0.873810 0.031429 0.018095
2 0.662500 0.960000 0.016429 0.045714
2 0.677857 0.961429 0.018571 0.050476
2 0.707857 0.956667 0.018571 0.050476
2 0.726071 0.953810 0.019286 0.048571
2 0.741429 0.954286 0.017143 0.049524
2 0.804286 0.945238 0.020000 0.044762
2 0.820357 0.942857 0.022143 0.047619
2 0.838571 0.943333 0.021429 0.046667
2 0.870357 0.940952 0.019286 0.047619
2 0.938571 0.979048 0.024286 0.041905
2 0.987857 0.857619 0.018571 0.020000