2 0.225357 0.967640 0.016429 0.024112
2 0.240357 0.984772 0.017857 0.027919
2 0.225357 0.862310 0.016429 0.029188
2 0.221429 0.851523 0.014286 0.027919
2 0.320000 0.691624 0.014286 0.020305
2 0.332857 0.678299 0.011429 0.016497
2 0.342857 0.665609 0.012857 0.019036
2 0.431786 0.584391 0.010714 0.013959
2 0.450000 0.574239 0.010000 0.013959
2 0.455000 0.602157 0.012857 0.011421
2 0.499286 0.637690 0.012857 0.013959
2 0.491429 0.647843 0.011429 0.011421
2 0.503571 0.658629 0.012857 0.015228
2 0.512143 0.647208 0.012857 0.015228
2 0.540000 0.669416 0.011429 0.013959
2 0.555000 0.681472 0.014286 0.015228
2 0.269643 0.505076 0.015000 0.017766
2 0.133571 0.272843 0.014286 0.012690
2 0.491786 0.381345 0.012143 0.011421
2 0.512857 0.293147 0.010000 0.010152
2 0.543571 0.289340 0.011429 0.010152
2 0.660714 0.419416 0.008571 0.011421
2 0.678571 0.734137 0.014286 0.019036
2 0.815714 0.867386 0.020000 0.021574
2 0.840714 0.887056 0.020000 0.025381
2 0.853929 0.934645 0.019286 0.024112
2 0.878214 0.952411 0.030714 0.034264
2 0.935000 0.960025 0.021429 0.026650