2 0.583571 0.733333 0.065714 0.161905
2 0.076429 0.521905 0.095714 0.127619
2 0.208214 0.620952 0.105000 0.152381
2 0.274286 0.499524 0.077143 0.120952
2 0.838214 0.799048 0.069286 0.182857
2 0.897500 0.738571 0.077857 0.166667
2 0.823214 0.634286 0.056429 0.123810
2 0.758571 0.506667 0.051429 0.106667
2 0.696786 0.539524 0.056429 0.119048
2 0.757500 0.247619 0.036429 0.062857
2 0.798214 0.253333 0.036429 0.059048
2 0.793571 0.194762 0.032857 0.054286
2 0.808929 0.155714 0.073571 0.046667
2 0.835714 0.211429 0.038571 0.078095
2 0.903571 0.364762 0.090000 0.060952
2 0.899286 0.328095 0.098571 0.056190
2 0.919286 0.284762 0.078571 0.051429
2 0.905357 0.243810 0.070714 0.057143
2 0.899643 0.206190 0.086429 0.052381
2 0.891429 0.167619 0.074286 0.049524
2 0.880000 0.118571 0.067143 0.040952
2 0.870000 0.096190 0.062857 0.036190
2 0.953571 0.414762 0.092857 0.067619
0 0.823214 0.334762 0.017857 0.033333
2 0.812500 0.041429 0.057857 0.044762
2 0.842143 0.030476 0.072857 0.040000
2 0.824643 0.012381 0.059286 0.024762
2 0.764286 0.013333 0.027143 0.026667
0 0.751071 0.062857 0.012143 0.034286
0 0.815357 0.054762 0.010714 0.031429
0 0.414286 0.327143 0.015714 0.040952
0 0.461071 0.180476 0.007857 0.035238
0 0.487143 0.108095 0.011429 0.029524
0 0.505000 0.074762 0.010000 0.033333
0 0.496786 0.085238 0.007857 0.035238
0 0.484643 0.078571 0.009286 0.033333
0 0.441071 0.146190 0.009286 0.037143
2 0.389643 0.275238 0.053571 0.080000
0 0.493571 0.060476 0.008571 0.033333
2 0.536786 0.016190 0.025000 0.032381