2 0.577250 0.439000 0.062500 0.034000
2 0.499250 0.433000 0.060500 0.038000
2 0.417500 0.427000 0.061000 0.036667
2 0.741000 0.449000 0.069000 0.035333
2 0.797000 0.436000 0.044000 0.036000
2 0.832250 0.309333 0.042500 0.022667
2 0.788250 0.273000 0.024500 0.016667
2 0.840750 0.238667 0.024500 0.013333
2 0.212750 0.419333 0.056500 0.030667
2 0.080250 0.412000 0.055500 0.030667
2 0.492500 0.248000 0.024000 0.012000
2 0.015000 0.460000 0.030000 0.036000
2 0.025250 0.409667 0.050500 0.030000
0 0.053750 0.486667 0.017500 0.028000
0 0.160750 0.426667 0.010500 0.025333
2 0.174750 0.474000 0.065500 0.036000
2 0.152500 0.415333 0.057000 0.028000
2 0.316750 0.484667 0.070500 0.038667
2 0.365500 0.387667 0.032000 0.027333
2 0.327750 0.352000 0.042500 0.024000
2 0.340250 0.341333 0.040500 0.021333
2 0.437500 0.348000 0.046000 0.024000
2 0.412000 0.336000 0.026000 0.021333
2 0.424250 0.280667 0.032500 0.016000
2 0.432250 0.275333 0.029500 0.017333
2 0.440000 0.271333 0.027000 0.017333
2 0.450250 0.269000 0.025500 0.016667
2 0.458500 0.265333 0.026000 0.016000
2 0.509750 0.240000 0.023500 0.012000
2 0.260750 0.222333 0.014500 0.008667
2 0.269750 0.220000 0.014500 0.008000
2 0.273250 0.218333 0.013500 0.007333
2 0.265500 0.215000 0.015000 0.008667
2 0.256000 0.214667 0.013000 0.009333
2 0.468250 0.494333 0.068500 0.042000
0 0.567500 0.625333 0.020000 0.033333
0 0.571250 0.604667 0.012500 0.038667
2 0.802250 0.227667 0.018500 0.011333
2 0.802500 0.239667 0.020000 0.014000
2 0.823500 0.233667 0.024000 0.011333
2 0.816250 0.230333 0.021500 0.011333
2 0.824250 0.303333 0.037500 0.017333
2 0.824000 0.297667 0.037000 0.015333
2 0.860250 0.365667 0.048500 0.030000
2 0.850500 0.523333 0.089000 0.044000
2 0.952500 0.532333 0.095000 0.046000
0 0.778500 0.551333 0.020000 0.034667
0 0.810500 0.559667 0.016000 0.038000
0 0.821000 0.554000 0.014000 0.024000
0 0.882500 0.738667 0.022000 0.054667
0 0.457000 0.218667 0.003000 0.010667
0 0.319500 0.258667 0.003000 0.009333
0 0.331250 0.262667 0.005500 0.013333
0 0.335750 0.266667 0.003500 0.008000
2 0.987500 0.218667 0.014000 0.010667
2 0.994000 0.221333 0.012000 0.013333
2 0.996500 0.232667 0.007000 0.010667
0 0.863500 0.256000 0.004000 0.016000
0 0.869250 0.256000 0.006500 0.014667