0 0.395500 0.757333 0.007000 0.018667
0 0.444250 0.786000 0.005500 0.018667
0 0.458750 0.804333 0.006500 0.020667
0 0.469000 0.831667 0.006000 0.020667
0 0.492000 0.865000 0.005000 0.020667
0 0.457250 0.726000 0.004500 0.017333
0 0.492500 0.767333 0.006000 0.016000
0 0.483500 0.436667 0.005000 0.009333
0 0.421750 0.433000 0.004500 0.010000
0 0.421250 0.439000 0.004500 0.011333
0 0.579750 0.478333 0.002500 0.012667
0 0.782500 0.479333 0.006000 0.012000
0 0.791250 0.507000 0.005500 0.014000
0 0.793000 0.511333 0.006000 0.014667
0 0.802500 0.511667 0.005000 0.014000
0 0.801500 0.509000 0.006000 0.014000
0 0.911500 0.541000 0.006000 0.011333
0 0.965000 0.623333 0.010000 0.017333
2 0.140750 0.273333 0.016500 0.010667
2 0.128250 0.271333 0.017500 0.013333