2 0.238929 0.968571 0.052143 0.062857
2 0.491429 0.942857 0.045714 0.114286
2 0.675000 0.764286 0.044286 0.145714
2 0.787143 0.266190 0.087143 0.052381
2 0.668571 0.148095 0.037143 0.092381
2 0.432500 0.121429 0.037857 0.100000
2 0.266429 0.752857 0.052857 0.140000
2 0.282500 0.598571 0.053571 0.128571
0 0.783571 0.401429 0.020000 0.025714
0 0.575000 0.128095 0.010000 0.033333
0 0.632143 0.271429 0.012857 0.026667
0 0.682500 0.223333 0.013571 0.033333
0 0.706786 0.334286 0.012143 0.026667
0 0.779643 0.333333 0.019286 0.026667
0 0.622857 0.058095 0.012857 0.026667
2 0.212143 0.234286 0.044286 0.099048
0 0.225357 0.331905 0.020714 0.031429
0 0.127500 0.351905 0.022143 0.025714
0 0.127857 0.903333 0.037143 0.023810
2 0.084643 0.851905 0.105000 0.109524
2 0.086071 0.769048 0.102143 0.113333
2 0.093929 0.687619 0.082143 0.081905
2 0.150714 0.597619 0.085714 0.090476
0 0.192857 0.490000 0.017143 0.023810
0 0.607143 0.668095 0.018571 0.021905
0 0.642857 0.702381 0.014286 0.023810
0 0.661429 0.350000 0.012857 0.025714