0 0.606071 0.913810 0.009286 0.018095
0 0.578571 0.860476 0.007143 0.012381
0 0.686786 0.558095 0.012143 0.017143
0 0.798571 0.450000 0.011429 0.023810
0 0.771786 0.395714 0.010714 0.020000
0 0.593214 0.195238 0.012143 0.019048
0 0.588571 0.187143 0.012857 0.016190
0 0.613571 0.115714 0.012857 0.025714
0 0.244286 0.038095 0.017143 0.030476
0 0.186429 0.091429 0.015714 0.026667
0 0.237500 0.194762 0.013571 0.021905
0 0.091071 0.289048 0.013571 0.020000
0 0.098571 0.312381 0.015714 0.019048
0 0.022500 0.452381 0.019286 0.019048
0 0.030357 0.446667 0.015000 0.017143
0 0.051429 0.661905 0.015714 0.019048
2 0.850000 0.947143 0.070000 0.105714
2 0.593929 0.948095 0.062143 0.103810
2 0.543929 0.686667 0.059286 0.106667
2 0.586071 0.592381 0.056429 0.083810
2 0.777500 0.691429 0.047857 0.102857
2 0.736786 0.547143 0.052143 0.098095
2 0.706786 0.446667 0.049286 0.087619
2 0.625357 0.418571 0.040714 0.100000
2 0.551786 0.316667 0.067857 0.080952
2 0.414643 0.649048 0.060714 0.092381