2 0.490357 0.679048 0.005000 0.005714
2 0.488214 0.684762 0.003571 0.003810
2 0.488214 0.689048 0.005000 0.004762
2 0.480357 0.694762 0.003571 0.004762
2 0.503571 0.675238 0.004286 0.005714
2 0.520000 0.670952 0.004286 0.004762
2 0.531071 0.674286 0.005000 0.007619
2 0.543571 0.680000 0.005714 0.007619
2 0.559286 0.658095 0.007143 0.007619
0 0.567143 0.688095 0.004286 0.006667
0 0.615000 0.603810 0.004286 0.005714
0 0.618214 0.602857 0.003571 0.005714
2 0.617143 0.599048 0.008571 0.007619
2 0.633214 0.586190 0.010714 0.014286
2 0.704286 0.583333 0.018571 0.018095
2 0.680357 0.639524 0.016429 0.014286
2 0.682857 0.651429 0.015714 0.013333
2 0.713571 0.618571 0.018571 0.016190
2 0.703571 0.648571 0.018571 0.015238
2 0.724643 0.629524 0.017857 0.015238
2 0.728929 0.639524 0.017857 0.016190
2 0.739286 0.611905 0.018571 0.016190
2 0.749643 0.636190 0.023571 0.017143
2 0.749286 0.621429 0.021429 0.014286
2 0.771071 0.601429 0.023571 0.016190
2 0.772500 0.616667 0.023571 0.018095
2 0.748929 0.654286 0.026429 0.019048
2 0.781786 0.632381 0.022143 0.017143
2 0.798571 0.596190 0.027143 0.020952
2 0.849643 0.619048 0.032143 0.020952
2 0.840000 0.601429 0.031429 0.018095
2 0.840000 0.583333 0.031429 0.020000
2 0.833929 0.570476 0.029286 0.019048
2 0.876429 0.593333 0.035714 0.022857
2 0.874643 0.577143 0.033571 0.022857
2 0.884643 0.553333 0.032143 0.022857
2 0.994286 0.016190 0.004286 0.003810
2 0.984286 0.040476 0.004286 0.004762
2 0.991786 0.046190 0.003571 0.006667
2 0.995000 0.040952 0.004286 0.003810
2 0.963571 0.047143 0.004286 0.002857
2 0.970357 0.030476 0.002143 0.003810
2 0.593214 0.978095 0.023571 0.030476
2 0.553929 0.985238 0.029286 0.029524
2 0.536786 0.958095 0.013571 0.038095
2 0.501071 0.960476 0.020714 0.031429
2 0.506786 0.940476 0.020714 0.027619
2 0.507857 0.925238 0.020000 0.029524
2 0.490000 0.903333 0.017143 0.023810
2 0.461786 0.799048 0.009286 0.013333
2 0.450000 0.811429 0.008571 0.013333
2 0.441786 0.799048 0.009286 0.009524
2 0.438214 0.810000 0.007857 0.008571
2 0.431429 0.826190 0.010000 0.010476