0 0.160714 0.641497 0.005714 0.024112
0 0.160357 0.682741 0.006429 0.020305
0 0.160714 0.677665 0.008571 0.022843
0 0.277143 0.807107 0.012857 0.030457
0 0.239286 0.989848 0.007143 0.017766
0 0.245714 0.991751 0.008571 0.013959
0 0.396071 0.522208 0.005000 0.019036
0 0.385000 0.519036 0.004286 0.017766
0 0.387143 0.517766 0.002857 0.017766
0 0.390000 0.520939 0.004286 0.019036
0 0.395714 0.490482 0.004286 0.021574
0 0.400000 0.494924 0.004286 0.020305
2 0.265000 0.960025 0.025714 0.077411
2 0.146786 0.682107 0.022143 0.039340
2 0.157857 0.720178 0.024286 0.046954
2 0.295714 0.630711 0.035714 0.030457
2 0.303214 0.602792 0.037857 0.027919
0 0.237500 0.526650 0.005000 0.020305
2 0.010357 0.956853 0.020714 0.081218
2 0.008929 0.798858 0.017857 0.062183
2 0.822857 0.962563 0.030000 0.072335
2 0.846429 0.957487 0.035714 0.077411
2 0.870000 0.948604 0.035714 0.077411
2 0.893214 0.946701 0.040714 0.078680
2 0.922500 0.948604 0.043571 0.077411
2 0.949286 0.942893 0.047143 0.076142
2 0.976071 0.944797 0.043571 0.085025
2 0.937857 0.884518 0.044286 0.063452
2 0.844643 0.886421 0.043571 0.059645
2 0.876429 0.885152 0.038571 0.057107
2 0.516429 0.630076 0.020000 0.057107
2 0.493929 0.310279 0.010714 0.021574
2 0.487500 0.256980 0.009286 0.019036
2 0.504286 0.247462 0.010000 0.022843
2 0.487143 0.204315 0.008571 0.015228
2 0.452143 0.195431 0.010000 0.020305
2 0.450357 0.173223 0.009286 0.019036
2 0.463214 0.169416 0.007857 0.016497
2 0.483214 0.145305 0.007857 0.016497
2 0.481429 0.116751 0.005714 0.012690
2 0.454643 0.122462 0.007857 0.011421
2 0.458571 0.102792 0.005714 0.010152
2 0.482857 0.099619 0.005714 0.011421
2 0.492143 0.107868 0.007143 0.012690
2 0.465714 0.079949 0.007143 0.012690
2 0.471071 0.085660 0.005000 0.011421
2 0.482143 0.067259 0.005714 0.007614
2 0.493214 0.071066 0.007857 0.012690
2 0.520357 0.041244 0.006429 0.011421
2 0.532143 0.029822 0.007143 0.008883
2 0.539643 0.024112 0.007857 0.010152
2 0.536786 0.351523 0.013571 0.030457
2 0.603571 0.953680 0.035714 0.087563
0 0.555000 0.211929 0.002857 0.010152
0 0.641429 0.394670 0.002857 0.015228
0 0.138929 0.611675 0.005000 0.025381