2 0.406071 0.557107 0.039286 0.063452
2 0.506786 0.543147 0.049286 0.073604
2 0.550357 0.531091 0.049286 0.074873
2 0.646071 0.518401 0.040714 0.077411
2 0.803214 0.545685 0.049286 0.071066
2 0.727500 0.539975 0.056429 0.054569
2 0.887143 0.515863 0.061429 0.044416
2 0.958929 0.510787 0.060714 0.049492
2 0.933929 0.243020 0.026429 0.059645
2 0.919286 0.156091 0.032857 0.055838
2 0.901786 0.113579 0.025000 0.054569
2 0.319643 0.565355 0.049286 0.082487
2 0.262857 0.586294 0.048571 0.078680
0 0.242500 0.681472 0.013571 0.032995
0 0.605000 0.592640 0.010000 0.027919
0 0.634643 0.597716 0.006429 0.030457
0 0.613571 0.578046 0.010000 0.029188