2 0.482500 0.559524 0.040714 0.086667
2 0.575714 0.529524 0.048571 0.083810
2 0.518214 0.501905 0.037857 0.072381
2 0.463929 0.478571 0.033571 0.071429
2 0.497500 0.430952 0.032143 0.056190
2 0.543214 0.447619 0.040714 0.066667
2 0.522857 0.380952 0.034286 0.047619
2 0.484286 0.369048 0.030000 0.056190
2 0.441429 0.355238 0.027143 0.049524
2 0.437500 0.311905 0.025000 0.044762
2 0.433214 0.272857 0.020714 0.035238
2 0.436786 0.239524 0.020714 0.035238
2 0.460714 0.223810 0.024286 0.036190
2 0.431429 0.202857 0.020000 0.036190
2 0.449286 0.190000 0.020000 0.031429
2 0.449286 0.162381 0.017143 0.029524
2 0.425714 0.149524 0.015714 0.030476
0 0.506071 0.147143 0.005000 0.018095
2 0.415000 0.101905 0.015714 0.024762
2 0.409286 0.038571 0.014286 0.020000
2 0.401071 0.056667 0.013571 0.020000
2 0.411071 0.020952 0.012143 0.017143
2 0.448571 0.046190 0.014286 0.016190
0 0.524286 0.193333 0.004286 0.022857
0 0.527500 0.191429 0.005000 0.022857
0 0.408929 0.141905 0.007857 0.013333
2 0.408214 0.080952 0.012143 0.022857
2 0.393929 0.027143 0.015000 0.020000
0 0.426429 0.619048 0.011429 0.019048
0 0.446786 0.619048 0.009286 0.022857
0 0.409643 0.672857 0.012143 0.025714
0 0.408929 0.661905 0.015000 0.020952
0 0.386786 0.694762 0.013571 0.020000
0 0.389643 0.690952 0.012143 0.027619
0 0.403571 0.732857 0.020000 0.040952
0 0.427143 0.728571 0.015714 0.028571
0 0.426071 0.718095 0.010714 0.022857
0 0.488214 0.768571 0.013571 0.028571
0 0.591071 0.813810 0.015000 0.021905
0 0.595000 0.769524 0.012857 0.022857
0 0.441071 0.650476 0.010714 0.013333
0 0.441071 0.645238 0.009286 0.016190
0 0.649286 0.826667 0.014286 0.030476
0 0.751786 0.637143 0.012143 0.036190
0 0.837857 0.564762 0.015714 0.036190
0 0.803929 0.642381 0.019286 0.031429
0 0.863929 0.785238 0.013571 0.035238
0 0.913571 0.761905 0.017143 0.032381
0 0.912500 0.720476 0.017857 0.025714
0 0.943571 0.724762 0.015714 0.022857