2 0.160357 0.838832 0.035000 0.068528
2 0.179286 0.731599 0.035714 0.054569
2 0.267500 0.855964 0.033571 0.054569
2 0.063929 0.672589 0.032143 0.050761
2 0.023929 0.602792 0.027857 0.045685
2 0.356429 0.916878 0.045714 0.039340
2 0.423571 0.878807 0.042857 0.059645
2 0.513929 0.922589 0.035000 0.073604
2 0.542857 0.850888 0.031429 0.067259
2 0.525000 0.697970 0.031429 0.060914
2 0.555357 0.569797 0.026429 0.050761
2 0.610357 0.690355 0.027857 0.055838
2 0.633929 0.623731 0.027857 0.057107
2 0.656429 0.565990 0.031429 0.060914
2 0.683214 0.508883 0.030714 0.053299
2 0.722500 0.547589 0.026429 0.054569
2 0.663929 0.281091 0.020714 0.034264
2 0.826429 0.204315 0.024286 0.050761
2 0.808214 0.135152 0.020714 0.041878