2 0.202500 0.472081 0.020714 0.020305
2 0.365000 0.391497 0.025714 0.021574
2 0.463929 0.440990 0.023571 0.036802
2 0.505000 0.616751 0.010000 0.043147
2 0.467857 0.628807 0.014286 0.046954
2 0.474286 0.691624 0.014286 0.048223
2 0.481786 0.750635 0.015000 0.046954
2 0.489643 0.812817 0.016429 0.052030
2 0.521429 0.828046 0.017143 0.057107
2 0.023571 0.196701 0.010000 0.030457
2 0.041786 0.189086 0.012143 0.032995
2 0.063214 0.153553 0.017857 0.020305
2 0.020000 0.140228 0.011429 0.034264
2 0.030357 0.137056 0.010714 0.035533
2 0.031429 0.109137 0.011429 0.027919
2 0.020357 0.112310 0.009286 0.026650
2 0.063214 0.128807 0.019286 0.021574
2 0.063929 0.112310 0.020714 0.024112
2 0.063929 0.102792 0.019286 0.022843
2 0.065357 0.088198 0.019286 0.019036
2 0.064643 0.079315 0.019286 0.016497
2 0.063571 0.069797 0.020000 0.020305