2 0.546451 0.815399 0.051148 0.081633
2 0.649530 0.676716 0.046451 0.052876
2 0.714770 0.669295 0.041232 0.051020
2 0.866388 0.617811 0.038622 0.053803
2 0.262787 0.576067 0.027662 0.050093
2 0.235386 0.607143 0.021921 0.052876
2 0.207463 0.591837 0.026618 0.048237
2 0.193372 0.556586 0.019311 0.042672
2 0.183194 0.505102 0.018789 0.034323
2 0.222599 0.447124 0.018267 0.037106
2 0.265397 0.435065 0.018267 0.037106
2 0.173800 0.465677 0.015658 0.040816
2 0.183977 0.404917 0.017223 0.036178
2 0.164927 0.427644 0.020877 0.031540
2 0.175104 0.370130 0.015136 0.027829
2 0.153706 0.398423 0.015136 0.030612
2 0.147704 0.355751 0.015658 0.036178
2 0.178236 0.310761 0.016180 0.024119
2 0.152662 0.297310 0.013048 0.025046
2 0.133090 0.294063 0.012526 0.022263
2 0.124739 0.212894 0.012526 0.017625
2 0.108038 0.255102 0.011482 0.018553
2 0.143789 0.454545 0.019311 0.042672
0 0.107777 0.669759 0.006785 0.012987
0 0.095251 0.719852 0.009916 0.011132
0 0.111430 0.746753 0.006785 0.016698
0 0.622129 0.936456 0.007307 0.023191