2 0.071786 0.286190 0.012143 0.008571
2 0.057143 0.231905 0.007143 0.008571
2 0.068929 0.230952 0.005000 0.008571
2 0.063571 0.232381 0.004286 0.007619
2 0.075000 0.229524 0.010000 0.011429
2 0.361786 0.178095 0.010714 0.007619
2 0.411071 0.615238 0.016429 0.022857
2 0.417857 0.673810 0.020000 0.023810
2 0.177143 0.398571 0.008571 0.012381
2 0.641786 0.251905 0.005000 0.006667
2 0.643929 0.245714 0.005000 0.007619
2 0.455357 0.899048 0.023571 0.028571
2 0.542143 0.877619 0.025714 0.025714
2 0.307500 0.806190 0.025000 0.035238