2 0.180357 0.852381 0.080714 0.087619
2 0.290000 0.850952 0.078571 0.094286
2 0.308929 0.785238 0.077857 0.079048
2 0.330714 0.730000 0.075714 0.075238
2 0.445714 0.733333 0.057143 0.110476
2 0.411429 0.576667 0.070000 0.065714
2 0.447500 0.470000 0.067857 0.058095
2 0.615000 0.129048 0.038571 0.056190
2 0.584286 0.091905 0.055714 0.044762
2 0.598571 0.064762 0.052857 0.045714
2 0.606786 0.038571 0.050714 0.042857
2 0.017857 0.619524 0.035714 0.071429
2 0.498571 0.943810 0.087143 0.060952
2 0.508571 0.868571 0.084286 0.059048
2 0.526071 0.794762 0.075000 0.058095
2 0.545357 0.734762 0.072143 0.052381
2 0.562500 0.675714 0.076429 0.052381
2 0.566786 0.610000 0.077857 0.046667
2 0.582500 0.564762 0.067857 0.045714
2 0.612857 0.530000 0.067143 0.061905
2 0.629286 0.489524 0.070000 0.055238
2 0.644643 0.436667 0.069286 0.061905
2 0.667143 0.400000 0.061429 0.055238
2 0.554286 0.426190 0.045714 0.090476
2 0.735357 0.038095 0.039286 0.040000
2 0.739643 0.015714 0.040714 0.031429