2 0.496868 0.936920 0.033403 0.105751
2 0.572547 0.907236 0.030271 0.096475
2 0.654489 0.921150 0.028184 0.081633
2 0.659447 0.698516 0.023486 0.059369
2 0.586900 0.679035 0.024530 0.057514
2 0.538622 0.598330 0.024008 0.057514
2 0.591597 0.599722 0.018267 0.049165
2 0.567067 0.563544 0.019311 0.054731
2 0.627088 0.578386 0.019311 0.041744
2 0.577505 0.478200 0.017223 0.043599
2 0.556889 0.435993 0.016701 0.038961
2 0.370303 0.457328 0.034969 0.031540
2 0.433455 0.395640 0.037056 0.026902
2 0.632046 0.461503 0.016701 0.036178
2 0.656315 0.451763 0.017223 0.038961
2 0.859603 0.515770 0.042797 0.033395
2 0.570198 0.371985 0.014092 0.033395
2 0.588205 0.394249 0.016701 0.037106
2 0.574896 0.318182 0.014092 0.027829
2 0.595251 0.324212 0.012004 0.026902
2 0.635177 0.320037 0.012526 0.024119
2 0.667015 0.310761 0.014614 0.024119
2 0.582724 0.283859 0.012004 0.024119
2 0.592119 0.218924 0.008873 0.020408
2 0.608559 0.185065 0.009395 0.017625
2 0.649269 0.255102 0.010438 0.020408
2 0.651096 0.212430 0.009916 0.020408
2 0.602296 0.148423 0.009395 0.016698
2 0.619781 0.131725 0.006785 0.018553
2 0.649008 0.139147 0.007829 0.011132
2 0.638570 0.081169 0.005741 0.013915
2 0.647704 0.063080 0.006263 0.011132
2 0.765397 0.276438 0.026618 0.020408
2 0.736430 0.243506 0.021921 0.015770
2 0.726253 0.179499 0.018267 0.013915
2 0.716075 0.144712 0.015658 0.014842
2 0.717641 0.138683 0.014614 0.010204
2 0.712944 0.118738 0.014614 0.011132
2 0.709290 0.098330 0.012526 0.009276
2 0.708507 0.094620 0.014092 0.007421
2 0.722338 0.086735 0.014614 0.012059
2 0.705637 0.084879 0.013570 0.008349
2 0.696503 0.163729 0.009916 0.015770
2 0.680846 0.011132 0.004697 0.009276
0 0.682411 0.068646 0.001566 0.009276
0 0.681367 0.110853 0.002610 0.010204
0 0.703027 0.328386 0.003132 0.009276
0 0.744781 0.372449 0.002088 0.012059
0 0.732777 0.412338 0.004175 0.013915
0 0.688413 0.467069 0.005219 0.015770
0 0.762265 0.464286 0.003653 0.013915
0 0.824374 0.436456 0.002610 0.013915
0 0.849165 0.441558 0.003132 0.012987
0 0.851514 0.441095 0.002610 0.013915
0 0.875522 0.445733 0.003653 0.012059
0 0.769833 0.879406 0.006263 0.018553
0 0.480950 0.468460 0.004697 0.012987
0 0.476775 0.422542 0.003653 0.010204
0 0.512787 0.314935 0.003653 0.008349
0 0.523225 0.301484 0.002610 0.011132
0 0.532359 0.312152 0.004175 0.012059
0 0.537317 0.303803 0.003653 0.010204
0 0.524008 0.279685 0.004175 0.013915
0 0.693372 0.115492 0.001566 0.010204