2 0.975357 0.896667 0.049286 0.172381
2 0.417500 0.850476 0.073571 0.165714
2 0.453929 0.575238 0.060714 0.118095
2 0.590714 0.622381 0.052857 0.130476
2 0.763571 0.618571 0.065714 0.128571
2 0.527857 0.487619 0.055714 0.104762
2 0.659286 0.475238 0.052857 0.099048
2 0.725000 0.422381 0.045714 0.084762
2 0.496786 0.396190 0.049286 0.074286
2 0.543571 0.187143 0.032857 0.050476
2 0.554643 0.147143 0.029286 0.035238
2 0.562143 0.101429 0.027143 0.042857
2 0.570000 0.073333 0.022857 0.036190
2 0.578214 0.046190 0.027857 0.029524
2 0.578571 0.017143 0.028571 0.030476
2 0.691429 0.013333 0.047143 0.024762
2 0.690714 0.027619 0.041429 0.028571
2 0.690714 0.043810 0.048571 0.024762
2 0.697143 0.052857 0.044286 0.027619
2 0.700000 0.074762 0.035714 0.025714
2 0.700357 0.094286 0.039286 0.026667
2 0.699286 0.119524 0.037143 0.035238
2 0.708214 0.193810 0.055000 0.042857
2 0.721429 0.308571 0.041429 0.057143