0 0.533571 0.670476 0.024286 0.057143
0 0.810000 0.490476 0.022857 0.055238
0 0.772500 0.535714 0.020714 0.052381
0 0.918571 0.499524 0.010000 0.025714
0 0.920357 0.477619 0.016429 0.056190
0 0.887500 0.447143 0.016429 0.048571
2 0.955000 0.360476 0.080000 0.073333
0 0.865000 0.207143 0.011429 0.039048
2 0.600000 0.432381 0.118571 0.074286
0 0.472500 0.442857 0.016429 0.043810
0 0.527143 0.464286 0.017143 0.039048
0 0.550714 0.458095 0.015714 0.034286
0 0.320357 0.193810 0.010714 0.021905
0 0.555000 0.186190 0.012857 0.035238
0 0.519643 0.137619 0.010714 0.025714
0 0.483571 0.094762 0.008571 0.025714
0 0.494286 0.198571 0.008571 0.033333
0 0.367143 0.204286 0.012857 0.033333
0 0.306071 0.207143 0.010714 0.031429
0 0.306071 0.204286 0.010714 0.031429
0 0.369286 0.193333 0.010000 0.028571
0 0.356071 0.152857 0.007857 0.027619
0 0.352143 0.162381 0.011429 0.029524
0 0.386786 0.126190 0.007857 0.020000
0 0.406071 0.117619 0.009286 0.027619
0 0.425000 0.091905 0.007143 0.023810
0 0.401429 0.093810 0.008571 0.023810
0 0.396429 0.094286 0.008571 0.022857
2 0.343214 0.192381 0.032143 0.036190
0 0.382500 0.124762 0.009286 0.024762
0 0.368929 0.057619 0.006429 0.021905
0 0.366071 0.056190 0.006429 0.022857
0 0.496786 0.131905 0.009286 0.029524
2 0.269286 0.826667 0.077143 0.158095
2 0.145714 0.770476 0.088571 0.167619
2 0.045000 0.818095 0.085714 0.200000
2 0.028214 0.533333 0.056429 0.116190
2 0.061071 0.375238 0.060714 0.080000
2 0.252857 0.411905 0.054286 0.082857
2 0.176786 0.304762 0.056429 0.057143
2 0.403214 0.326190 0.076429 0.056190
2 0.463571 0.284286 0.054286 0.052381
2 0.386071 0.266190 0.042143 0.056190
0 0.521786 0.120952 0.009286 0.013333
0 0.415000 0.216667 0.011429 0.033333
0 0.438929 0.214762 0.009286 0.039048
0 0.418929 0.186190 0.010714 0.027619
0 0.397857 0.198571 0.007143 0.033333
0 0.407500 0.025238 0.006429 0.018095
0 0.388929 0.032381 0.006429 0.022857
0 0.373929 0.036190 0.006429 0.020952
0 0.367500 0.034286 0.006429 0.020952
0 0.358214 0.030476 0.006429 0.019048
0 0.376786 0.033333 0.006429 0.020952
0 0.363929 0.014762 0.005000 0.018095
0 0.357857 0.014762 0.004286 0.018095
0 0.302500 0.030476 0.006429 0.013333
0 0.346071 0.014762 0.005000 0.010476
2 0.372500 0.006190 0.027857 0.012381
2 0.170000 0.110952 0.022857 0.029524
2 0.127857 0.154762 0.027143 0.033333
2 0.098214 0.147143 0.029286 0.039048
2 0.068214 0.140952 0.030714 0.032381
2 0.081786 0.113810 0.026429 0.027619
2 0.087500 0.095714 0.026429 0.027619
2 0.102500 0.071429 0.022143 0.024762
0 0.058929 0.113333 0.012143 0.024762
0 0.035714 0.150952 0.015714 0.031429
0 0.028214 0.176190 0.015000 0.026667
0 0.018214 0.168571 0.012143 0.026667
0 0.005000 0.171429 0.010000 0.030476
2 0.018214 0.196667 0.036429 0.033333
0 0.093929 0.206667 0.012143 0.024762
0 0.010714 0.227619 0.014286 0.026667
2 0.185714 0.019524 0.018571 0.025714
2 0.143214 0.031429 0.016429 0.020952
2 0.156071 0.016190 0.016429 0.022857
2 0.140357 0.010476 0.016429 0.020952