2 0.103929 0.333333 0.047857 0.024762
2 0.094286 0.282857 0.041429 0.017143
2 0.116071 0.308571 0.052143 0.022857
2 0.169643 0.334762 0.047857 0.016190
2 0.169643 0.323333 0.046429 0.018095
2 0.308571 0.916667 0.052857 0.145714
0 0.062143 0.364762 0.008571 0.019048
0 0.091786 0.364762 0.007857 0.015238
0 0.116071 0.362857 0.007857 0.017143
0 0.140000 0.363333 0.010000 0.025714
0 0.224286 0.379048 0.008571 0.017143
0 0.174643 0.367619 0.012143 0.020952
0 0.235714 0.422381 0.005714 0.025714
0 0.169286 0.500000 0.008571 0.038095
0 0.158929 0.497143 0.007857 0.034286
0 0.530000 0.831429 0.020000 0.041905
2 0.525357 0.547619 0.029286 0.055238
2 0.518214 0.482381 0.026429 0.042857
2 0.548929 0.331429 0.040714 0.028571
2 0.418571 0.163333 0.012857 0.012381
2 0.425357 0.137619 0.007857 0.010476
2 0.416429 0.125238 0.008571 0.010476
2 0.430357 0.260000 0.012143 0.017143
2 0.398929 0.164762 0.013571 0.015238
2 0.423214 0.099048 0.007857 0.009524
2 0.426786 0.075238 0.006429 0.007619
2 0.430357 0.087143 0.006429 0.006667
2 0.433214 0.074762 0.003571 0.008571
2 0.431071 0.065714 0.005000 0.005714
2 0.411786 0.227143 0.012143 0.016190
2 0.451071 0.297143 0.029286 0.022857
2 0.411071 0.243333 0.013571 0.016190
2 0.399286 0.178571 0.012857 0.014286
2 0.423214 0.108571 0.010714 0.011429
2 0.430357 0.093810 0.006429 0.006667
2 0.425357 0.082381 0.006429 0.006667
2 0.736071 0.320000 0.042143 0.020952
2 0.818571 0.319524 0.041429 0.023810
2 0.665714 0.342381 0.045714 0.027619
2 0.697143 0.330000 0.042857 0.020000
2 0.683929 0.318571 0.039286 0.020000
2 0.815000 0.345714 0.051429 0.024762
2 0.919286 0.342381 0.044286 0.027619
0 0.803929 0.849524 0.016429 0.053333
2 0.421429 0.066190 0.004286 0.004762
2 0.415000 0.083333 0.005714 0.006667
2 0.417500 0.074762 0.006429 0.006667
2 0.422857 0.060000 0.005714 0.003810
0 0.382857 0.174762 0.004286 0.014286
2 0.456786 0.061905 0.005000 0.003810
2 0.460357 0.050476 0.003571 0.003810
2 0.455357 0.053810 0.003571 0.002857
2 0.456786 0.058095 0.003571 0.003810
2 0.454643 0.049048 0.005000 0.004762
2 0.456429 0.041429 0.002857 0.004762
2 0.452143 0.039048 0.002857 0.003810
2 0.457500 0.046667 0.003571 0.003810
2 0.455714 0.036667 0.002857 0.002857
2 0.452857 0.034286 0.002857 0.003810
2 0.454643 0.032857 0.003571 0.002857
2 0.452143 0.029524 0.004286 0.003810
2 0.452857 0.025238 0.002857 0.002857
2 0.461071 0.057143 0.003571 0.005714
2 0.456429 0.058095 0.004286 0.003810
0 0.577143 0.436190 0.007143 0.013333
0 0.592857 0.429048 0.005714 0.010476
0 0.771786 0.370952 0.012143 0.014286