0 0.601000 0.921000 0.025000 0.054000
2 0.688000 0.881000 0.063000 0.116667
0 0.681000 0.986000 0.017000 0.028000
0 0.358750 0.882333 0.027500 0.071333
0 0.550500 0.724667 0.013000 0.038667
2 0.560000 0.683333 0.032000 0.052000
0 0.517500 0.698000 0.012000 0.026667
0 0.517500 0.689000 0.012000 0.027333
0 0.524500 0.650667 0.010000 0.028000
0 0.530250 0.614000 0.008500 0.021333
0 0.498500 0.625667 0.008000 0.018000
0 0.499750 0.618667 0.009500 0.025333
0 0.546750 0.540000 0.005500 0.013333
0 0.547500 0.536000 0.005000 0.014667
0 0.540250 0.503667 0.004500 0.011333
0 0.543500 0.601000 0.007000 0.028667
0 0.550750 0.600667 0.007500 0.028000
0 0.544750 0.585000 0.007500 0.024667
0 0.449750 0.625000 0.006500 0.028667
0 0.453750 0.625667 0.006500 0.023333
0 0.513750 0.565333 0.007500 0.021333
0 0.512000 0.562333 0.004000 0.011333
0 0.527250 0.546000 0.005500 0.018667
2 0.512250 0.531000 0.017500 0.024667
2 0.517500 0.517000 0.027000 0.018000
2 0.527500 0.497333 0.012000 0.014667
0 0.536500 0.497000 0.004000 0.012667