2 0.132857 0.030952 0.065714 0.058095
0 0.330000 0.550000 0.024286 0.069524
0 0.416786 0.516190 0.025000 0.024762
0 0.417500 0.537143 0.027857 0.028571
0 0.712500 0.159524 0.017857 0.044762
0 0.914643 0.140952 0.015000 0.040000
2 0.579286 0.270952 0.041429 0.132381
2 0.651429 0.296190 0.048571 0.116190
2 0.774643 0.287619 0.065000 0.116190
2 0.840000 0.289524 0.058571 0.095238
2 0.638214 0.193333 0.049286 0.087619
2 0.807500 0.205714 0.055000 0.078095
0 0.817500 0.293810 0.019286 0.052381
2 0.906786 0.286667 0.072143 0.116190
2 0.964286 0.256667 0.071429 0.067619
2 0.953214 0.210476 0.093571 0.049524
2 0.945714 0.169048 0.108571 0.052381
0 0.778214 0.454762 0.019286 0.061905
0 0.792500 0.493810 0.020714 0.075238
2 0.701071 0.572857 0.077857 0.197143
2 0.972857 0.543333 0.051429 0.151429
2 0.707857 0.817143 0.092857 0.245714