2 0.963571 0.813810 0.072857 0.050476
2 0.961429 0.776667 0.077143 0.033333
2 0.953571 0.751905 0.092857 0.039048
2 0.875000 0.716667 0.078571 0.039048
0 0.780714 0.588095 0.005714 0.016190
2 0.662143 0.592857 0.017143 0.018095
2 0.642857 0.591429 0.017143 0.017143
2 0.626071 0.600952 0.019286 0.017143
2 0.615357 0.588571 0.019286 0.015238
2 0.384643 0.566190 0.023571 0.010476
2 0.398929 0.563810 0.020714 0.011429
2 0.066429 0.518095 0.018571 0.007619
2 0.019643 0.520476 0.010714 0.006667
2 0.007500 0.524762 0.007857 0.007619
2 0.035357 0.513810 0.010714 0.006667