2 0.261429 0.450000 0.014286 0.018095
2 0.190000 0.513810 0.028571 0.016190
2 0.172500 0.538571 0.023571 0.016190
2 0.149643 0.575714 0.033571 0.018095
2 0.581786 0.903810 0.025000 0.066667
2 0.711786 0.918095 0.043571 0.060952
2 0.652500 0.720000 0.036429 0.038095
2 0.638571 0.673333 0.035714 0.034286
2 0.543929 0.624762 0.015000 0.036190
2 0.637143 0.467619 0.025714 0.015238
2 0.589643 0.353333 0.019286 0.013333
2 0.615000 0.413810 0.022857 0.014286
2 0.522857 0.363333 0.008571 0.014286
2 0.475714 0.381429 0.008571 0.018095
2 0.490000 0.384286 0.008571 0.016190
0 0.565714 0.429524 0.002857 0.011429
2 0.629286 0.458095 0.024286 0.015238
2 0.627143 0.448095 0.022857 0.014286
2 0.625357 0.440000 0.025000 0.013333
2 0.622143 0.429048 0.022857 0.012381
2 0.525000 0.251905 0.007143 0.008571
2 0.480357 0.290476 0.007857 0.011429
2 0.498571 0.280952 0.007143 0.011429
2 0.510357 0.288095 0.006429 0.008571
2 0.510357 0.298571 0.006429 0.010476
2 0.495357 0.270476 0.006429 0.009524
2 0.492857 0.242381 0.004286 0.008571
2 0.468571 0.241905 0.005714 0.009524
2 0.535357 0.230000 0.006429 0.008571
2 0.526071 0.245238 0.007857 0.008571
2 0.498214 0.292857 0.006429 0.010476
2 0.505000 0.205238 0.004286 0.006667
2 0.471071 0.210476 0.005000 0.005714
2 0.477143 0.216190 0.004286 0.007619
2 0.023929 0.761429 0.039286 0.054286
0 0.407857 0.320952 0.002857 0.013333
0 0.452143 0.284762 0.002857 0.011429
0 0.419286 0.301429 0.002857 0.012381
0 0.412143 0.291429 0.002857 0.011429
0 0.414643 0.275238 0.002143 0.011429
0 0.417500 0.272381 0.003571 0.011429
0 0.410000 0.259524 0.002857 0.012381
0 0.405714 0.262381 0.002857 0.012381
0 0.409286 0.312381 0.002857 0.013333
0 0.471429 0.592381 0.004286 0.011429
0 0.466429 0.600952 0.002857 0.009524
0 0.470714 0.615714 0.004286 0.010476
0 0.591071 0.689524 0.005000 0.009524
0 0.231786 0.878095 0.006429 0.019048