2 0.452000 0.633667 0.030000 0.043333
2 0.415000 0.623333 0.029000 0.042667
2 0.472750 0.588333 0.023500 0.036667
2 0.444750 0.576667 0.025500 0.036000
2 0.480000 0.549000 0.023000 0.038000
2 0.492500 0.524333 0.021000 0.031333
2 0.469750 0.518667 0.019500 0.028000
2 0.499750 0.491667 0.019500 0.024667
2 0.507750 0.467333 0.016500 0.025333
2 0.489000 0.461000 0.018000 0.023333
2 0.529750 0.393667 0.011500 0.014000
2 0.533000 0.330667 0.007000 0.012000
2 0.558750 0.279333 0.005500 0.006667
2 0.549000 0.294333 0.006000 0.007333
2 0.551750 0.306667 0.006500 0.008000
0 0.548000 0.310000 0.004000 0.008000
0 0.555500 0.311333 0.003000 0.008000
2 0.568000 0.321000 0.007000 0.007333
0 0.579250 0.355667 0.003500 0.007333
0 0.579000 0.315000 0.002000 0.004667
2 0.574250 0.276000 0.005500 0.006667
2 0.584000 0.274000 0.003000 0.005333
2 0.564500 0.254667 0.008000 0.004000
2 0.592750 0.254333 0.003500 0.006000
2 0.571750 0.253333 0.003500 0.005333
2 0.570750 0.250667 0.003500 0.005333
2 0.575000 0.246000 0.004000 0.005333
2 0.575500 0.242000 0.003000 0.005333
2 0.576000 0.240667 0.003000 0.004000
2 0.593000 0.236333 0.003000 0.004667
2 0.586500 0.229667 0.003000 0.004667
2 0.580750 0.231000 0.002500 0.003333
2 0.621000 0.297333 0.014000 0.008000
0 0.598750 0.364333 0.003500 0.010000
2 0.598250 0.361000 0.024500 0.012667
2 0.625000 0.363667 0.018000 0.010000