2 0.631500 0.182667 0.011000 0.017333
0 0.610250 0.189667 0.004500 0.010000
2 0.534500 0.181333 0.025000 0.014667
2 0.527750 0.189333 0.023500 0.014667
2 0.519750 0.203667 0.011500 0.016667
2 0.523250 0.217000 0.013500 0.015333
2 0.477250 0.211333 0.014500 0.020000
2 0.493500 0.212667 0.014000 0.017333
2 0.451000 0.235667 0.019000 0.022000
2 0.456750 0.249000 0.020500 0.020667
2 0.489500 0.238667 0.018000 0.022667
2 0.505250 0.242667 0.017500 0.018667
2 0.482000 0.253333 0.019000 0.021333
0 0.598000 0.243667 0.006000 0.014000
2 0.115500 0.223000 0.020000 0.022000
2 0.117000 0.212667 0.017000 0.016000
0 0.103000 0.225000 0.008000 0.018000
0 0.099250 0.225333 0.006500 0.016000
0 0.095750 0.228667 0.007500 0.014667
2 0.081750 0.234000 0.031500 0.018667
2 0.077500 0.259333 0.022000 0.021333
0 0.091750 0.328000 0.007500 0.022667
0 0.098750 0.327667 0.007500 0.019333
0 0.134250 0.358667 0.008500 0.025333
2 0.073500 0.395000 0.046000 0.038000
0 0.005000 0.302000 0.009000 0.014667
2 0.253000 0.423000 0.040000 0.039333
2 0.308500 0.433667 0.042000 0.048667
2 0.338750 0.443333 0.041500 0.042667
2 0.388750 0.539000 0.049500 0.056667
2 0.326500 0.614333 0.057000 0.067333
0 0.206000 0.833333 0.019000 0.048000
0 0.159000 0.846333 0.019000 0.031333
0 0.135500 0.846000 0.021000 0.036000
2 0.613750 0.520333 0.034500 0.046000
2 0.546250 0.126000 0.008500 0.010667
2 0.535000 0.125667 0.009000 0.010000
2 0.517250 0.125333 0.009500 0.010667
0 0.561250 0.094333 0.002500 0.010000
0 0.566750 0.088667 0.002500 0.012000