2 0.548800 0.074212 0.038100 0.109462
2 0.562109 0.191095 0.037578 0.107607
0 0.460073 0.485622 0.009916 0.038033
0 0.483820 0.455009 0.011482 0.036178
0 0.472860 0.447124 0.012526 0.035250
0 0.477818 0.494434 0.017223 0.029685
0 0.560021 0.567254 0.013570 0.036178
0 0.578027 0.574675 0.019311 0.032468
0 0.581942 0.615492 0.015658 0.025046
0 0.598382 0.599258 0.016180 0.024119
0 0.603079 0.585807 0.014092 0.025046
0 0.568894 0.542208 0.014614 0.038033
0 0.293319 0.672078 0.016701 0.032468
0 0.495564 0.685529 0.012004 0.035250
0 0.593685 0.721707 0.012004 0.040816
0 0.578810 0.712894 0.010438 0.036178
0 0.584812 0.677180 0.016180 0.025974
0 0.542537 0.749536 0.022443 0.037106
0 0.505219 0.857143 0.016701 0.031540
0 0.466597 0.640074 0.012526 0.029685
0 0.750261 0.405380 0.017223 0.020408
0 0.736169 0.391002 0.013048 0.025046
0 0.785230 0.909091 0.020355 0.031540
0 0.786013 0.968924 0.012526 0.023191
0 0.227818 0.991187 0.020355 0.015770