2 0.446786 0.708095 0.076429 0.111429
2 0.378571 0.597619 0.065714 0.090476
2 0.316071 0.504286 0.062143 0.084762
2 0.268929 0.434762 0.050714 0.071429
2 0.226429 0.359524 0.042857 0.052381
2 0.177857 0.290000 0.035714 0.048571
2 0.070000 0.110476 0.020000 0.030476
2 0.067143 0.023810 0.017143 0.019048
2 0.047143 0.071905 0.021429 0.031429
0 0.146429 0.039524 0.002857 0.006667
2 0.084286 0.196667 0.027143 0.037143
2 0.156071 0.338571 0.042143 0.046667
0 0.074286 0.882381 0.018571 0.044762
0 0.272857 0.814762 0.014286 0.029524
2 0.399286 0.084286 0.022857 0.020000
2 0.388929 0.111905 0.026429 0.021905
2 0.378929 0.069524 0.019286 0.019048