0 0.265357 0.256980 0.005000 0.008883
2 0.493214 0.315355 0.020714 0.019036
2 0.463214 0.333122 0.029286 0.016497
2 0.417500 0.333122 0.027857 0.021574
0 0.340000 0.600254 0.004286 0.007614
2 0.015714 0.750635 0.031429 0.026650
2 0.118214 0.775381 0.025000 0.020305
2 0.102143 0.725254 0.030000 0.026650
2 0.261071 0.813452 0.023571 0.022843
2 0.365000 0.844543 0.024286 0.021574
2 0.439643 0.818528 0.026429 0.027919
0 0.296071 0.986675 0.003571 0.011421
0 0.347500 0.966371 0.002143 0.006345
0 0.348929 0.954949 0.005000 0.006345
0 0.353929 0.953680 0.003571 0.006345
0 0.343929 0.947970 0.003571 0.007614
2 0.566786 0.289340 0.026429 0.025381
2 0.592143 0.331218 0.028571 0.025381
2 0.505714 0.345178 0.028571 0.022843
2 0.720357 0.943528 0.026429 0.021574
2 0.823571 0.969543 0.030000 0.027919
2 0.675357 0.963832 0.020714 0.021574
2 0.754286 0.984137 0.030000 0.029188
2 0.786786 0.225888 0.017857 0.038071
2 0.852143 0.170685 0.021429 0.039340