0 0.475000 0.102381 0.008571 0.023810
0 0.498214 0.203810 0.006429 0.015238
0 0.548929 0.247619 0.006429 0.019048
0 0.506429 0.296667 0.011429 0.018095
0 0.488571 0.273810 0.005714 0.018095
0 0.484286 0.201429 0.010000 0.016190
0 0.496071 0.242857 0.006429 0.009524
0 0.490357 0.240952 0.010714 0.017143
0 0.455000 0.390000 0.008571 0.020000
0 0.415000 0.479524 0.011429 0.012381
0 0.403929 0.474286 0.010714 0.019048
0 0.618929 0.557619 0.010714 0.014286
0 0.926429 0.577143 0.011429 0.015238
0 0.956071 0.590952 0.015000 0.014286
0 0.947500 0.576667 0.017857 0.012381
0 0.467143 0.743333 0.008571 0.018095
0 0.439286 0.708571 0.007143 0.017143
0 0.426071 0.641429 0.010714 0.012381
2 0.599643 0.960952 0.037857 0.078095
2 0.383214 0.020000 0.042143 0.040000
2 0.500714 0.030000 0.025714 0.058095
2 0.508929 0.094762 0.022143 0.044762
2 0.523214 0.246190 0.029286 0.069524
2 0.532143 0.327143 0.028571 0.075238
2 0.546071 0.419048 0.032143 0.076190
0 0.577857 0.432381 0.008571 0.013333
2 0.663214 0.547619 0.073571 0.047619
2 0.728214 0.677143 0.067857 0.043810
2 0.807500 0.674762 0.065000 0.037143