2 0.716786 0.936667 0.209286 0.120952
2 0.371071 0.863810 0.082143 0.241905
2 0.462857 0.775714 0.070000 0.216190
0 0.548571 0.857143 0.020000 0.062857
0 0.074286 0.726190 0.021429 0.054286
0 0.096786 0.723333 0.030714 0.046667
2 0.059286 0.649524 0.114286 0.190476
0 0.513571 0.547619 0.018571 0.053333
0 0.316071 0.449524 0.015000 0.049524
0 0.492857 0.410952 0.021429 0.056190
0 0.539643 0.410476 0.016429 0.059048
2 0.389286 0.609048 0.064286 0.174286
2 0.396071 0.411905 0.055000 0.122857
2 0.161786 0.345714 0.072143 0.112381
2 0.191429 0.249524 0.062857 0.091429
2 0.239643 0.110000 0.046429 0.065714
2 0.260357 0.050952 0.042143 0.061905
2 0.419643 0.020952 0.027857 0.041905
2 0.451786 0.024286 0.026429 0.046667
2 0.413929 0.061905 0.032143 0.057143
2 0.402857 0.292381 0.042857 0.100952
2 0.590000 0.259048 0.100000 0.070476
2 0.603929 0.345714 0.112143 0.080000
2 0.584286 0.213333 0.095714 0.059048
2 0.561071 0.080476 0.066429 0.048571
2 0.551429 0.059524 0.067143 0.044762
2 0.545000 0.021429 0.067143 0.035238