2 0.332857 0.629048 0.042857 0.107619
2 0.265000 0.668571 0.047143 0.110476
2 0.136071 0.695238 0.059286 0.112381
2 0.173214 0.512857 0.040714 0.073333
2 0.656786 0.547619 0.053571 0.072381
2 0.704643 0.554286 0.055000 0.080000
2 0.776786 0.572857 0.065000 0.090476
2 0.866786 0.563810 0.047857 0.076190
2 0.945357 0.630476 0.069286 0.089524
2 0.664286 0.480952 0.050000 0.062857
2 0.596071 0.458571 0.060714 0.052381
2 0.585357 0.411905 0.042143 0.050476
2 0.488571 0.357619 0.030000 0.044762
2 0.319643 0.470000 0.033571 0.071429
2 0.321429 0.408095 0.028571 0.060000
2 0.477500 0.220000 0.022143 0.030476
2 0.453571 0.177619 0.018571 0.027619
2 0.431071 0.107619 0.015000 0.017143
2 0.909643 0.915714 0.115000 0.159048
2 0.336071 0.067143 0.012143 0.016190
2 0.332143 0.019524 0.010000 0.012381
2 0.282857 0.013333 0.007143 0.011429
2 0.284643 0.006667 0.007857 0.011429
2 0.282857 0.019524 0.008571 0.010476
2 0.279286 0.029048 0.011429 0.012381
2 0.277857 0.036667 0.010000 0.010476
2 0.275000 0.041429 0.008571 0.012381
2 0.275000 0.049524 0.010000 0.013333
2 0.273929 0.057619 0.012143 0.014286
2 0.270000 0.065714 0.011429 0.015238
2 0.268571 0.073333 0.010000 0.015238
2 0.265357 0.080000 0.012143 0.015238
2 0.265357 0.090952 0.012143 0.016190
2 0.261786 0.101905 0.013571 0.019048
2 0.258571 0.115238 0.014286 0.019048
2 0.252500 0.145238 0.015000 0.018095
2 0.250000 0.159048 0.017143 0.026667
2 0.240714 0.190476 0.018571 0.026667
2 0.229643 0.248571 0.022143 0.026667
2 0.213571 0.309048 0.027143 0.033333
2 0.197857 0.398095 0.032857 0.045714
2 0.183929 0.446667 0.035000 0.062857
2 0.146786 0.595714 0.052143 0.092381
2 0.321786 0.549524 0.036429 0.060952
2 0.264286 0.574286 0.074286 0.085714
2 0.262143 0.518095 0.064286 0.068571
2 0.259286 0.456667 0.034286 0.063810
2 0.268214 0.370000 0.042143 0.052381
2 0.275714 0.326190 0.030000 0.046667
2 0.325000 0.360476 0.027143 0.044762
2 0.319643 0.323333 0.025000 0.042857
2 0.322500 0.197143 0.019286 0.028571
2 0.320714 0.218095 0.018571 0.026667
2 0.318214 0.179048 0.016429 0.026667
2 0.322143 0.158095 0.015714 0.024762
2 0.322143 0.143810 0.015714 0.020952
2 0.320357 0.130000 0.015000 0.021905
2 0.320714 0.116190 0.011429 0.019048
2 0.321786 0.105238 0.013571 0.018095
2 0.320000 0.084762 0.011429 0.017143
2 0.321429 0.073333 0.011429 0.015238
2 0.320357 0.065714 0.010714 0.015238
2 0.320357 0.060000 0.010714 0.015238
2 0.318571 0.050000 0.010000 0.016190
0 0.287143 0.033333 0.004286 0.013333
0 0.289286 0.034286 0.004286 0.013333
0 0.273571 0.113810 0.005714 0.016190
0 0.271429 0.142857 0.005714 0.017143
0 0.367500 0.329048 0.009286 0.029524
0 0.357857 0.361429 0.011429 0.031429
0 0.345357 0.360952 0.009286 0.030476
0 0.459643 0.209048 0.006429 0.023810
0 0.450000 0.184762 0.005714 0.019048
0 0.469643 0.195238 0.005000 0.017143
0 0.475357 0.193810 0.006429 0.020000
0 0.467500 0.173333 0.005000 0.017143
2 0.452500 0.162381 0.017857 0.020000
2 0.445357 0.146667 0.017857 0.024762
0 0.510357 0.129048 0.005000 0.018095
0 0.516429 0.131905 0.005714 0.018095
0 0.558571 0.127143 0.004286 0.018095
0 0.486429 0.086190 0.004286 0.014286
0 0.641786 0.198571 0.006429 0.021905
2 0.483214 0.066190 0.012143 0.016190
2 0.477857 0.058571 0.011429 0.014286
2 0.471071 0.051429 0.010714 0.013333
2 0.466071 0.042857 0.009286 0.017143
2 0.459643 0.067143 0.009286 0.018095
2 0.444643 0.085238 0.012143 0.014286
2 0.449643 0.095714 0.012143 0.014286
2 0.438571 0.077619 0.012857 0.014286
2 0.448571 0.060952 0.014286 0.017143
2 0.440714 0.050000 0.012857 0.014286
2 0.436071 0.068571 0.012143 0.013333
2 0.431786 0.060952 0.010714 0.013333
2 0.426429 0.053333 0.011429 0.015238
2 0.423571 0.047619 0.010000 0.013333
2 0.419286 0.040476 0.008571 0.012381
2 0.416071 0.035238 0.010714 0.013333
2 0.412143 0.028571 0.010000 0.011429
0 0.394643 0.023810 0.003571 0.013333
0 0.598214 0.277143 0.007857 0.026667
2 0.815357 0.563810 0.059286 0.091429
2 0.951786 0.862857 0.095000 0.150476
0 0.429643 0.792381 0.019286 0.043810