2 0.481786 0.929569 0.022143 0.064721
2 0.535714 0.715736 0.018571 0.048223
2 0.564286 0.631980 0.017143 0.043147
2 0.521429 0.552030 0.012857 0.027919
2 0.347857 0.460025 0.024286 0.021574
2 0.539643 0.468909 0.012143 0.029188
2 0.519643 0.471447 0.010714 0.031726
2 0.515714 0.418147 0.010000 0.019036
2 0.527500 0.390863 0.009286 0.020305
2 0.511429 0.378807 0.008571 0.019036
2 0.499643 0.417513 0.010714 0.020305
2 0.505000 0.326142 0.008571 0.017766
2 0.473571 0.343909 0.008571 0.017766
2 0.503214 0.292513 0.006429 0.016497
2 0.501429 0.274746 0.007143 0.016497
2 0.472500 0.280457 0.006429 0.012690
2 0.496071 0.396574 0.007857 0.016497
2 0.495357 0.443528 0.015000 0.026650