0 0.585000 0.902284 0.008571 0.017766
0 0.565000 0.774112 0.004286 0.015228
0 0.564643 0.767132 0.005000 0.013959
0 0.593571 0.746193 0.008571 0.017766
0 0.599286 0.747462 0.007143 0.020305
0 0.597500 0.767766 0.007857 0.017766
0 0.620000 0.711294 0.007143 0.019036
0 0.651071 0.710025 0.009286 0.016497
0 0.668929 0.741117 0.009286 0.022843
0 0.656429 0.788071 0.007143 0.020305
0 0.695000 0.845812 0.008571 0.019036
0 0.683571 0.569797 0.007143 0.015228
0 0.798571 0.444162 0.007143 0.020305
0 0.780000 0.386421 0.008571 0.016497
2 0.477857 0.659898 0.035714 0.058376
2 0.432857 0.575508 0.034286 0.057107
2 0.436071 0.460025 0.032143 0.049492
2 0.336786 0.585025 0.033571 0.058376
2 0.021429 0.882614 0.037143 0.074873
2 0.066071 0.855330 0.042143 0.068528
2 0.208214 0.575508 0.019286 0.062183
2 0.235000 0.553299 0.024286 0.065990
2 0.040357 0.614213 0.029286 0.053299
2 0.332500 0.480330 0.037857 0.054569
2 0.292857 0.466371 0.018571 0.062183
2 0.381071 0.373731 0.016429 0.049492
2 0.401786 0.343909 0.019286 0.048223
2 0.605714 0.311548 0.032857 0.036802
2 0.644643 0.298858 0.035000 0.034264
0 0.099643 0.400381 0.009286 0.019036
0 0.113571 0.394036 0.008571 0.024112
0 0.110000 0.376904 0.010000 0.020305