2 0.548929 0.573604 0.050714 0.071066
2 0.525000 0.623731 0.050000 0.067259
2 0.505714 0.677030 0.044286 0.077411
2 0.474286 0.743655 0.050000 0.081218
2 0.435714 0.795685 0.055714 0.093909
2 0.417143 0.853426 0.054286 0.079949
2 0.636786 0.404188 0.043571 0.054569
2 0.653214 0.373731 0.037857 0.049492
2 0.666071 0.345178 0.043571 0.053299
2 0.678929 0.307741 0.040714 0.062183
2 0.696071 0.285533 0.042143 0.050761
2 0.710000 0.258249 0.040000 0.049492
2 0.718929 0.234772 0.039286 0.053299
2 0.733929 0.213832 0.043571 0.041878
2 0.796071 0.482234 0.030714 0.071066
2 0.791786 0.175761 0.025000 0.052030
2 0.813214 0.115482 0.023571 0.043147
2 0.852857 0.096447 0.030000 0.048223
2 0.844286 0.045051 0.024286 0.034264
2 0.881429 0.145305 0.025714 0.044416
2 0.907857 0.232868 0.024286 0.049492
2 0.883214 0.279822 0.026429 0.049492
2 0.892500 0.348350 0.030714 0.057107
2 0.844643 0.439086 0.030714 0.053299
2 0.952143 0.111675 0.024286 0.045685
2 0.935357 0.074239 0.022143 0.039340
2 0.924286 0.486675 0.054286 0.044416
2 0.944286 0.544416 0.045714 0.050761
2 0.969643 0.581853 0.046429 0.054569
2 0.939286 0.696701 0.054286 0.073604
2 0.845714 0.598985 0.052857 0.076142
2 0.830714 0.628173 0.048571 0.078680
2 0.825000 0.673223 0.051429 0.072335
2 0.801071 0.743020 0.055000 0.074873
2 0.772500 0.843274 0.053571 0.072335
2 0.759286 0.905457 0.054286 0.085025
2 0.725000 0.967005 0.052857 0.063452
2 0.976429 0.215736 0.044286 0.053299
2 0.963214 0.053934 0.017857 0.039340
2 0.975714 0.017132 0.022857 0.034264
2 0.511786 0.357234 0.042143 0.052030
2 0.494643 0.383883 0.043571 0.052030
2 0.473571 0.406091 0.041429 0.053299
2 0.423571 0.493020 0.041429 0.054569
2 0.459286 0.440990 0.037143 0.057107
2 0.407500 0.529188 0.040714 0.058376
2 0.390714 0.562183 0.044286 0.060914
2 0.373929 0.591371 0.053571 0.076142
2 0.353571 0.626904 0.048571 0.076142
2 0.335357 0.657995 0.043571 0.064721
2 0.312857 0.704315 0.048571 0.063452
2 0.290714 0.737310 0.047143 0.073604
2 0.273214 0.778553 0.045000 0.077411
2 0.247143 0.809645 0.054286 0.091371
2 0.070000 0.791244 0.052857 0.072335
2 0.104643 0.913071 0.035000 0.102792
2 0.097500 0.748096 0.046429 0.074873
2 0.124643 0.707487 0.049286 0.077411
2 0.173214 0.636421 0.050714 0.077411
2 0.198571 0.604695 0.051429 0.072335
2 0.217500 0.572335 0.046429 0.065990
2 0.239286 0.538071 0.044286 0.058376
2 0.256071 0.507614 0.039286 0.063452
2 0.275000 0.475888 0.044286 0.068528
2 0.296071 0.440990 0.035000 0.057107
2 0.491071 0.195431 0.039286 0.055838
2 0.522500 0.144670 0.035000 0.045685
2 0.577143 0.060914 0.037143 0.043147
2 0.622857 0.105964 0.030000 0.054569
2 0.537143 0.127538 0.038571 0.046954
2 0.578571 0.240482 0.031429 0.059645
2 0.610000 0.190355 0.028571 0.055838
2 0.638929 0.135787 0.033571 0.053299
2 0.344643 0.965102 0.055000 0.067259
0 0.508571 0.836294 0.008571 0.020305
0 0.502857 0.812817 0.007143 0.024112
0 0.702857 0.719543 0.008571 0.025381
0 0.718571 0.720812 0.008571 0.025381
0 0.708571 0.909898 0.010000 0.020305
0 0.843214 0.899746 0.012143 0.020305
0 0.834643 0.826142 0.009286 0.022843
0 0.773929 0.775381 0.009286 0.020305
0 0.775000 0.800127 0.008571 0.021574
0 0.989286 0.806472 0.017143 0.024112
0 0.930357 0.293782 0.010714 0.024112
0 0.770000 0.086294 0.007143 0.022843
0 0.762857 0.088832 0.007143 0.017766
0 0.369286 0.312183 0.005714 0.022843
0 0.545000 0.516497 0.005714 0.027919
2 0.988214 0.618655 0.023571 0.049492