0 0.281786 0.161802 0.003571 0.008883
0 0.195000 0.032360 0.001429 0.006345
2 0.378214 0.961929 0.015000 0.050761
2 0.432500 0.564086 0.010714 0.034264
2 0.455714 0.611675 0.010000 0.040609
2 0.464643 0.798223 0.010714 0.043147
2 0.439286 0.015228 0.007143 0.020305
2 0.421429 0.072335 0.008571 0.017766
2 0.432857 0.055203 0.007143 0.016497
2 0.426071 0.129442 0.007857 0.017766
2 0.405714 0.180203 0.007143 0.020305
2 0.405714 0.148477 0.008571 0.020305
2 0.413214 0.118655 0.006429 0.021574
2 0.446429 0.069162 0.007143 0.019036
2 0.457143 0.157360 0.007143 0.020305
2 0.401071 0.244924 0.009286 0.022843
2 0.397857 0.287437 0.008571 0.019036
2 0.452857 0.241117 0.008571 0.027919
2 0.457857 0.369924 0.008571 0.026650
2 0.437500 0.344543 0.007857 0.026650
2 0.382857 0.394670 0.010000 0.025381
2 0.391786 0.335025 0.007857 0.022843
0 0.405000 0.200508 0.002857 0.010152
0 0.420000 0.690355 0.002857 0.010152
0 0.418571 0.761421 0.002857 0.012690