2 0.683929 0.171905 0.052143 0.037143
2 0.520714 0.225714 0.050000 0.055238
2 0.539643 0.466190 0.023571 0.067619
2 0.432857 0.524286 0.028571 0.069524
2 0.539286 0.729524 0.024286 0.070476
2 0.188571 0.825714 0.052857 0.066667
2 0.173214 0.706667 0.047857 0.066667
0 0.249286 0.916667 0.015714 0.020000
0 0.267143 0.915238 0.011429 0.019048
0 0.374643 0.904286 0.006429 0.021905
2 0.807143 0.170000 0.055714 0.037143
0 0.831786 0.036190 0.016429 0.017143
0 0.838929 0.071905 0.013571 0.018095
0 0.847500 0.064762 0.010714 0.015238
0 0.847500 0.056190 0.012143 0.015238
0 0.850357 0.046667 0.010714 0.015238
2 0.014643 0.709048 0.029286 0.060000
2 0.048571 0.713333 0.051429 0.068571
2 0.085714 0.712381 0.048571 0.064762
2 0.130714 0.708095 0.052857 0.069524
2 0.985714 0.170000 0.028571 0.035238
0 0.749286 0.131429 0.010000 0.015238
0 0.899643 0.236190 0.010714 0.015238
0 0.432143 0.200476 0.008571 0.020000
0 0.425714 0.199048 0.007143 0.013333
0 0.600000 0.218571 0.007143 0.014286
0 0.425714 0.118571 0.007143 0.018095
0 0.462500 0.426190 0.007857 0.014286
0 0.481429 0.492381 0.008571 0.017143
0 0.461786 0.622381 0.007857 0.014286
0 0.463929 0.769524 0.006429 0.017143
0 0.448214 0.723333 0.007857 0.010476
0 0.437143 0.854762 0.007143 0.016190
0 0.503929 0.896190 0.007857 0.020952
0 0.490000 0.836667 0.005714 0.018095
0 0.301071 0.142381 0.010714 0.014286
0 0.958571 0.206667 0.008571 0.013333
0 0.446071 0.059524 0.013571 0.023810