2 0.648250 0.670000 0.071500 0.109333
2 0.108500 0.498333 0.043000 0.091333
2 0.242250 0.323667 0.075500 0.042000
2 0.229750 0.278000 0.032500 0.049333
2 0.272750 0.277667 0.033500 0.052667
2 0.395000 0.217000 0.029000 0.046000
2 0.382250 0.178000 0.028500 0.042667
2 0.477250 0.197333 0.033500 0.044000
2 0.441000 0.124667 0.028000 0.038667
2 0.393000 0.102333 0.026000 0.038000
2 0.602000 0.138333 0.036000 0.032667
2 0.562000 0.085667 0.028000 0.026000
0 0.401750 0.073667 0.006500 0.019333
2 0.448750 0.065333 0.039500 0.025333
2 0.437250 0.054333 0.039500 0.026000
2 0.427750 0.032667 0.039500 0.022667
2 0.508000 0.021667 0.024000 0.024667
2 0.469500 0.032000 0.031000 0.024000
2 0.355750 0.034667 0.022500 0.022667
2 0.383500 0.012333 0.020000 0.024667