0 0.851514 0.225881 0.019311 0.065863
0 0.131785 0.498145 0.030793 0.068646
0 0.136221 0.679963 0.030271 0.081633
0 0.361952 0.607143 0.028706 0.076994
0 0.346033 0.548701 0.017745 0.088126
0 0.363518 0.530612 0.021399 0.087199
0 0.401618 0.543135 0.016180 0.056586
0 0.416232 0.498145 0.014092 0.068646
0 0.447025 0.550557 0.019311 0.084416
0 0.469468 0.566327 0.024530 0.082560
0 0.569937 0.579777 0.026096 0.077922
0 0.526879 0.538961 0.020355 0.089054
0 0.498173 0.539425 0.019311 0.080705
0 0.509916 0.534323 0.024008 0.083488
0 0.481211 0.533395 0.027140 0.083488
0 0.473382 0.514378 0.019833 0.071429
0 0.458246 0.508349 0.019833 0.079777
0 0.544102 0.560761 0.015136 0.058442
0 0.549061 0.567718 0.020877 0.085343
0 0.609342 0.580241 0.024530 0.089981
0 0.614823 0.639147 0.025052 0.068646
0 0.891701 0.510204 0.033925 0.072356
2 0.652662 0.781076 0.115344 0.270872
0 0.837422 0.211503 0.022443 0.064935