2 0.169102 0.406308 0.034447 0.066790
2 0.356211 0.433673 0.030793 0.058442
2 0.541493 0.453618 0.022443 0.068646
2 0.569154 0.455937 0.019311 0.062152
2 0.647704 0.467532 0.031315 0.068646
0 0.591597 0.464750 0.006785 0.018553
0 0.592641 0.464750 0.003653 0.009276
0 0.605950 0.474490 0.009395 0.017625
0 0.614562 0.457792 0.009916 0.015770
0 0.604645 0.456865 0.006785 0.015770
0 0.605167 0.444341 0.005741 0.012987
2 0.734603 0.478200 0.039144 0.064007
2 0.779749 0.487477 0.032359 0.058442
2 0.811065 0.485622 0.049061 0.069573
2 0.893528 0.501855 0.033403 0.076067
2 0.935804 0.504174 0.039666 0.067718
2 0.581681 0.684137 0.043319 0.082560
2 0.566023 0.759740 0.056889 0.053803
2 0.458768 0.608071 0.053236 0.056586
2 0.452244 0.663265 0.052714 0.063080
2 0.418841 0.787106 0.054802 0.065863
2 0.397704 0.846939 0.059499 0.070501
2 0.388570 0.912338 0.069415 0.075139