2 0.857143 0.867386 0.014286 0.024112
2 0.872857 0.880076 0.014286 0.021574
2 0.880000 0.889594 0.017143 0.025381
2 0.900714 0.887056 0.020000 0.025381
2 0.873214 0.836929 0.013571 0.021574
2 0.923929 0.851523 0.015000 0.017766
2 0.920000 0.864213 0.015714 0.020305
2 0.910000 0.873096 0.017143 0.022843
2 0.841429 0.807741 0.012857 0.021574
2 0.744643 0.571066 0.010714 0.015228
2 0.729643 0.574239 0.012143 0.016497
2 0.747500 0.556472 0.012143 0.013959
2 0.825357 0.500000 0.010714 0.015228
2 0.849643 0.479695 0.010714 0.012690
2 0.924286 0.635152 0.017143 0.021574
2 0.953214 0.657995 0.016429 0.016497
2 0.985357 0.680203 0.015000 0.020305
2 0.884286 0.448604 0.010000 0.013959
2 0.355357 0.454315 0.006429 0.012690
2 0.328571 0.502538 0.010000 0.012690
2 0.310714 0.489848 0.012857 0.012690
2 0.298929 0.489848 0.009286 0.010152
2 0.297857 0.479061 0.008571 0.008883
2 0.265000 0.416244 0.010000 0.010152
2 0.209286 0.447970 0.011429 0.015228
2 0.223214 0.361675 0.006429 0.010152
2 0.237500 0.358503 0.010714 0.011421