0 0.420357 0.070476 0.005000 0.009524
2 0.390357 0.120000 0.033571 0.022857
2 0.401071 0.280000 0.030714 0.022857
2 0.490714 0.312381 0.030000 0.030476
2 0.499643 0.332381 0.026429 0.028571
2 0.510000 0.353333 0.028571 0.028571
2 0.572143 0.487143 0.028571 0.031429
2 0.475714 0.479048 0.030000 0.030476
2 0.611071 0.572381 0.029286 0.032381
2 0.166429 0.524762 0.034286 0.028571
2 0.106071 0.599048 0.036429 0.034286
2 0.132857 0.664762 0.034286 0.034286
2 0.153929 0.702857 0.033571 0.032381
2 0.164643 0.723333 0.033571 0.033333
2 0.100000 0.719048 0.031429 0.030476
0 0.147500 0.885238 0.007857 0.010476
2 0.225357 0.863333 0.035000 0.035238
2 0.384286 0.987619 0.030000 0.024762
2 0.372857 0.972381 0.028571 0.032381
2 0.357500 0.939048 0.030714 0.034286
2 0.290000 0.781429 0.030000 0.029524
2 0.280714 0.762381 0.031429 0.029524
2 0.270000 0.740000 0.031429 0.034286
2 0.643214 0.815714 0.022143 0.027619
2 0.705357 0.885238 0.029286 0.018095
2 0.547857 0.643333 0.025714 0.029524
0 0.586071 0.653810 0.005000 0.006667
0 0.676429 0.655238 0.004286 0.007619
0 0.672500 0.637619 0.005000 0.006667
0 0.545000 0.464286 0.002857 0.006667
0 0.533571 0.466190 0.002857 0.004762
0 0.980357 0.057143 0.007857 0.005714
2 0.947500 0.139048 0.019286 0.034286
2 0.940000 0.210000 0.027143 0.027619
2 0.965714 0.496190 0.014286 0.034286
2 0.964643 0.537143 0.015000 0.040000
0 0.981071 0.954762 0.009286 0.008571
2 0.911429 0.824286 0.025714 0.031429
2 0.915357 0.751429 0.025000 0.028571
2 0.950000 0.754762 0.014286 0.039048