2 0.497857 0.847081 0.021429 0.054569
2 0.201071 0.775381 0.037857 0.040609
2 0.370357 0.725888 0.033571 0.030457
2 0.137143 0.736675 0.027143 0.031726
2 0.105000 0.723985 0.031429 0.034264
2 0.031786 0.727792 0.036429 0.034264
2 0.524286 0.541878 0.020000 0.038071
2 0.491786 0.584391 0.022143 0.036802
2 0.482500 0.627538 0.019286 0.039340
2 0.525714 0.468909 0.014286 0.029188
2 0.563929 0.423223 0.015000 0.029188
2 0.590714 0.399112 0.017143 0.036802
2 0.545714 0.406091 0.015714 0.035533
2 0.578929 0.371827 0.012143 0.032995
2 0.610000 0.340736 0.017143 0.031726
2 0.593214 0.338198 0.015000 0.039340
2 0.606071 0.306472 0.015000 0.029188
2 0.614286 0.278553 0.011429 0.029188
2 0.600357 0.270939 0.013571 0.031726
2 0.640714 0.273477 0.014286 0.026650
2 0.634286 0.256345 0.011429 0.022843
2 0.641071 0.226523 0.010714 0.024112
2 0.618571 0.250000 0.011429 0.025381
2 0.628214 0.208756 0.012143 0.026650
2 0.740000 0.078680 0.007143 0.022843
2 0.729643 0.072335 0.009286 0.027919
2 0.713571 0.078680 0.007143 0.022843
2 0.701429 0.071066 0.010000 0.030457
2 0.706786 0.048858 0.010714 0.026650
2 0.709286 0.029822 0.012857 0.021574
2 0.734643 0.032995 0.012143 0.020305
2 0.744643 0.056472 0.015000 0.016497
2 0.753571 0.031091 0.007143 0.034264
2 0.814643 0.184010 0.026429 0.022843
2 0.871786 0.166878 0.029286 0.024112
2 0.920714 0.175761 0.027143 0.026650
2 0.850357 0.209391 0.029286 0.022843
2 0.815714 0.214467 0.022857 0.025381
0 0.158214 0.743020 0.007857 0.021574