2 0.520714 0.272843 0.035714 0.086294
2 0.541429 0.067893 0.030000 0.067259
2 0.656429 0.345178 0.050000 0.058376
2 0.631071 0.440355 0.050714 0.058376
2 0.620357 0.481599 0.049286 0.057107
2 0.604286 0.526650 0.054286 0.071066
2 0.597500 0.577411 0.046429 0.060914
2 0.544286 0.776650 0.055714 0.076142
2 0.505000 0.946066 0.062857 0.085025
2 0.367500 0.400381 0.036429 0.082487
2 0.397143 0.309645 0.032857 0.078680
2 0.447500 0.151015 0.032143 0.073604
2 0.472500 0.081218 0.029286 0.063452
2 0.264643 0.690990 0.040714 0.095178
2 0.227500 0.819162 0.043571 0.097716
2 0.182143 0.942893 0.045714 0.104061
2 0.435357 0.949239 0.043571 0.096447
2 0.495714 0.021574 0.027143 0.043147
2 0.805357 0.468909 0.025000 0.090102
2 0.687857 0.565355 0.055714 0.064721
2 0.655000 0.667513 0.054286 0.065990
2 0.649286 0.716371 0.057143 0.074873
2 0.607143 0.926396 0.052857 0.068528
2 0.690714 0.516497 0.052857 0.058376
2 0.698214 0.475888 0.053571 0.055838
2 0.710357 0.442259 0.042143 0.054569
2 0.718929 0.400381 0.052143 0.054569
2 0.728571 0.361041 0.051429 0.057107
2 0.738571 0.322970 0.047143 0.057107
2 0.744643 0.289340 0.049286 0.055838
2 0.762857 0.234137 0.038571 0.046954
2 0.763214 0.193528 0.049286 0.052030
2 0.797857 0.145939 0.044286 0.040609
2 0.782500 0.069162 0.039286 0.039340
2 0.801071 0.015228 0.042143 0.030457
0 0.706071 0.951777 0.010714 0.017766
0 0.694643 0.935279 0.009286 0.020305
0 0.877857 0.270305 0.010000 0.017766
0 0.853929 0.427665 0.010714 0.025381
0 0.358214 0.439721 0.010714 0.026650
2 0.601786 0.972716 0.056429 0.052030