0 0.290000 0.038571 0.012857 0.025714
0 0.297143 0.034286 0.012857 0.030476
2 0.337143 0.024762 0.027143 0.049524
2 0.393929 0.022381 0.032143 0.044762
2 0.533929 0.086190 0.032143 0.098095
2 0.534643 0.213810 0.035000 0.100000
2 0.393214 0.229524 0.035000 0.089524
2 0.542500 0.449524 0.033571 0.106667
2 0.545357 0.952857 0.032143 0.092381
2 0.547500 0.810476 0.037857 0.116190
2 0.454286 0.690000 0.028571 0.143810
2 0.393214 0.954762 0.036429 0.088571
2 0.308571 0.971429 0.041429 0.055238
2 0.393571 0.721429 0.034286 0.113333
2 0.390357 0.594286 0.036429 0.108571
2 0.395000 0.471429 0.035714 0.108571
2 0.302857 0.503333 0.037143 0.103810
0 0.315357 0.067143 0.009286 0.021905
0 0.321429 0.120000 0.011429 0.028571
0 0.282143 0.634762 0.012857 0.020000