2 0.667143 0.981599 0.018571 0.034264
2 0.705000 0.774112 0.024286 0.048223
2 0.755714 0.668147 0.028571 0.044416
2 0.780714 0.581218 0.020000 0.055838
2 0.813214 0.552030 0.020714 0.050761
2 0.823571 0.498096 0.020000 0.057107
2 0.802500 0.486675 0.017857 0.049492
2 0.765714 0.512690 0.018571 0.048223
2 0.832143 0.444162 0.014286 0.048223
2 0.811786 0.396574 0.019286 0.052030
2 0.838929 0.387056 0.016429 0.053299
2 0.843571 0.336294 0.015714 0.045685
2 0.848571 0.288706 0.015714 0.049492
2 0.810000 0.230330 0.012857 0.041878
2 0.809286 0.179569 0.014286 0.046954
2 0.856429 0.185914 0.015714 0.046954
2 0.872143 0.022208 0.014286 0.044416
0 0.885714 0.165609 0.010000 0.016497
2 0.925000 0.132614 0.027143 0.026650
2 0.670714 0.694162 0.030000 0.030457
2 0.627857 0.711294 0.028571 0.034264
2 0.560000 0.679569 0.031429 0.031726
2 0.453214 0.668147 0.032143 0.031726
2 0.513571 0.616751 0.028571 0.027919
2 0.051429 0.500635 0.028571 0.029188