2 0.132143 0.625000 0.062857 0.123096
2 0.021786 0.725254 0.043571 0.069797
2 0.635357 0.942259 0.047857 0.112944
2 0.851071 0.975888 0.069286 0.045685
2 0.988214 0.950508 0.023571 0.083756
2 0.987143 0.871827 0.025714 0.071066
2 0.868214 0.809645 0.077857 0.104061
2 0.701071 0.611675 0.036429 0.114213
2 0.728571 0.271574 0.030000 0.086294
2 0.792857 0.282995 0.040000 0.109137
2 0.439643 0.912437 0.042143 0.144670
2 0.403571 0.923223 0.034286 0.118020
2 0.365357 0.937183 0.042143 0.123096
2 0.323929 0.953046 0.036429 0.091371
2 0.285714 0.946066 0.052857 0.105330
2 0.344643 0.376269 0.049286 0.092640
2 0.470714 0.296954 0.028571 0.065990
2 0.518571 0.269670 0.038571 0.069797
2 0.206071 0.206218 0.049286 0.046954
2 0.132143 0.175127 0.057143 0.048223
2 0.120714 0.244924 0.064286 0.058376
2 0.036429 0.289340 0.061429 0.071066