2 0.338571 0.858571 0.020000 0.035238
2 0.362857 0.794286 0.015714 0.030476
2 0.329643 0.815238 0.019286 0.036190
2 0.419643 0.713333 0.022143 0.030476
2 0.450714 0.610952 0.011429 0.025714
2 0.486429 0.525238 0.010000 0.018095
2 0.509286 0.494286 0.010000 0.020952
2 0.510357 0.461429 0.010714 0.016190
2 0.481786 0.487619 0.013571 0.015238
2 0.471429 0.496190 0.010000 0.017143
2 0.627143 0.176190 0.004286 0.007619
2 0.637143 0.152857 0.004286 0.004762
2 0.636429 0.160000 0.004286 0.005714
2 0.639286 0.163810 0.004286 0.007619
2 0.636071 0.169524 0.005000 0.007619
2 0.635357 0.178571 0.003571 0.006667
2 0.622500 0.182857 0.003571 0.005714
2 0.640000 0.192381 0.004286 0.005714
2 0.631786 0.225714 0.005000 0.007619
2 0.636071 0.285238 0.007857 0.012381
2 0.627143 0.301429 0.007143 0.012381
2 0.600714 0.309048 0.007143 0.012381
2 0.591071 0.339524 0.007857 0.014286
0 0.603214 0.341905 0.003571 0.005714
2 0.596071 0.370952 0.009286 0.020000
2 0.636786 0.352857 0.010714 0.018095
2 0.623571 0.371905 0.010000 0.014286
2 0.616071 0.422381 0.010714 0.020000
2 0.633929 0.436190 0.012143 0.022857
2 0.620000 0.471429 0.012857 0.024762
2 0.580714 0.475714 0.011429 0.023810
2 0.567857 0.491905 0.011429 0.023810
2 0.577143 0.515714 0.012857 0.025714
2 0.560714 0.529048 0.011429 0.023810
2 0.573214 0.550952 0.015000 0.029524
2 0.627500 0.570476 0.016429 0.034286
2 0.563571 0.590952 0.022857 0.050476
2 0.562500 0.645714 0.016429 0.038095
2 0.556429 0.692381 0.014286 0.041905
2 0.621429 0.716190 0.018571 0.049524
2 0.515714 0.857143 0.021429 0.059048
2 0.498571 0.863333 0.017143 0.056190
2 0.528571 0.929524 0.024286 0.072381
2 0.502500 0.933333 0.026429 0.068571
2 0.991786 0.116667 0.016429 0.031429
0 0.873571 0.130952 0.005714 0.014286
2 0.881429 0.052857 0.012857 0.016190
2 0.870000 0.051905 0.012857 0.010476
2 0.985000 0.010476 0.017143 0.020952
2 0.977857 0.007619 0.015714 0.015238
2 0.971429 0.007619 0.017143 0.015238
2 0.964286 0.008095 0.017143 0.016190
2 0.952500 0.110476 0.032143 0.034286
2 0.942857 0.109524 0.030000 0.030476
2 0.931786 0.111905 0.030714 0.031429
2 0.920714 0.107143 0.027143 0.029524
2 0.917857 0.101429 0.027143 0.029524
2 0.914286 0.102857 0.027143 0.032381
2 0.905000 0.102857 0.024286 0.032381
2 0.894643 0.105714 0.023571 0.026667
2 0.892857 0.096190 0.027143 0.028571
2 0.884643 0.098095 0.025000 0.026667
2 0.846429 0.082857 0.020000 0.020952
2 0.843929 0.078095 0.020714 0.017143