2 0.270357 0.726190 0.055000 0.130476
2 0.271071 0.581905 0.050714 0.120000
2 0.298929 0.455714 0.050714 0.111429
2 0.402857 0.419048 0.041429 0.095238
2 0.392857 0.103333 0.030000 0.060000
2 0.363929 0.099524 0.030714 0.058095
2 0.345000 0.250000 0.037143 0.077143
2 0.641429 0.338095 0.035714 0.080000
2 0.528929 0.148571 0.027857 0.057143
0 0.427143 0.099524 0.008571 0.025714
0 0.373929 0.165238 0.012143 0.033333
0 0.356429 0.140000 0.008571 0.028571
0 0.347143 0.034286 0.008571 0.032381
0 0.342143 0.060952 0.010000 0.022857
0 0.491429 0.456667 0.011429 0.031429
0 0.575357 0.208571 0.010714 0.032381
2 0.730357 0.955714 0.125000 0.086667
2 0.730000 0.858571 0.134286 0.096190
2 0.527143 0.864762 0.048571 0.158095