2 0.151786 0.192857 0.029286 0.035238
2 0.133214 0.174286 0.023571 0.034286
2 0.116786 0.151429 0.022143 0.026667
2 0.104643 0.132381 0.026429 0.026667
2 0.092857 0.108571 0.030000 0.022857
2 0.084286 0.095714 0.021429 0.023810
2 0.076786 0.078095 0.022143 0.019048
2 0.066786 0.065238 0.016429 0.023810
2 0.057143 0.044286 0.017143 0.020000
2 0.048214 0.031905 0.009286 0.018095
0 0.057500 0.024286 0.005000 0.010476
2 0.094286 0.011905 0.015714 0.020000
2 0.112143 0.030952 0.018571 0.020000
2 0.141429 0.023333 0.020000 0.025714
2 0.183214 0.040000 0.032143 0.017143
2 0.193571 0.048095 0.030000 0.020000
2 0.220357 0.071429 0.030714 0.026667
2 0.228929 0.076667 0.030714 0.018095
2 0.235714 0.086190 0.037143 0.018095
2 0.251786 0.094762 0.029286 0.020000
2 0.319643 0.115714 0.037857 0.025714
2 0.162143 0.090476 0.021429 0.022857
0 0.164643 0.024286 0.005000 0.018095
2 0.198214 0.166190 0.025000 0.029524
2 0.204643 0.142381 0.026429 0.031429
2 0.294643 0.248095 0.032143 0.033333
2 0.274643 0.218095 0.029286 0.032381
2 0.245357 0.190476 0.030714 0.030476
2 0.227143 0.166667 0.027143 0.026667
0 0.226071 0.112381 0.009286 0.020952
0 0.239286 0.127619 0.004286 0.020952
0 0.247500 0.129048 0.005000 0.018095
0 0.204286 0.239048 0.011429 0.020952
2 0.292143 0.160952 0.020000 0.026667
2 0.311071 0.155238 0.026429 0.024762
2 0.333571 0.148571 0.027143 0.026667
0 0.186429 0.296667 0.008571 0.023810
0 0.168929 0.314762 0.010714 0.018095
0 0.113571 0.446667 0.014286 0.028571
0 0.107143 0.440000 0.008571 0.022857
2 0.232857 0.342381 0.031429 0.058095
2 0.300714 0.557143 0.072857 0.070476
2 0.379643 0.540000 0.079286 0.062857
2 0.432500 0.390000 0.059286 0.065714
2 0.526786 0.420952 0.056429 0.049524
2 0.617500 0.326667 0.052143 0.043810
2 0.548929 0.299048 0.050714 0.038095
0 0.464286 0.288571 0.010000 0.017143
2 0.727143 0.026190 0.021429 0.023810
2 0.866429 0.010000 0.018571 0.016190
2 0.961071 0.040000 0.015000 0.017143
2 0.989643 0.017619 0.013571 0.016190
2 0.951071 0.034286 0.015000 0.015238
2 0.932857 0.030952 0.020000 0.018095
2 0.920357 0.028571 0.019286 0.017143
2 0.903571 0.021429 0.020000 0.014286
2 0.888571 0.020000 0.015714 0.019048
2 0.923929 0.010952 0.015000 0.012381
2 0.908929 0.007619 0.016429 0.015238
0 0.917857 0.086190 0.008571 0.018095
2 0.925714 0.128095 0.028571 0.027619
0 0.795357 0.857143 0.013571 0.024762
0 0.759286 0.958095 0.015714 0.034286
2 0.892857 0.919524 0.110000 0.130476