0 0.622500 0.697619 0.037857 0.092381
0 0.780000 0.831905 0.035714 0.086667
0 0.500357 0.115238 0.012143 0.038095
0 0.502857 0.236190 0.012857 0.041905
0 0.548571 0.290476 0.018571 0.036190
0 0.428214 0.010476 0.006429 0.020952
0 0.432500 0.012857 0.009286 0.025714
2 0.553929 0.013810 0.023571 0.023810
2 0.537143 0.070952 0.027143 0.037143
2 0.612143 0.070952 0.034286 0.040952
2 0.656071 0.068571 0.033571 0.040000
2 0.619643 0.147143 0.043571 0.048571
0 0.432143 0.137143 0.010000 0.024762
2 0.837500 0.053810 0.053571 0.031429
2 0.724643 0.191905 0.056429 0.058095