2 0.096924 0.920802 0.193848 0.129771
2 0.100858 0.791031 0.198856 0.112595
2 0.704220 0.953721 0.218169 0.083015
2 0.672747 0.851145 0.188126 0.118321
0 0.914163 0.735210 0.025751 0.065840
0 0.800429 0.580630 0.028612 0.060115
0 0.769671 0.586832 0.018598 0.064885
0 0.707797 0.501908 0.019313 0.057252
0 0.697425 0.400286 0.021459 0.044847
0 0.406652 0.664122 0.023605 0.068702
0 0.379113 0.620229 0.025751 0.059160
0 0.366237 0.549141 0.020029 0.056298
0 0.465665 0.404580 0.011445 0.045802
0 0.433476 0.616412 0.014306 0.059160
0 0.467811 0.653149 0.024320 0.060115
2 0.610873 0.582538 0.131617 0.096374
2 0.250358 0.577290 0.074392 0.124046
2 0.175966 0.568702 0.104435 0.131679
2 0.119099 0.562977 0.102289 0.118321
2 0.026466 0.534351 0.052933 0.087786
2 0.142704 0.351145 0.080830 0.040076
2 0.339413 0.354962 0.087983 0.043893
2 0.853004 0.279103 0.063662 0.037214
2 0.810443 0.309160 0.072961 0.040076
2 0.547568 0.304389 0.076538 0.045802
2 0.504649 0.350191 0.085122 0.049618
0 0.388412 0.404103 0.011445 0.039122
0 0.228183 0.420802 0.014306 0.041985
0 0.032546 0.426050 0.030758 0.046756
0 0.178469 0.424618 0.019313 0.045802
0 0.271102 0.407443 0.012876 0.043893
0 0.371602 0.293893 0.012160 0.030534
0 0.292561 0.383111 0.014306 0.029580
0 0.287196 0.398855 0.010730 0.040076
0 0.300787 0.448473 0.012160 0.026718
0 0.393777 0.385496 0.016452 0.041985
0 0.424177 0.376431 0.012876 0.037214
0 0.471388 0.322519 0.012876 0.036260
0 0.542203 0.220897 0.011445 0.031489
0 0.550787 0.223282 0.010014 0.028626
2 0.435980 0.267653 0.043634 0.029580
2 0.383047 0.194179 0.039342 0.025763
2 0.366237 0.176050 0.022890 0.037214
2 0.157368 0.219943 0.061516 0.025763
2 0.443848 0.197996 0.033619 0.027672
2 0.461731 0.176050 0.026466 0.025763
2 0.484263 0.170324 0.021459 0.025763
2 0.535765 0.204198 0.042918 0.026718
0 0.497854 0.185115 0.004292 0.022901
0 0.516452 0.196565 0.008584 0.022901
0 0.566166 0.143130 0.005007 0.019084
0 0.558655 0.147424 0.004292 0.020038
0 0.565093 0.159828 0.005722 0.021947
0 0.558298 0.127385 0.005007 0.008588
2 0.533977 0.177481 0.036481 0.026718
2 0.536838 0.152672 0.033619 0.019084
2 0.516810 0.170802 0.027897 0.020992
2 0.528970 0.163168 0.027897 0.019084
2 0.598712 0.168416 0.017167 0.023855
2 0.602647 0.153626 0.022175 0.020992
2 0.540057 0.148378 0.035765 0.021947
2 0.535765 0.137882 0.035765 0.020038
2 0.539342 0.129294 0.032904 0.016221
2 0.540415 0.125954 0.032189 0.020992
2 0.538627 0.117366 0.031474 0.017176
2 0.566166 0.104008 0.029328 0.017176
2 0.567597 0.093511 0.029328 0.015267
2 0.567239 0.087786 0.025751 0.015267
2 0.566166 0.084447 0.027897 0.020038
2 0.560443 0.072519 0.022175 0.015267
2 0.557225 0.056298 0.010014 0.013359
2 0.593348 0.121660 0.019313 0.020038
2 0.654506 0.150763 0.018598 0.019084
2 0.597639 0.192748 0.043634 0.022901
0 0.581187 0.125000 0.006438 0.017176
0 0.574034 0.134542 0.005007 0.015267
0 0.571531 0.133588 0.005722 0.015267
0 0.806152 0.204676 0.008584 0.023855
0 0.849428 0.203721 0.007868 0.016221
0 0.769313 0.180821 0.007868 0.010496