2 0.100714 0.051905 0.028571 0.029524
0 0.233571 0.098571 0.010000 0.025714
0 0.306786 0.122857 0.010714 0.030476
2 0.475714 0.125238 0.044286 0.031429
2 0.446786 0.117143 0.037857 0.028571
2 0.435000 0.106190 0.037143 0.027619
2 0.493571 0.100000 0.034286 0.024762
2 0.526071 0.108571 0.027857 0.030476
0 0.497500 0.031905 0.005000 0.020000
2 0.576071 0.125714 0.039286 0.030476
2 0.659643 0.039048 0.026429 0.024762
2 0.704286 0.059524 0.032857 0.021905
2 0.781786 0.037619 0.026429 0.029524
2 0.626429 0.297619 0.064286 0.050476
0 0.547857 0.245714 0.010000 0.030476
0 0.547500 0.294286 0.010714 0.036190
0 0.546071 0.348571 0.009286 0.036190
0 0.536786 0.344286 0.009286 0.027619
0 0.504286 0.336667 0.010000 0.021905