2 0.043929 0.040952 0.027857 0.015238
2 0.072857 0.020952 0.020000 0.019048
2 0.110000 0.045714 0.028571 0.017143
2 0.159286 0.089524 0.027143 0.017143
2 0.177500 0.049524 0.032143 0.017143
2 0.225357 0.091429 0.032143 0.019048
2 0.152857 0.027143 0.020000 0.020000
2 0.170714 0.029524 0.020000 0.017143
2 0.225357 0.032381 0.023571 0.017143
2 0.241071 0.032857 0.017857 0.018095
2 0.260357 0.024762 0.017857 0.022857
2 0.414286 0.004762 0.021429 0.009524
2 0.484643 0.008571 0.015000 0.017143
0 0.493571 0.050952 0.004286 0.008571
0 0.482143 0.069048 0.004286 0.010476
0 0.534286 0.034762 0.004286 0.010476
0 0.537143 0.027143 0.004286 0.006667
0 0.590714 0.018095 0.004286 0.009524
2 0.606429 0.006190 0.012857 0.012381
0 0.323929 0.500476 0.009286 0.018095
0 0.296786 0.560000 0.007857 0.019048
0 0.293214 0.570000 0.010714 0.021905
0 0.256786 0.639048 0.012143 0.017143
0 0.253929 0.644762 0.012143 0.022857
2 0.331786 0.636190 0.033571 0.078095
2 0.443571 0.568095 0.035714 0.065714
2 0.310000 0.754762 0.047143 0.094286
2 0.330714 0.922857 0.054286 0.114286
2 0.265714 0.872857 0.058571 0.113333
2 0.138571 0.684286 0.074286 0.067619
2 0.023571 0.775714 0.047143 0.050476
0 0.648214 0.813333 0.009286 0.019048
0 0.646429 0.807143 0.012857 0.018095
0 0.487857 0.636190 0.010000 0.017143
0 0.598214 0.614762 0.010714 0.020000
0 0.658571 0.601429 0.010000 0.018095
0 0.641429 0.564762 0.008571 0.017143
0 0.619643 0.503810 0.007857 0.015238
0 0.618571 0.497619 0.010000 0.016190
0 0.639286 0.504762 0.008571 0.011429
0 0.639286 0.502381 0.008571 0.014286
0 0.698929 0.480476 0.007857 0.023810
0 0.671429 0.449048 0.007143 0.021905
0 0.650357 0.460476 0.009286 0.014286
0 0.631786 0.438095 0.007857 0.017143
2 0.630714 0.380000 0.020000 0.043810
2 0.622143 0.319524 0.021429 0.035238
0 0.652143 0.310952 0.005714 0.016190
0 0.669643 0.265238 0.007857 0.012381
0 0.677143 0.187619 0.007143 0.013333
0 0.682143 0.115714 0.005714 0.008571
0 0.681071 0.082857 0.005000 0.007619
0 0.668571 0.017619 0.004286 0.010476
0 0.705714 0.262857 0.005714 0.020952
2 0.589286 0.211905 0.018571 0.027619
2 0.597500 0.158095 0.017857 0.024762
2 0.648571 0.160476 0.017143 0.025714
2 0.610714 0.101905 0.014286 0.024762
2 0.624643 0.044286 0.015000 0.020000
2 0.633571 0.007143 0.012857 0.014286
2 0.779643 0.057619 0.030714 0.016190
2 0.757143 0.049048 0.010000 0.021905
2 0.763214 0.113810 0.013571 0.018095
2 0.798214 0.101905 0.023571 0.013333
2 0.802857 0.130476 0.025714 0.017143
2 0.791786 0.157619 0.013571 0.020000
2 0.807857 0.159524 0.011429 0.018095
2 0.858571 0.172857 0.035714 0.035238
2 0.887857 0.177143 0.035714 0.030476
2 0.921071 0.181905 0.037857 0.022857
2 0.752143 0.607143 0.028571 0.060000