0 0.507143 0.988095 0.011429 0.023810
2 0.431786 0.864762 0.023571 0.051429
2 0.465357 0.795714 0.023571 0.040952
2 0.451429 0.752857 0.021429 0.035238
2 0.475000 0.749524 0.017143 0.034286
2 0.562143 0.659048 0.014286 0.017143
2 0.582143 0.632857 0.012857 0.018095
2 0.513929 0.627619 0.010714 0.019048
2 0.476786 0.653333 0.012143 0.017143
2 0.485714 0.621905 0.011429 0.015238
2 0.500000 0.604762 0.010000 0.015238
2 0.518571 0.596667 0.010000 0.014286
2 0.496071 0.585714 0.009286 0.013333
2 0.516786 0.576190 0.007857 0.009524
2 0.510357 0.558571 0.007857 0.010476
2 0.522500 0.548095 0.005000 0.006667
2 0.506429 0.547143 0.007143 0.008571
2 0.563571 0.518571 0.008571 0.006667
2 0.509643 0.534286 0.005000 0.007619
2 0.525357 0.522857 0.005000 0.005714
2 0.518571 0.521429 0.004286 0.006667
2 0.513929 0.517619 0.003571 0.004762
2 0.516786 0.512381 0.003571 0.003810
2 0.527143 0.514762 0.004286 0.004762
2 0.521429 0.508095 0.002857 0.004762
2 0.522500 0.501429 0.003571 0.004762
2 0.538571 0.481429 0.002857 0.002857
2 0.527500 0.477619 0.002143 0.002857