2 0.049286 0.600888 0.051429 0.087563
2 0.118571 0.501269 0.044286 0.078680
2 0.211429 0.455584 0.051429 0.078680
2 0.150000 0.368655 0.044286 0.079949
2 0.116786 0.280457 0.040714 0.076142
2 0.318214 0.642132 0.053571 0.088832
2 0.376429 0.707487 0.052857 0.085025
2 0.395357 0.748731 0.053571 0.091371
2 0.416786 0.852792 0.053571 0.098985
2 0.470000 0.868655 0.060000 0.059645
2 0.508214 0.924492 0.053571 0.100254
2 0.613929 0.784898 0.047857 0.095178
2 0.647500 0.826142 0.050714 0.104061
2 0.670714 0.868655 0.040000 0.085025
2 0.714286 0.913706 0.047143 0.098985
2 0.557500 0.704949 0.046429 0.097716
2 0.430714 0.647843 0.048571 0.085025
2 0.411071 0.548858 0.050714 0.077411
2 0.541071 0.476523 0.049286 0.077411
2 0.643571 0.561548 0.048571 0.085025
2 0.784286 0.730330 0.045714 0.092640
2 0.409643 0.430838 0.040714 0.072335
2 0.316786 0.311548 0.040714 0.062183
2 0.298929 0.265228 0.036429 0.053299
2 0.261429 0.235406 0.042857 0.059645
2 0.233214 0.221447 0.042143 0.062183
2 0.396429 0.219543 0.040000 0.058376
2 0.305000 0.120558 0.040000 0.055838
2 0.303214 0.057107 0.039286 0.045685
2 0.320357 0.031091 0.040714 0.052030
2 0.127500 0.110406 0.033571 0.065990
0 0.147500 0.179569 0.013571 0.029188
0 0.140000 0.189721 0.015714 0.031726
0 0.126071 0.200508 0.010714 0.027919
0 0.127143 0.190355 0.011429 0.030457
2 0.206786 0.013959 0.036429 0.027919
0 0.355357 0.274746 0.006429 0.026650
0 0.369643 0.293782 0.009286 0.024112
0 0.430714 0.373731 0.010000 0.026650
0 0.202500 0.541878 0.013571 0.025381
0 0.320357 0.554569 0.009286 0.017766
0 0.446786 0.261421 0.009286 0.022843
0 0.471786 0.298223 0.007857 0.022843
0 0.581786 0.629442 0.009286 0.022843
0 0.398214 0.798223 0.007857 0.022843
0 0.880357 0.956853 0.016429 0.025381
0 0.940000 0.909264 0.020000 0.029188
2 0.748214 0.946066 0.050714 0.105330
2 0.785714 0.970812 0.040000 0.055838
0 0.089643 0.925127 0.019286 0.022843