2 0.577857 0.757619 0.022857 0.071429
2 0.811429 0.890476 0.048571 0.074286
2 0.670714 0.377143 0.037143 0.051429
2 0.620357 0.316190 0.033571 0.051429
2 0.417500 0.019048 0.030714 0.038095
2 0.448571 0.070476 0.030000 0.038095
2 0.350714 0.433810 0.031429 0.052381
2 0.242857 0.323810 0.032857 0.047619
2 0.216429 0.355714 0.038571 0.021905
2 0.331071 0.258571 0.029286 0.044762
2 0.787143 0.161429 0.034286 0.046667
2 0.123929 0.105714 0.027857 0.038095
2 0.122857 0.047143 0.028571 0.040952
2 0.078929 0.044286 0.039286 0.039048
2 0.093571 0.085714 0.030000 0.040000
2 0.106786 0.070000 0.022143 0.037143
2 0.162857 0.296190 0.040000 0.045714
2 0.143571 0.231905 0.038571 0.044762
2 0.123571 0.196667 0.038571 0.040952
2 0.176071 0.098571 0.026429 0.037143
2 0.231786 0.242381 0.032143 0.044762
2 0.249643 0.374762 0.039286 0.048571
2 0.263929 0.303333 0.035000 0.048571
2 0.282857 0.236190 0.028571 0.045714
2 0.928929 0.989524 0.029286 0.020952
0 0.813214 0.801905 0.007857 0.011429
0 0.802857 0.783810 0.012857 0.011429
0 0.851071 0.565238 0.007857 0.008571
2 0.777500 0.517143 0.045000 0.059048
2 0.723214 0.446190 0.042143 0.054286
2 0.916429 0.252381 0.040000 0.047619
2 0.962143 0.308571 0.037143 0.049524
0 0.700357 0.009048 0.006429 0.018095
0 0.735357 0.028571 0.005000 0.011429
2 0.511786 0.143333 0.023571 0.050476
2 0.482143 0.113333 0.032857 0.041905
0 0.232143 0.040952 0.005714 0.013333
0 0.224643 0.039524 0.006429 0.016190
0 0.033214 0.091905 0.007857 0.012381
0 0.072857 0.016190 0.014286 0.020952
0 0.518214 0.760952 0.006429 0.009524