2 0.243929 0.906667 0.025000 0.017143
2 0.273929 0.884762 0.017857 0.034286
2 0.216071 0.866667 0.016429 0.030476
2 0.402857 0.518571 0.015714 0.012381
2 0.401786 0.511429 0.016429 0.011429
2 0.403929 0.504286 0.015000 0.008571
2 0.406429 0.490952 0.012857 0.010476
2 0.422143 0.399524 0.014286 0.010476
2 0.324286 0.172381 0.008571 0.005714
2 0.428929 0.210000 0.005000 0.006667
2 0.436786 0.149524 0.003571 0.005714
2 0.442500 0.165714 0.005000 0.005714
2 0.440714 0.171429 0.004286 0.005714
2 0.437143 0.175238 0.004286 0.005714