0 0.547250 0.848667 0.043500 0.070667
0 0.547500 0.809333 0.035000 0.060000
0 0.617500 0.646667 0.024000 0.076000
2 0.447250 0.652667 0.073500 0.150667
2 0.467000 0.418667 0.046000 0.070667
2 0.454500 0.362333 0.046000 0.052667
2 0.460250 0.309000 0.041500 0.048667
2 0.453250 0.235667 0.023500 0.032667
2 0.452750 0.201333 0.021500 0.045333
0 0.501500 0.326667 0.013000 0.037333
0 0.448250 0.270667 0.013500 0.033333
2 0.454500 0.162000 0.017000 0.020000
0 0.434250 0.152333 0.006500 0.019333
0 0.438500 0.130000 0.004000 0.014667
0 0.442000 0.131000 0.004000 0.015333
0 0.444750 0.128000 0.003500 0.014667
2 0.454000 0.129000 0.012000 0.014000
2 0.458500 0.139000 0.013000 0.014000
2 0.513500 0.130667 0.013000 0.014667
2 0.481250 0.088667 0.008500 0.009333
2 0.478500 0.075333 0.005000 0.006667
0 0.464750 0.068667 0.003500 0.008000
2 0.504250 0.065667 0.005500 0.006000
2 0.523000 0.083667 0.007000 0.011333
2 0.437500 0.096333 0.011000 0.030000
2 0.450250 0.066333 0.004500 0.007333
2 0.477000 0.068000 0.004000 0.004000
2 0.473500 0.063000 0.004000 0.008667
2 0.925750 0.301333 0.063500 0.040000
2 0.876000 0.272000 0.051000 0.033333
2 0.815250 0.267667 0.044500 0.036667
2 0.791750 0.240000 0.039500 0.028000
2 0.838250 0.247667 0.042500 0.026000
2 0.803500 0.227000 0.043000 0.028667
2 0.753250 0.204333 0.030500 0.024667
2 0.768000 0.214667 0.022000 0.025333
2 0.718750 0.183333 0.028500 0.024000
2 0.569750 0.097333 0.008500 0.012000
0 0.579500 0.100000 0.003000 0.012000
2 0.582750 0.127333 0.008500 0.018667
2 0.604500 0.116000 0.021000 0.013333
2 0.633500 0.135333 0.028000 0.021333
2 0.655000 0.142667 0.020000 0.014667
2 0.675000 0.148333 0.038000 0.022000