2 0.017484 0.503247 0.034969 0.036178
0 0.036795 0.549629 0.009916 0.021336
0 0.021138 0.587199 0.013048 0.024119
0 0.163883 0.584416 0.006263 0.033395
2 0.260177 0.258349 0.023486 0.017625
2 0.276357 0.265306 0.018267 0.022263
0 0.416493 0.192950 0.003132 0.011132
2 0.408664 0.282468 0.012526 0.023191
2 0.421451 0.284323 0.012004 0.021336
2 0.355167 0.499536 0.023486 0.039889
2 0.363518 0.545455 0.045407 0.033395
0 0.373695 0.715213 0.009395 0.025974
0 0.367171 0.711967 0.008873 0.036178
0 0.509395 0.798701 0.012526 0.033395
0 0.512526 0.783859 0.010438 0.022263
0 0.485386 0.786642 0.007307 0.046382
0 0.487213 0.760668 0.008873 0.027829
0 0.480428 0.762059 0.009916 0.030612
0 0.493215 0.722635 0.009395 0.037106
0 0.559499 0.719852 0.009395 0.038961
0 0.558716 0.696660 0.007829 0.035250
0 0.556106 0.763451 0.007829 0.035250
0 0.508351 0.519017 0.007307 0.021336
0 0.481211 0.491187 0.005219 0.026902
0 0.483299 0.482375 0.005219 0.025974
0 0.479645 0.481911 0.005219 0.028757
0 0.503132 0.465213 0.007307 0.013915
0 0.481994 0.455473 0.007829 0.014842
0 0.509134 0.419759 0.005741 0.023191
0 0.482516 0.353432 0.002610 0.007421
0 0.481733 0.349722 0.003132 0.011132
0 0.489562 0.351113 0.004175 0.012059
0 0.488257 0.347866 0.004697 0.018553
0 0.503653 0.301484 0.003132 0.014842
0 0.495042 0.322820 0.005741 0.012987
0 0.519833 0.280148 0.003132 0.012987
0 0.499478 0.257885 0.003132 0.012987
0 0.486952 0.267161 0.003132 0.009276
0 0.486952 0.264378 0.004175 0.011132
0 0.490605 0.243970 0.003132 0.014842
0 0.514614 0.219852 0.002088 0.011132
0 0.510438 0.220315 0.003132 0.012059
0 0.509916 0.216141 0.003132 0.011132
0 0.492693 0.210111 0.004175 0.010204
0 0.503132 0.206865 0.002088 0.009276
0 0.497651 0.181818 0.002610 0.007421
0 0.501305 0.147032 0.001566 0.004638
0 0.500522 0.136364 0.002088 0.005566
0 0.496868 0.138219 0.002088 0.007421
0 0.503392 0.134045 0.001566 0.006494
0 0.503653 0.127551 0.001044 0.004638
2 0.500522 0.108534 0.004175 0.007421
0 0.494520 0.174397 0.002610 0.009276
2 0.023747 0.821892 0.047495 0.098330