2 0.780010 0.776438 0.040188 0.087199
2 0.724687 0.566790 0.025574 0.046382
2 0.713987 0.516234 0.036534 0.049165
0 0.765136 0.528293 0.005219 0.030612
0 0.361169 0.602505 0.005219 0.023191
2 0.678236 0.496289 0.021399 0.042672
2 0.559238 0.081169 0.007829 0.010204
2 0.552192 0.118738 0.008351 0.014842
2 0.552453 0.147032 0.007829 0.015770
2 0.565240 0.172078 0.009395 0.015770
0 0.455898 0.205937 0.002610 0.007421
0 0.447808 0.252319 0.004175 0.011132
0 0.460334 0.245826 0.003132 0.009276
0 0.504958 0.250464 0.002610 0.011132
0 0.554802 0.287570 0.003132 0.011132
0 0.567328 0.286642 0.003132 0.012987
0 0.593163 0.194805 0.002610 0.009276
0 0.586900 0.102041 0.002610 0.007421
0 0.593946 0.121985 0.002088 0.006494
0 0.613257 0.199443 0.003132 0.007421
0 0.617171 0.243506 0.003653 0.010204
0 0.629436 0.269944 0.003132 0.009276
0 0.438413 0.293599 0.004175 0.008349
0 0.434760 0.353432 0.003132 0.011132
0 0.414666 0.373840 0.002610 0.012987
0 0.424061 0.405844 0.004697 0.010204
0 0.412578 0.413729 0.003653 0.009276
0 0.403445 0.413265 0.004175 0.010204
0 0.393006 0.463822 0.004175 0.012987
0 0.409186 0.481911 0.005219 0.013915
0 0.903967 0.933210 0.008351 0.024119
0 0.915710 0.956401 0.008873 0.025974
0 0.917276 0.925325 0.008873 0.025046