0 0.154286 0.714467 0.004286 0.010152
0 0.178929 0.619289 0.003571 0.010152
0 0.112143 0.595812 0.002857 0.011421
0 0.299286 0.578680 0.002857 0.007614
0 0.251786 0.272843 0.002143 0.007614
2 0.398214 0.046954 0.002143 0.005076
2 0.387143 0.081218 0.007143 0.005076
2 0.391786 0.081218 0.005000 0.005076
2 0.398214 0.101523 0.002143 0.005076
2 0.403571 0.100888 0.002857 0.003807
2 0.408214 0.112310 0.003571 0.006345
2 0.405714 0.122462 0.002857 0.006345
2 0.406429 0.128173 0.002857 0.005076
2 0.391786 0.119924 0.002143 0.006345
2 0.392857 0.124365 0.002857 0.005076
2 0.410714 0.175127 0.004286 0.007614
2 0.395357 0.166878 0.003571 0.006345
2 0.397500 0.171320 0.003571 0.007614
2 0.399286 0.175761 0.004286 0.006345
2 0.401786 0.179569 0.003571 0.006345
2 0.404286 0.183376 0.004286 0.006345
2 0.407500 0.189086 0.003571 0.005076
2 0.427500 0.199239 0.005000 0.007614
2 0.438571 0.213198 0.005714 0.007614
2 0.448929 0.223985 0.006429 0.008883
2 0.461071 0.256345 0.006429 0.007614
2 0.474643 0.274112 0.006429 0.007614
2 0.226429 0.421954 0.012857 0.011421
2 0.226786 0.439086 0.012143 0.012690
2 0.167857 0.482868 0.008571 0.013959
2 0.190714 0.475254 0.008571 0.016497
2 0.198214 0.473985 0.006429 0.013959
2 0.251786 0.457487 0.010714 0.011421
2 0.311429 0.393401 0.011429 0.010152
2 0.331786 0.447970 0.013571 0.010152
2 0.460357 0.444162 0.012143 0.010152
2 0.583571 0.418147 0.010000 0.011421
2 0.622143 0.409898 0.011429 0.010152
2 0.603929 0.392132 0.012143 0.010152
2 0.568214 0.376904 0.010714 0.012690
0 0.559643 0.259518 0.023571 0.016497
0 0.561071 0.263325 0.020714 0.013959
2 0.558929 0.310914 0.009286 0.007614
2 0.607500 0.330584 0.010714 0.008883
2 0.652857 0.308376 0.011429 0.007614
2 0.656429 0.301396 0.010000 0.008883
0 0.596786 0.286168 0.002143 0.003807
0 0.719643 0.266497 0.002143 0.007614
2 0.644643 0.292513 0.010714 0.008883
2 0.859643 0.241751 0.009286 0.008883
2 0.856786 0.307107 0.009286 0.005076
2 0.861429 0.309010 0.007143 0.008883
2 0.868571 0.312183 0.007143 0.007614
2 0.938214 0.354695 0.009286 0.006345
2 0.932143 0.350254 0.007143 0.007614
2 0.957857 0.386421 0.011429 0.008883
2 0.941786 0.373096 0.007857 0.012690
2 0.846071 0.487944 0.013571 0.011421
2 0.913571 0.464467 0.014286 0.015228
2 0.921429 0.463198 0.018571 0.017766
0 0.885000 0.918147 0.004286 0.013959
2 0.872143 0.918147 0.021429 0.024112
2 0.973571 0.839467 0.024286 0.026650
2 0.941071 0.842640 0.020714 0.030457