2 0.957500 0.829333 0.085000 0.070667
0 0.875000 0.684667 0.017000 0.032000
0 0.585500 0.838667 0.021000 0.029333
2 0.308750 0.107667 0.016500 0.019333
2 0.289000 0.164333 0.019000 0.027333
2 0.294750 0.145000 0.018500 0.027333
2 0.350250 0.160667 0.016500 0.021333
2 0.349500 0.141667 0.016000 0.018000
2 0.363750 0.208000 0.038500 0.026667
2 0.361500 0.238333 0.044000 0.028667
2 0.349000 0.276667 0.025000 0.033333
2 0.355500 0.320333 0.025000 0.039333
2 0.275250 0.293667 0.025500 0.044667
2 0.365250 0.408333 0.028500 0.044667
2 0.264500 0.502333 0.036000 0.071333
2 0.375750 0.466333 0.033500 0.056667
2 0.389250 0.536667 0.037500 0.069333
2 0.411750 0.632000 0.048500 0.088000
0 0.365000 0.006333 0.003000 0.011333
2 0.269500 0.337667 0.025000 0.050000
2 0.264500 0.584333 0.041000 0.083333
2 0.389000 0.022333 0.022000 0.010000
2 0.385250 0.032333 0.023500 0.011333
2 0.393250 0.039667 0.025500 0.012667
2 0.386250 0.044667 0.023500 0.009333