0 0.399286 0.725238 0.025714 0.060000
2 0.425714 0.121905 0.062857 0.106667
2 0.520714 0.060000 0.057143 0.093333
2 0.852143 0.164762 0.120000 0.080000
0 0.241429 0.051429 0.024286 0.041905
0 0.577143 0.243810 0.017143 0.049524
0 0.557500 0.199524 0.023571 0.044762
0 0.576429 0.082857 0.021429 0.034286
0 0.701786 0.198571 0.020714 0.054286
0 0.743214 0.154762 0.023571 0.061905
0 0.768214 0.184762 0.025000 0.062857
0 0.678571 0.063810 0.011429 0.040000
0 0.681429 0.051905 0.012857 0.040952
0 0.677143 0.037619 0.012857 0.048571
0 0.668214 0.040000 0.013571 0.038095
2 0.720000 0.028095 0.057143 0.056190
2 0.885000 0.129524 0.111429 0.078095
2 0.885714 0.083333 0.097143 0.054286
2 0.905714 0.060476 0.108571 0.060000
2 0.920357 0.028095 0.096429 0.054286
2 0.965000 0.787619 0.070000 0.137143