2 0.769572 0.173933 0.020355 0.019481
0 0.748434 0.197588 0.004175 0.011132
2 0.534186 0.471707 0.026618 0.043599
2 0.544102 0.443878 0.017223 0.019481
2 0.479384 0.426252 0.036013 0.030612
2 0.490605 0.366419 0.031315 0.033395
2 0.326983 0.504174 0.022443 0.041744
2 0.323591 0.613173 0.027140 0.051948
2 0.273747 0.539425 0.022443 0.043599
2 0.243737 0.553340 0.021921 0.045455
2 0.110386 0.949443 0.028706 0.088126
0 0.530532 0.219388 0.004697 0.017625
0 0.078288 0.287570 0.004175 0.014842
0 0.036273 0.318182 0.005741 0.014842
2 0.038622 0.255566 0.012526 0.023191
0 0.029228 0.198980 0.004175 0.013915
2 0.018006 0.202226 0.013048 0.025974
2 0.004958 0.205937 0.009916 0.029685
2 0.067328 0.110390 0.009395 0.018553
2 0.070981 0.063544 0.010438 0.015770
2 0.073852 0.009740 0.008873 0.013915
2 0.048017 0.006494 0.009395 0.012987
2 0.268528 0.108998 0.010960 0.015770
2 0.273486 0.123377 0.010438 0.018553