2 0.431429 0.724762 0.050000 0.106667
2 0.477500 0.361905 0.025000 0.038095
2 0.505357 0.269048 0.019286 0.033333
2 0.527857 0.216190 0.018571 0.028571
2 0.531429 0.167619 0.017143 0.026667
2 0.531429 0.085238 0.011429 0.014286
2 0.546786 0.094762 0.012143 0.018095
2 0.553929 0.026667 0.010714 0.009524
2 0.298929 0.319524 0.025000 0.033333
2 0.105000 0.971429 0.061429 0.057143
0 0.352500 0.186667 0.003571 0.015238
2 0.418929 0.123810 0.017857 0.017143
2 0.428929 0.145714 0.013571 0.017143
2 0.470000 0.099048 0.010000 0.013333
2 0.480000 0.075714 0.010000 0.014286
2 0.456786 0.091429 0.013571 0.013333
2 0.496429 0.041429 0.008571 0.008571
2 0.492857 0.055714 0.010000 0.010476
2 0.507500 0.017619 0.009286 0.010476
2 0.506786 0.027619 0.007857 0.007619
2 0.446071 0.057143 0.015000 0.009524
2 0.561786 0.072381 0.009286 0.015238
2 0.592500 0.083333 0.013571 0.012381
2 0.600714 0.080000 0.014286 0.013333
0 0.519286 0.873333 0.012857 0.017143
0 0.555714 0.877619 0.012857 0.021905
0 0.362500 0.228095 0.005000 0.010476
0 0.458929 0.064286 0.005000 0.006667
0 0.483214 0.026190 0.002143 0.004762
0 0.488571 0.027619 0.002857 0.005714