2 0.116071 0.124762 0.013571 0.011429
2 0.051786 0.400476 0.013571 0.014286
2 0.306786 0.586190 0.019286 0.012381
2 0.005000 0.680000 0.010000 0.020952
2 0.007143 0.603810 0.014286 0.011429
2 0.013214 0.654762 0.015000 0.025714
2 0.027500 0.649524 0.015000 0.022857
2 0.024286 0.674762 0.021429 0.014286
2 0.068929 0.638095 0.020714 0.015238
2 0.124643 0.660000 0.022143 0.017143
2 0.127143 0.671429 0.022857 0.015238
2 0.179643 0.617619 0.019286 0.012381
2 0.177500 0.644286 0.020714 0.014286
2 0.185357 0.665714 0.020714 0.015238
2 0.077857 0.430952 0.011429 0.014286
2 0.292500 0.320476 0.010714 0.006667
2 0.296786 0.316667 0.010714 0.006667
2 0.331786 0.289524 0.007857 0.009524
2 0.339286 0.292857 0.008571 0.008571
2 0.344286 0.294286 0.007143 0.009524
2 0.386429 0.293333 0.007143 0.009524
2 0.381071 0.292857 0.006429 0.008571
2 0.375000 0.291429 0.005714 0.009524