0 0.588214 0.889524 0.020714 0.032381
0 0.605357 0.886667 0.016429 0.034286
0 0.553929 0.783333 0.022143 0.035238
0 0.330000 0.854286 0.027143 0.045714
0 0.338214 0.900000 0.030714 0.041905
0 0.333214 0.812857 0.022143 0.039048
0 0.397857 0.670476 0.018571 0.034286
0 0.382143 0.657619 0.018571 0.033333
0 0.350000 0.309524 0.020000 0.038095
0 0.334286 0.297619 0.021429 0.040952
0 0.315714 0.271429 0.020000 0.032381
0 0.321429 0.202381 0.021429 0.040952
0 0.304643 0.205714 0.025000 0.043810
0 0.318929 0.184762 0.022143 0.034286
0 0.397857 0.124286 0.020000 0.044762
0 0.310000 0.115714 0.020000 0.046667
0 0.421429 0.037143 0.017143 0.049524
0 0.401071 0.021905 0.016429 0.043810
0 0.415714 0.022381 0.014286 0.044762
0 0.460357 0.018095 0.013571 0.036190
0 0.475000 0.014286 0.011429 0.028571
0 0.472500 0.944286 0.022143 0.039048
0 0.050000 0.185238 0.041429 0.048571
2 0.134643 0.209524 0.135000 0.085714
0 0.212143 0.356190 0.037143 0.024762
0 0.196429 0.374762 0.022857 0.025714
0 0.061786 0.481429 0.042143 0.016190
0 0.601071 0.964286 0.023571 0.046667
0 0.712143 0.838095 0.034286 0.045714
0 0.724286 0.812857 0.024286 0.031429
0 0.867500 0.706667 0.027857 0.032381
0 0.572857 0.318571 0.020000 0.037143
0 0.592857 0.330000 0.020000 0.040952
0 0.826071 0.780476 0.040714 0.035238
0 0.883571 0.080952 0.038571 0.043810