2 0.328500 0.925333 0.111000 0.149333
2 0.443000 0.420667 0.077000 0.204000
0 0.335000 0.534000 0.030000 0.061333
0 0.357500 0.524000 0.019000 0.044000
0 0.341750 0.460667 0.035500 0.068000
0 0.551250 0.428000 0.027500 0.069333
0 0.577750 0.735000 0.032500 0.047333
0 0.615250 0.711000 0.032500 0.040667
0 0.717500 0.804667 0.049000 0.041333
0 0.720000 0.865333 0.054000 0.034667
0 0.728750 0.740000 0.038500 0.040000
0 0.611000 0.126667 0.022000 0.066667
0 0.642000 0.119333 0.023000 0.060000
0 0.675000 0.122000 0.027000 0.057333
0 0.679500 0.342000 0.025000 0.058667
0 0.669500 0.285667 0.020000 0.054000
0 0.665500 0.252333 0.026000 0.048667
0 0.509000 0.330333 0.018000 0.040667
0 0.292000 0.358333 0.027000 0.046000
0 0.309500 0.186667 0.029000 0.069333
0 0.504250 0.056667 0.016500 0.070667
0 0.548000 0.075333 0.019000 0.066667
0 0.536500 0.022333 0.015000 0.044667
0 0.287250 0.176000 0.030500 0.060000