2 0.452857 0.826667 0.028571 0.078095
2 0.465357 0.496667 0.023571 0.042857
2 0.471071 0.434286 0.017857 0.032381
2 0.497500 0.399048 0.016429 0.028571
2 0.477500 0.296667 0.012143 0.021905
2 0.494286 0.320952 0.014286 0.020952
2 0.495714 0.350952 0.012857 0.023810
2 0.585000 0.434762 0.030000 0.021905
2 0.566786 0.331905 0.033571 0.021905
2 0.494643 0.221429 0.010714 0.016190
2 0.511071 0.226667 0.013571 0.017143
2 0.379643 0.191905 0.022143 0.014286
2 0.357143 0.196190 0.020000 0.013333
2 0.347857 0.190952 0.018571 0.014286
2 0.372500 0.182381 0.025000 0.016190
2 0.377143 0.152381 0.018571 0.013333
2 0.162500 0.097619 0.017857 0.010476
2 0.596786 0.121429 0.013571 0.010476
2 0.581786 0.132381 0.007857 0.013333
2 0.579643 0.115238 0.009286 0.009524
2 0.700357 0.115238 0.015000 0.009524
2 0.593571 0.133333 0.005714 0.011429
2 0.568571 0.133810 0.010000 0.012381
0 0.519643 0.143810 0.003571 0.011429
0 0.480357 0.143333 0.003571 0.010476
0 0.491429 0.144286 0.004286 0.008571
0 0.527500 0.143810 0.002143 0.009524
0 0.530357 0.143333 0.003571 0.010476
0 0.525714 0.124762 0.004286 0.009524
0 0.500357 0.120000 0.003571 0.009524
0 0.503571 0.098571 0.002857 0.010476
0 0.453214 0.109524 0.003571 0.009524
0 0.463214 0.109048 0.002143 0.010476
0 0.466786 0.110000 0.003571 0.010476
0 0.517143 0.193333 0.004286 0.009524
0 0.486429 0.149048 0.004286 0.006667
0 0.497143 0.150476 0.002857 0.007619
0 0.436786 0.280952 0.005000 0.011429
0 0.810714 0.706190 0.008571 0.016190
0 0.814643 0.705714 0.007857 0.013333
0 0.366071 0.604286 0.012143 0.016190