2 0.353929 0.503810 0.026429 0.020952
2 0.362500 0.510476 0.026429 0.020952
2 0.371071 0.517143 0.026429 0.024762
2 0.377857 0.527619 0.027143 0.022857
2 0.384643 0.537143 0.027857 0.024762
2 0.394286 0.545714 0.027143 0.024762
2 0.405357 0.554286 0.027857 0.026667
2 0.411071 0.564286 0.025000 0.023810
2 0.423214 0.573333 0.025000 0.024762
2 0.435000 0.584762 0.025714 0.028571
2 0.445000 0.597143 0.027143 0.032381
2 0.491071 0.609048 0.027857 0.031429
2 0.375000 0.478095 0.025714 0.020952
2 0.427857 0.484762 0.025714 0.022857
2 0.450357 0.474762 0.017857 0.023810
2 0.474643 0.460476 0.026429 0.020000
2 0.432143 0.669524 0.022857 0.026667
2 0.563571 0.452857 0.021429 0.016190
2 0.575357 0.449048 0.020714 0.016190
2 0.584643 0.442857 0.020714 0.015238
2 0.592143 0.437619 0.020000 0.016190
2 0.600000 0.432381 0.020000 0.017143
2 0.589643 0.468571 0.022143 0.020952
2 0.616786 0.452857 0.023571 0.018095
2 0.646429 0.410952 0.020000 0.012381
2 0.655357 0.417619 0.017857 0.014286
2 0.705357 0.450476 0.017857 0.015238
2 0.832143 0.870000 0.032857 0.056190
0 0.867143 0.901905 0.005714 0.011429
2 0.976071 0.546667 0.019286 0.022857