2 0.759643 0.940952 0.063571 0.051429
2 0.753929 0.897143 0.062143 0.043810
2 0.933929 0.943333 0.075000 0.056190
2 0.876786 0.796667 0.057857 0.037143
2 0.590714 0.300476 0.024286 0.016190
2 0.586429 0.288095 0.024286 0.014286
2 0.641429 0.257143 0.020000 0.015238
2 0.542143 0.163333 0.007143 0.014286
2 0.540000 0.155714 0.008571 0.012381
2 0.546429 0.148571 0.008571 0.013333
2 0.293929 0.420476 0.032143 0.021905
2 0.305357 0.403810 0.030714 0.019048
2 0.295000 0.321905 0.027143 0.015238
2 0.297857 0.312857 0.024286 0.012381
2 0.328571 0.297619 0.012857 0.021905
2 0.256786 0.298571 0.015000 0.021905
2 0.240000 0.360952 0.035714 0.019048
2 0.315714 0.187619 0.018571 0.013333
2 0.317857 0.181905 0.017143 0.011429
2 0.325357 0.117143 0.006429 0.009524
2 0.305357 0.153810 0.009286 0.016190
2 0.320357 0.173810 0.016429 0.014286
2 0.345357 0.079048 0.006429 0.009524
2 0.352143 0.068571 0.007143 0.007619
2 0.422857 0.115238 0.010000 0.009524
2 0.435000 0.213810 0.007143 0.014286
2 0.437857 0.162381 0.008571 0.012381
2 0.443214 0.132381 0.006429 0.011429
2 0.438214 0.100000 0.006429 0.009524
2 0.446429 0.084762 0.005714 0.009524
2 0.446429 0.074762 0.005714 0.008571
2 0.506429 0.207619 0.010000 0.013333
2 0.498571 0.180000 0.007143 0.013333
2 0.509643 0.171905 0.007857 0.010476
2 0.509643 0.157143 0.007857 0.009524
2 0.505714 0.114286 0.007143 0.013333
2 0.488571 0.069524 0.005714 0.007619
2 0.562500 0.064762 0.006429 0.011429
2 0.555000 0.065238 0.005714 0.008571
2 0.554643 0.056667 0.009286 0.006667
2 0.541429 0.102857 0.007143 0.011429
2 0.488929 0.096190 0.006429 0.015238
2 0.372500 0.030952 0.003571 0.008571
2 0.398929 0.030952 0.003571 0.006667
2 0.404643 0.031429 0.005000 0.007619
2 0.408929 0.030476 0.005000 0.007619
2 0.380357 0.031429 0.005000 0.007619
2 0.525714 0.097143 0.012857 0.007619
2 0.063214 0.763810 0.056429 0.043810
0 0.823929 0.950476 0.012143 0.030476