0 0.735000 0.951429 0.038571 0.097143
2 0.108929 0.720000 0.217857 0.135238
2 0.390000 0.719048 0.240000 0.135238
2 0.887857 0.762381 0.224286 0.160952
2 0.940357 0.414286 0.112143 0.068571
2 0.853214 0.362381 0.087857 0.054286
2 0.540000 0.436190 0.111429 0.066667
2 0.577500 0.349524 0.095000 0.045714
2 0.582500 0.377143 0.109286 0.049524
2 0.572143 0.400476 0.111429 0.063810
2 0.361071 0.125238 0.025000 0.016190
2 0.401786 0.122857 0.017857 0.015238
2 0.445714 0.141905 0.032857 0.019048
2 0.457500 0.149524 0.035000 0.020952
2 0.466429 0.154762 0.031429 0.020000
2 0.386071 0.492381 0.120714 0.081905
2 0.228929 0.485238 0.116429 0.090476