2 0.213987 0.916048 0.123173 0.166048
2 0.540188 0.441558 0.036534 0.055659
2 0.712161 0.670223 0.090292 0.115955
2 0.626827 0.638219 0.093946 0.087199
2 0.744520 0.598330 0.108038 0.079777
2 0.667015 0.565863 0.089770 0.063080
2 0.599165 0.469388 0.052192 0.059369
2 0.669624 0.443414 0.072025 0.050093
2 0.620564 0.418831 0.061587 0.039889
2 0.453810 0.320501 0.017223 0.038033
0 0.770094 0.537570 0.012004 0.058442
0 0.719729 0.547774 0.017745 0.032468
2 0.700678 0.504174 0.084029 0.052876
0 0.630741 0.479128 0.010960 0.052876
0 0.598643 0.483302 0.011482 0.048237
0 0.626044 0.402134 0.010960 0.038033
0 0.616910 0.400278 0.010438 0.038033
0 0.724165 0.432282 0.015136 0.038961
0 0.806106 0.585343 0.015136 0.068646
0 0.790710 0.573284 0.016701 0.057514
0 0.802714 0.598794 0.018789 0.049165
2 0.043841 0.541280 0.080376 0.093692
0 0.590031 0.261596 0.007829 0.022263
2 0.538622 0.188312 0.007307 0.011132
2 0.572547 0.200835 0.020877 0.013915
2 0.570720 0.197124 0.016180 0.013915
2 0.554280 0.192022 0.015658 0.014842
0 0.532359 0.184601 0.002088 0.007421
0 0.519833 0.177180 0.002088 0.007421
2 0.509916 0.182746 0.006263 0.011132
2 0.509656 0.180427 0.006785 0.012059
2 0.517223 0.161874 0.005219 0.010204
2 0.551148 0.160946 0.008351 0.006494
2 0.531054 0.146104 0.003653 0.006494