0 0.076071 0.350254 0.007857 0.015228
0 0.072500 0.354695 0.006429 0.016497
0 0.027857 0.326777 0.007143 0.016497
2 0.015357 0.414340 0.029286 0.026650
2 0.052143 0.448604 0.025714 0.026650
2 0.121429 0.474619 0.028571 0.025381
2 0.382857 0.504442 0.028571 0.024112
2 0.328214 0.505711 0.027857 0.021574
2 0.231071 0.491117 0.026429 0.025381
2 0.194643 0.484137 0.030714 0.026650
0 0.063571 0.875000 0.010000 0.013959
2 0.593214 0.532360 0.027857 0.024112
2 0.549286 0.527919 0.032857 0.027919
2 0.608214 0.501904 0.029286 0.024112
0 0.485357 0.903553 0.007857 0.012690
0 0.526071 0.878173 0.005000 0.010152
2 0.586071 0.975888 0.003571 0.012690
2 0.696786 0.550761 0.023571 0.020305
2 0.972500 0.621827 0.036429 0.030457