2 0.163571 0.296190 0.127143 0.093333
2 0.167143 0.389524 0.154286 0.108571
2 0.112857 0.499524 0.158571 0.124762
2 0.140000 0.827619 0.151429 0.289524
2 0.492500 0.797619 0.092143 0.269524
2 0.520714 0.519048 0.081429 0.220952
2 0.431786 0.394286 0.072143 0.180952
0 0.322857 0.239524 0.021429 0.060000
0 0.643214 0.494762 0.017857 0.065714
2 0.460000 0.218571 0.072857 0.170476
2 0.560357 0.180476 0.062143 0.149524
2 0.715714 0.457619 0.080000 0.195238
2 0.491786 0.060476 0.059286 0.120952
2 0.560357 0.050952 0.056429 0.101905
2 0.732500 0.691905 0.083571 0.225714
2 0.735714 0.911429 0.097143 0.177143
2 0.336071 0.935238 0.110714 0.129524