2 0.232143 0.532381 0.038571 0.026667
2 0.271786 0.460476 0.035000 0.021905
2 0.278214 0.442857 0.036429 0.017143
2 0.285714 0.425714 0.040000 0.022857
2 0.281429 0.407143 0.032857 0.018095
2 0.291786 0.395238 0.030714 0.015238
2 0.320000 0.319524 0.025714 0.018095
2 0.306786 0.274286 0.013571 0.015238
2 0.484286 0.564762 0.018571 0.041905
2 0.560357 0.329048 0.012143 0.020000
2 0.544286 0.286190 0.011429 0.016190
2 0.546786 0.274286 0.019286 0.015238
2 0.553571 0.182857 0.015714 0.011429
2 0.553929 0.179524 0.013571 0.010476
2 0.577500 0.160000 0.013571 0.009524
2 0.575000 0.155714 0.015714 0.008571
2 0.573929 0.153333 0.015000 0.009524
2 0.568571 0.134762 0.012857 0.008571
2 0.566786 0.129524 0.013571 0.009524
2 0.561786 0.119524 0.013571 0.008571
2 0.567500 0.137619 0.012143 0.008571
2 0.584643 0.123333 0.006429 0.008571
2 0.594286 0.142857 0.005714 0.009524
2 0.578929 0.110476 0.006429 0.007619
2 0.540714 0.068095 0.008571 0.006667
2 0.539286 0.063810 0.008571 0.007619
0 0.492143 0.132857 0.002857 0.008571
0 0.505714 0.132857 0.002857 0.010476
2 0.507857 0.155714 0.008571 0.010476
2 0.472500 0.071905 0.003571 0.006667
0 0.472143 0.181429 0.004286 0.008571
2 0.634643 0.599048 0.032143 0.026667
0 0.528929 0.969524 0.007857 0.022857
0 0.528214 0.797619 0.006429 0.016190
0 0.553214 0.301905 0.006429 0.011429
0 0.483929 0.188095 0.005000 0.008571