2 0.532750 0.919667 0.030500 0.088667
2 0.418500 0.671333 0.029000 0.073333
2 0.386250 0.618667 0.028500 0.068000
2 0.501750 0.643333 0.026500 0.069333
2 0.566250 0.682333 0.025500 0.068667
2 0.366750 0.453000 0.027500 0.056667
2 0.561250 0.471000 0.022500 0.052667
2 0.424250 0.381000 0.023500 0.051333
2 0.563750 0.368000 0.021500 0.042667
2 0.570000 0.236667 0.018000 0.034667
2 0.519750 0.223000 0.018500 0.035333
2 0.542500 0.187333 0.016000 0.030667
2 0.565750 0.171000 0.014500 0.028667
2 0.546000 0.115667 0.014000 0.026000
2 0.585250 0.120667 0.014500 0.025333
2 0.566000 0.100333 0.014000 0.024667
2 0.603750 0.096000 0.014500 0.026667
2 0.547250 0.073333 0.013500 0.024000
2 0.563250 0.052333 0.013500 0.026000
2 0.607250 0.058000 0.014500 0.024000
2 0.547000 0.008667 0.013000 0.017333
2 0.566000 0.006667 0.012000 0.013333
2 0.894500 0.966667 0.074000 0.066667
2 0.980500 0.955667 0.039000 0.088667
2 0.977250 0.865333 0.045500 0.085333
2 0.939250 0.864667 0.046500 0.089333
2 0.907000 0.870000 0.049000 0.090667
2 0.740000 0.489667 0.042000 0.038000
2 0.762000 0.428000 0.035000 0.048000
2 0.707750 0.331667 0.044500 0.036667
2 0.707000 0.308333 0.044000 0.032667
2 0.709250 0.289333 0.036500 0.028000
2 0.687250 0.242333 0.016500 0.032667
2 0.743000 0.274000 0.026000 0.028000
2 0.790000 0.268000 0.038000 0.025333
2 0.791250 0.250000 0.037500 0.022667
2 0.840250 0.370000 0.042500 0.028000
2 0.840000 0.393333 0.050000 0.028000
2 0.848750 0.417000 0.042500 0.028667
2 0.890500 0.373667 0.042000 0.027333
2 0.893250 0.394667 0.045500 0.024000
0 0.325750 0.397667 0.008500 0.016667
0 0.267500 0.438000 0.008000 0.018667
0 0.866750 0.472000 0.010500 0.017333
2 0.979500 0.428667 0.041000 0.029333
0 0.917250 0.487667 0.009500 0.019333
0 0.927250 0.479333 0.007500 0.018667
0 0.968250 0.441000 0.008500 0.014000