2 0.597750 0.409667 0.073500 0.115333
2 0.758250 0.118000 0.040500 0.054667
2 0.786250 0.077333 0.032500 0.046667
2 0.803750 0.037000 0.032500 0.047333
2 0.912750 0.118333 0.051500 0.050000
0 0.645500 0.315000 0.019000 0.051333
0 0.748750 0.350667 0.019500 0.044000
0 0.700000 0.369667 0.019000 0.044667
0 0.691750 0.581667 0.019500 0.044667
0 0.650500 0.697667 0.019000 0.044667
0 0.666500 0.691000 0.019000 0.044667
0 0.594000 0.751000 0.021000 0.050000
0 0.614500 0.762000 0.017000 0.038667
0 0.432500 0.508333 0.017000 0.046000
0 0.604500 0.131333 0.011000 0.032000
0 0.790500 0.138667 0.011000 0.032000
0 0.807500 0.120000 0.012000 0.036000
0 0.739750 0.424667 0.014500 0.034667
0 0.731250 0.435333 0.013500 0.020000
0 0.832000 0.036333 0.011000 0.030000
0 0.865750 0.062333 0.013500 0.034000
0 0.856750 0.036333 0.011500 0.027333
0 0.856750 0.038667 0.008500 0.021333
0 0.924250 0.073333 0.016500 0.036000
0 0.889750 0.050667 0.016500 0.032000
0 0.900750 0.026000 0.013500 0.034667
0 0.880000 0.042333 0.013000 0.027333
0 0.570500 0.732667 0.022000 0.042667
0 0.869750 0.326000 0.020500 0.037333