2 0.477857 0.103333 0.050000 0.098095
2 0.526786 0.106190 0.042143 0.086667
2 0.579643 0.104286 0.042143 0.084762
2 0.627857 0.099524 0.040000 0.090476
2 0.408929 0.262857 0.110714 0.068571
2 0.411429 0.320952 0.114286 0.070476
2 0.414643 0.386667 0.137857 0.068571
2 0.412857 0.461429 0.120000 0.075238
2 0.415357 0.549048 0.147857 0.117143
2 0.432857 0.638571 0.131429 0.094286
2 0.413929 0.735238 0.170714 0.108571
2 0.418929 0.842381 0.183571 0.101905
0 0.278214 0.705714 0.027857 0.062857
0 0.561429 0.860000 0.022857 0.070476
0 0.484286 0.250000 0.015714 0.052381
2 0.520714 0.008095 0.085714 0.016190
0 0.662143 0.958571 0.028571 0.048571
0 0.643571 0.935714 0.021429 0.039048
2 0.668214 0.067143 0.040714 0.069524