2 0.194643 0.099524 0.007857 0.008571
2 0.202857 0.069048 0.005714 0.006667
2 0.244643 0.226667 0.015000 0.009524
2 0.312500 0.135714 0.007857 0.010476
2 0.295000 0.035238 0.004286 0.005714
2 0.340357 0.045714 0.003571 0.003810
2 0.332857 0.044762 0.004286 0.003810
0 0.250357 0.905714 0.009286 0.020952
2 0.278214 0.894762 0.032143 0.071429
2 0.385714 0.140952 0.007143 0.009524
0 0.398214 0.134762 0.002143 0.004762
2 0.389286 0.249048 0.011429 0.016190
2 0.477500 0.192857 0.005000 0.006667
0 0.663214 0.416190 0.005000 0.011429
2 0.427143 0.338571 0.015714 0.021905
2 0.447143 0.156667 0.015714 0.008571