2 0.028214 0.144286 0.013571 0.018095
2 0.037857 0.159524 0.012857 0.016190
2 0.161786 0.239524 0.015000 0.018095
2 0.216786 0.307619 0.013571 0.019048
2 0.202143 0.290000 0.010000 0.014286
2 0.228214 0.324286 0.016429 0.020000
2 0.243571 0.342381 0.017143 0.020000
2 0.255714 0.359048 0.015714 0.020952
2 0.250357 0.446190 0.023571 0.029524
2 0.256429 0.425238 0.017143 0.021905
2 0.320000 0.440952 0.017143 0.020952
2 0.338929 0.491905 0.016429 0.021905
2 0.367857 0.501429 0.021429 0.021905
2 0.325714 0.548571 0.020000 0.024762
2 0.386071 0.523333 0.019286 0.023810
2 0.445714 0.600952 0.021429 0.026667
2 0.466786 0.629524 0.020714 0.026667
2 0.454286 0.721905 0.022857 0.030476
2 0.531786 0.742381 0.020714 0.031429
2 0.591071 0.622857 0.022143 0.028571
2 0.602857 0.610000 0.024286 0.027619
2 0.610357 0.593333 0.023571 0.026667
2 0.620357 0.583333 0.016429 0.020000
2 0.662500 0.577619 0.016429 0.029524
2 0.886071 0.028571 0.010714 0.017143
2 0.873214 0.018571 0.009286 0.016190
2 0.893929 0.035238 0.009286 0.013333
2 0.952143 0.175238 0.010000 0.019048
2 0.800357 0.120476 0.010714 0.016190
2 0.810000 0.120952 0.008571 0.015238
2 0.921071 0.269048 0.010714 0.018095
2 0.727857 0.392381 0.014286 0.022857
2 0.981786 0.359048 0.015000 0.020952
2 0.656429 0.450476 0.017143 0.024762
2 0.668571 0.458571 0.017143 0.023810
2 0.877143 0.513810 0.015714 0.025714
2 0.856786 0.601905 0.015000 0.028571
2 0.799643 0.882381 0.019286 0.042857
2 0.786429 0.944286 0.020000 0.046667
0 0.883929 0.360000 0.005000 0.011429
0 0.892143 0.362381 0.005714 0.010476
0 0.867500 0.445238 0.006429 0.010476
0 0.569643 0.969524 0.003571 0.009524
0 0.565000 0.969524 0.004286 0.005714
2 0.058929 0.650952 0.022143 0.031429
2 0.156786 0.832381 0.023571 0.038095
2 0.132857 0.787143 0.020000 0.031429