2 0.558571 0.628807 0.021429 0.092640
2 0.637857 0.678299 0.027143 0.097716
2 0.633929 0.554569 0.025000 0.083756
2 0.630714 0.452411 0.024286 0.085025
2 0.641071 0.814721 0.026429 0.111675
2 0.651786 0.940990 0.029286 0.112944
2 0.620000 0.264594 0.024286 0.077411
2 0.617500 0.176396 0.019286 0.071066
2 0.367500 0.448604 0.053571 0.054569
2 0.363929 0.387690 0.053571 0.046954
2 0.371429 0.286168 0.050000 0.039340
2 0.374286 0.244289 0.048571 0.036802
2 0.381429 0.201777 0.048571 0.040609
2 0.379286 0.159264 0.042857 0.036802
2 0.390714 0.074873 0.044286 0.050761
2 0.271786 0.728426 0.056429 0.068528
2 0.258571 0.840736 0.052857 0.044416
2 0.267143 0.637056 0.060000 0.043147
2 0.266429 0.579949 0.045714 0.045685
2 0.279643 0.498096 0.055000 0.041878
2 0.282143 0.452411 0.051429 0.039340
2 0.293929 0.361041 0.053571 0.041878
2 0.297500 0.321066 0.045000 0.035533
2 0.305714 0.281726 0.052857 0.035533
2 0.305357 0.247462 0.052143 0.035533
2 0.306071 0.204949 0.053571 0.039340
2 0.312857 0.172589 0.048571 0.030457
2 0.322857 0.126269 0.048571 0.034264
2 0.321786 0.089467 0.049286 0.041878
2 0.201429 0.355964 0.030000 0.077411
2 0.239643 0.976523 0.069286 0.044416
2 0.270714 0.050127 0.020000 0.064721
0 0.283214 0.085025 0.009286 0.030457
0 0.222143 0.191624 0.014286 0.032995
0 0.128929 0.915609 0.015000 0.029188
2 0.393571 0.017132 0.045714 0.034264
0 0.612500 0.652919 0.010714 0.031726
0 0.410357 0.194162 0.009286 0.027919
0 0.190000 0.423223 0.010000 0.019036