2 0.322143 0.480000 0.072857 0.080000
2 0.105000 0.434286 0.032857 0.076190
2 0.286429 0.431905 0.077143 0.069524
2 0.255714 0.405714 0.071429 0.074286
2 0.244286 0.365714 0.072857 0.062857
2 0.266071 0.268095 0.070714 0.067619
0 0.245000 0.249048 0.017143 0.029524
2 0.217857 0.216190 0.067143 0.055238
0 0.100357 0.122381 0.010714 0.018095
2 0.225357 0.057619 0.029286 0.050476
0 0.156071 0.038095 0.012143 0.028571
0 0.155714 0.026190 0.014286 0.018095
0 0.025714 0.379048 0.021429 0.028571
2 0.013214 0.098571 0.026429 0.037143
2 0.031786 0.055714 0.049286 0.039048
0 0.511786 0.416190 0.012143 0.028571
2 0.740000 0.383333 0.062857 0.067619
2 0.858929 0.269524 0.059286 0.057143
2 0.912500 0.226667 0.055000 0.057143
0 0.858214 0.138095 0.010714 0.015238
0 0.869643 0.130000 0.010714 0.021905