2 0.300000 0.904822 0.035714 0.096447
2 0.310357 0.505076 0.025000 0.045685
2 0.346786 0.533629 0.022143 0.041878
2 0.081786 0.691624 0.029286 0.063452
2 0.422500 0.445431 0.020714 0.043147
2 0.309643 0.322335 0.016429 0.027919
2 0.258929 0.434645 0.015000 0.039340
2 0.152500 0.292513 0.017857 0.029188
2 0.177143 0.238579 0.017143 0.025381
2 0.246071 0.139594 0.013571 0.020305
2 0.331071 0.213198 0.013571 0.025381
2 0.374643 0.297589 0.015000 0.034264
2 0.381429 0.219543 0.014286 0.032995
2 0.328929 0.164975 0.010714 0.022843
2 0.189286 0.109137 0.010000 0.017766
2 0.353214 0.071701 0.007857 0.016497
2 0.328929 0.112944 0.007857 0.017766
2 0.338214 0.057741 0.007857 0.016497
2 0.306429 0.064086 0.007143 0.013959
2 0.115714 0.435914 0.020000 0.039340
2 0.008929 0.487310 0.017857 0.035533
2 0.283571 0.036168 0.008571 0.013959
2 0.315357 0.050761 0.009286 0.012690
2 0.326429 0.040609 0.008571 0.017766
2 0.280714 0.013959 0.008571 0.012690
2 0.897143 0.392766 0.025714 0.029188
2 0.022857 0.159898 0.017143 0.015228
2 0.039286 0.149746 0.012857 0.015228
2 0.045357 0.145305 0.019286 0.019036
2 0.049643 0.134518 0.017857 0.017766