2 0.451071 0.868020 0.090714 0.071066
2 0.497857 0.958756 0.098571 0.079949
2 0.610357 0.489213 0.029286 0.085025
2 0.593571 0.307107 0.022857 0.063452
2 0.582500 0.154822 0.020714 0.050761
2 0.562500 0.156726 0.017857 0.044416
2 0.688214 0.390863 0.056429 0.048223
2 0.686071 0.350888 0.059286 0.046954
2 0.677500 0.300127 0.049286 0.044416
2 0.672857 0.245558 0.048571 0.029188
2 0.666786 0.223985 0.045000 0.031726
2 0.716786 0.055838 0.037857 0.035533
2 0.715714 0.036168 0.041429 0.029188
2 0.709643 0.018401 0.046429 0.036802
2 0.638214 0.055838 0.042143 0.032995
2 0.637143 0.031091 0.044286 0.036802
2 0.633214 0.012690 0.040714 0.025381
2 0.593929 0.051396 0.042143 0.026650
2 0.594286 0.035533 0.037143 0.027919
2 0.595357 0.015228 0.040714 0.025381
2 0.598571 0.071066 0.040000 0.040609
2 0.640714 0.071701 0.041429 0.039340
2 0.724286 0.078046 0.034286 0.034264
2 0.665000 0.180838 0.045714 0.039340
2 0.693214 0.449873 0.043571 0.039340
2 0.448214 0.473985 0.046429 0.044416
2 0.442857 0.435279 0.052857 0.045685
2 0.443929 0.404822 0.052143 0.040609
2 0.446071 0.369289 0.046429 0.045685
2 0.447143 0.338198 0.044286 0.034264
2 0.446786 0.305838 0.046429 0.043147
2 0.445714 0.275381 0.045714 0.038071
2 0.446786 0.241117 0.045000 0.043147
2 0.432143 0.188452 0.020000 0.054569
2 0.397143 0.394670 0.038571 0.055838
2 0.400714 0.324873 0.037143 0.043147
2 0.392143 0.448604 0.047143 0.062183
2 0.543214 0.204315 0.020714 0.063452
2 0.357143 0.066624 0.037143 0.036802
2 0.398929 0.062183 0.046429 0.043147
2 0.478929 0.017766 0.039286 0.030457
2 0.361786 0.026015 0.040714 0.034264
2 0.403214 0.014594 0.039286 0.029188
2 0.361429 0.179569 0.024286 0.052030
2 0.415357 0.147843 0.022143 0.046954
2 0.390000 0.144036 0.024286 0.062183
2 0.499286 0.191624 0.022857 0.073604
2 0.477500 0.194162 0.023571 0.068528
2 0.455357 0.187183 0.019286 0.064721
2 0.476429 0.064086 0.040000 0.034264
2 0.478214 0.142766 0.017857 0.046954
2 0.502143 0.143401 0.018571 0.045685
2 0.577500 0.494924 0.025000 0.068528
0 0.953214 0.555203 0.012143 0.046954
0 0.961786 0.558376 0.015000 0.038071
0 0.370000 0.134518 0.007143 0.027919