2 0.461071 0.454949 0.022143 0.064721
2 0.465357 0.375635 0.020714 0.055838
2 0.498929 0.064721 0.012143 0.035533
2 0.499286 0.022843 0.014286 0.027919
2 0.519286 0.154822 0.014286 0.030457
2 0.515714 0.114848 0.012857 0.039340
2 0.530357 0.791244 0.030714 0.110406
2 0.529286 0.923223 0.035714 0.133249
2 0.520000 0.310279 0.018571 0.049492
2 0.521071 0.362944 0.020714 0.043147
2 0.523214 0.418147 0.019286 0.052030
2 0.523929 0.491751 0.020714 0.059645
2 0.471786 0.204949 0.016429 0.039340
2 0.476071 0.118020 0.015000 0.032995
2 0.515357 0.062817 0.013571 0.024112
2 0.516071 0.086929 0.015000 0.029188
2 0.515000 0.019670 0.012857 0.034264
0 0.435714 0.572335 0.011429 0.030457
0 0.813929 0.239213 0.009286 0.029188
0 0.839643 0.855330 0.015000 0.040609
0 0.986429 0.687817 0.017143 0.032995
0 0.909643 0.647843 0.013571 0.036802
0 0.919286 0.619924 0.011429 0.036802
0 0.925714 0.613579 0.012857 0.036802
0 0.693929 0.644670 0.012143 0.043147
0 0.656429 0.678299 0.014286 0.013959
0 0.750714 0.208122 0.007143 0.017766
0 0.740357 0.216371 0.006429 0.019036
0 0.725714 0.212563 0.005714 0.024112
0 0.737500 0.210660 0.003571 0.017766
0 0.744643 0.211929 0.005000 0.015228
0 0.743929 0.208122 0.003571 0.017766
0 0.730714 0.211294 0.007143 0.024112
0 0.722143 0.206853 0.005714 0.017766
0 0.726786 0.202411 0.005000 0.026650
0 0.758571 0.152284 0.005714 0.020305
0 0.857500 0.157360 0.006429 0.020305