2 0.208214 0.029822 0.009286 0.016497
2 0.218571 0.013325 0.007143 0.013959
2 0.252500 0.012690 0.006429 0.012690
2 0.246071 0.061548 0.009286 0.016497
2 0.257143 0.059010 0.007143 0.013959
2 0.272143 0.024112 0.007143 0.015228
2 0.267500 0.093909 0.007857 0.015228
2 0.255714 0.125000 0.008571 0.016497
2 0.240357 0.133249 0.009286 0.015228
2 0.266786 0.227157 0.012143 0.022843
2 0.255000 0.310914 0.011429 0.025381
2 0.315714 0.330584 0.020000 0.024112
2 0.325357 0.420685 0.015000 0.029188
2 0.363571 0.321701 0.027143 0.021574
2 0.415000 0.310914 0.012857 0.020305
2 0.426071 0.286802 0.013571 0.022843
2 0.435000 0.263325 0.014286 0.019036
2 0.446429 0.242386 0.014286 0.020305
2 0.484286 0.220178 0.018571 0.019036
2 0.512143 0.215102 0.022857 0.016497
2 0.436786 0.183376 0.010714 0.024112
2 0.436071 0.163706 0.009286 0.022843
2 0.476429 0.128807 0.015714 0.016497
2 0.443214 0.201142 0.013571 0.024112
2 0.483571 0.197335 0.020000 0.019036
2 0.445357 0.135787 0.012143 0.020305
2 0.552143 0.180838 0.014286 0.016497
2 0.491786 0.319797 0.013571 0.030457
2 0.448571 0.325508 0.014286 0.031726
2 0.478929 0.387690 0.015000 0.026650
2 0.508929 0.380076 0.016429 0.026650
2 0.463214 0.325508 0.013571 0.031726
2 0.547857 0.314721 0.015714 0.030457
2 0.589286 0.307741 0.015714 0.031726
2 0.547857 0.362310 0.015714 0.029188
2 0.622500 0.349619 0.017857 0.031726
2 0.638214 0.346447 0.016429 0.027919
2 0.625714 0.286802 0.021429 0.020305
2 0.620000 0.274746 0.021429 0.016497
2 0.617857 0.262056 0.021429 0.016497
2 0.608929 0.255711 0.022143 0.016497
2 0.601429 0.237944 0.021429 0.016497
2 0.593929 0.226523 0.022143 0.016497
2 0.587500 0.216371 0.022143 0.016497
2 0.583571 0.208756 0.021429 0.016497
2 0.575714 0.183376 0.021429 0.016497
2 0.574643 0.178299 0.022143 0.016497
2 0.570714 0.169416 0.021429 0.016497
2 0.571429 0.160533 0.021429 0.016497
2 0.575000 0.154188 0.021429 0.016497
2 0.567500 0.129442 0.020714 0.012690
2 0.547500 0.109772 0.019286 0.011421
2 0.543929 0.105964 0.019286 0.013959
2 0.541786 0.098350 0.019286 0.013959
2 0.538929 0.093274 0.019286 0.013959
2 0.536071 0.089467 0.019286 0.013959
2 0.531071 0.080584 0.019286 0.013959
2 0.530357 0.074239 0.019286 0.013959
2 0.575357 0.098350 0.012143 0.019036
2 0.571786 0.074873 0.015000 0.012690
2 0.541786 0.062817 0.010714 0.016497
2 0.550000 0.052030 0.010000 0.017766
2 0.593929 0.104061 0.019286 0.012690
2 0.600357 0.109137 0.017857 0.015228
2 0.605000 0.116751 0.018571 0.015228
2 0.624286 0.139594 0.021429 0.015228
2 0.687143 0.290609 0.018571 0.017766
2 0.675357 0.278553 0.020714 0.021574
2 0.668214 0.265228 0.019286 0.022843
2 0.660000 0.256345 0.018571 0.020305
2 0.651071 0.236041 0.017857 0.020305
2 0.642857 0.227157 0.020000 0.017766
2 0.638214 0.216371 0.019286 0.019036
2 0.632143 0.203046 0.021429 0.020305
2 0.631429 0.157360 0.018571 0.017766
2 0.639643 0.163071 0.022143 0.019036
2 0.665714 0.215102 0.015714 0.024112
2 0.660000 0.243655 0.017143 0.020305
2 0.735357 0.392766 0.020714 0.031726
2 0.813929 0.519036 0.026429 0.032995
2 0.830000 0.568528 0.031429 0.043147
2 0.898929 0.684645 0.035000 0.057107
2 0.924643 0.655457 0.045000 0.031726
2 0.906429 0.813452 0.040000 0.053299
2 0.872143 0.794416 0.042857 0.043147
2 0.870000 0.762690 0.042857 0.043147
2 0.840357 0.699873 0.042143 0.046954
2 0.825714 0.674492 0.035714 0.036802
2 0.811071 0.647843 0.033571 0.036802
2 0.795714 0.623731 0.034286 0.036802
2 0.774643 0.575508 0.033571 0.034264
2 0.765000 0.555203 0.032857 0.031726
2 0.988214 0.776650 0.023571 0.045685
2 0.752500 0.430838 0.023571 0.031726
2 0.724286 0.473350 0.031429 0.022843
2 0.714643 0.458122 0.032143 0.027919
2 0.707500 0.442893 0.030714 0.025381
2 0.693571 0.419416 0.031429 0.024112
2 0.682143 0.403553 0.030000 0.022843
2 0.675357 0.392132 0.030714 0.027919
2 0.670714 0.375635 0.024286 0.022843
0 0.705000 0.392132 0.004286 0.020305
0 0.708929 0.390228 0.005000 0.019036
0 0.847500 0.451142 0.006429 0.019036
0 0.808929 0.439721 0.005000 0.026650
0 0.476786 0.340102 0.005000 0.017766
0 0.468214 0.340102 0.005000 0.020305
0 0.391786 0.340102 0.005000 0.020305
0 0.512500 0.522208 0.006429 0.021574
0 0.358571 0.341371 0.004286 0.022843
0 0.300357 0.313452 0.006429 0.015228
0 0.360357 0.680203 0.007857 0.020305
0 0.360000 0.672589 0.010000 0.020305
0 0.331429 0.691624 0.005714 0.027919
2 0.304643 0.703680 0.017857 0.057107
2 0.302143 0.504442 0.015714 0.039340
2 0.297857 0.560914 0.011429 0.038071
2 0.232500 0.854695 0.022143 0.067259
2 0.138929 0.942259 0.026429 0.077411
2 0.306786 0.890228 0.017857 0.069797
0 0.352500 0.838832 0.007857 0.025381
0 0.349643 0.842640 0.006429 0.022843