2 0.487500 0.844667 0.054000 0.124000
2 0.464750 0.522667 0.032500 0.061333
2 0.531250 0.462000 0.033500 0.050667
2 0.469250 0.296333 0.027500 0.031333
0 0.666000 0.231333 0.008000 0.018667
0 0.487500 0.223333 0.007000 0.012000
0 0.571500 0.084000 0.005000 0.006667
2 0.561250 0.105333 0.014500 0.018667
2 0.620250 0.006000 0.015500 0.009333
2 0.596500 0.004667 0.020000 0.008000
0 0.451000 0.162667 0.005000 0.010667
2 0.471000 0.140333 0.011000 0.018000
2 0.477250 0.128667 0.014500 0.020000
2 0.502000 0.135000 0.014000 0.024667
2 0.510750 0.115333 0.013500 0.020000
2 0.491750 0.115333 0.013500 0.017333
2 0.503750 0.088667 0.010500 0.017333
2 0.513250 0.062333 0.011500 0.015333
2 0.524000 0.074000 0.012000 0.013333
2 0.529750 0.053333 0.010500 0.014667
2 0.535000 0.038333 0.009000 0.014000
0 0.237000 0.201333 0.007000 0.016000
2 0.030250 0.432667 0.060500 0.050667
2 0.017250 0.182000 0.034500 0.028000