2 0.814196 0.692022 0.093946 0.064935
0 0.640658 0.752783 0.016180 0.038033
0 0.642745 0.766234 0.012004 0.033395
0 0.656837 0.454545 0.007829 0.033395
2 0.649791 0.425788 0.028184 0.038961
0 0.504958 0.500000 0.010960 0.031540
2 0.406576 0.405844 0.042797 0.032468
0 0.383873 0.381725 0.008873 0.013915
2 0.644833 0.286178 0.030793 0.019481
2 0.598121 0.264842 0.014614 0.023191
2 0.485125 0.282931 0.028706 0.020408
0 0.415710 0.301484 0.005741 0.018553
2 0.500783 0.226809 0.026618 0.017625
2 0.499739 0.256957 0.027662 0.014842
2 0.496608 0.265770 0.028706 0.017625
2 0.493476 0.272727 0.027662 0.020408
0 0.542276 0.282931 0.005219 0.016698
0 0.535752 0.283859 0.003653 0.022263
0 0.533403 0.281076 0.004175 0.018553
0 0.536013 0.197124 0.003132 0.006494
0 0.544102 0.190631 0.003653 0.008349
2 0.568633 0.156308 0.006785 0.010204
2 0.611691 0.169295 0.016701 0.015770
0 0.570720 0.148887 0.001566 0.006494
0 0.568111 0.147032 0.002610 0.006494
0 0.569154 0.135900 0.001566 0.004638
0 0.555585 0.123840 0.001566 0.004638
0 0.557672 0.119666 0.001566 0.003711