0 0.188750 0.799000 0.012500 0.012667
0 0.195500 0.786333 0.013000 0.014000
0 0.194750 0.777000 0.010500 0.010000
0 0.179000 0.792333 0.009000 0.011333
0 0.185000 0.779667 0.009000 0.011333
0 0.070000 0.668333 0.019000 0.018000
0 0.094000 0.679000 0.015000 0.012667
0 0.102250 0.654333 0.013500 0.022000
0 0.113750 0.652000 0.008500 0.014667
0 0.123500 0.624667 0.012000 0.014667
0 0.115250 0.598333 0.013500 0.022000
0 0.111000 0.636667 0.019000 0.018667
0 0.101000 0.632333 0.013000 0.018000
0 0.094000 0.629333 0.012000 0.017333
0 0.072000 0.640333 0.015000 0.023333
0 0.065250 0.643333 0.014500 0.024000
0 0.072000 0.632000 0.011000 0.024000
0 0.143000 0.578667 0.017000 0.018667
0 0.197000 0.587667 0.012000 0.019333
0 0.171500 0.564000 0.011000 0.012000
0 0.202250 0.558000 0.012500 0.017333
0 0.201000 0.548333 0.007000 0.018000
0 0.192250 0.547333 0.011500 0.018667
0 0.231500 0.547667 0.011000 0.019333
0 0.242500 0.551667 0.010000 0.018000
0 0.248500 0.547000 0.006000 0.014000
0 0.268500 0.543000 0.012000 0.016667
0 0.275250 0.550333 0.010500 0.014000
0 0.286250 0.554667 0.010500 0.016000
0 0.303250 0.521667 0.010500 0.019333
2 0.310750 0.454333 0.043500 0.046000
0 0.339500 0.483667 0.010000 0.022000
0 0.343500 0.440333 0.009000 0.022000
0 0.339500 0.410000 0.010000 0.018667
0 0.356250 0.423000 0.008500 0.018000
0 0.350500 0.418333 0.007000 0.018000
0 0.382250 0.394667 0.006500 0.018667
0 0.391750 0.387333 0.006500 0.018667
0 0.364750 0.381667 0.008500 0.019333
2 0.326750 0.197667 0.026500 0.032667
2 0.302250 0.177333 0.036500 0.024000
0 0.260500 0.168667 0.006000 0.012000
2 0.244000 0.099667 0.016000 0.022000
0 0.223000 0.099000 0.010000 0.016667
2 0.215250 0.072333 0.020500 0.023333
0 0.505500 0.206000 0.006000 0.018667
0 0.508750 0.258667 0.006500 0.016000
2 0.487000 0.935667 0.012000 0.035333
2 0.436500 0.888333 0.043000 0.104667
2 0.541250 0.851667 0.039500 0.095333
2 0.485500 0.674667 0.033000 0.073333
2 0.552500 0.589333 0.026000 0.065333
2 0.519000 0.539333 0.030000 0.057333
0 0.508250 0.502667 0.008500 0.020000
0 0.509750 0.500333 0.004500 0.010000
0 0.523000 0.451333 0.006000 0.017333
2 0.548000 0.459000 0.026000 0.055333
2 0.552500 0.374333 0.038000 0.039333
2 0.612000 0.386333 0.026000 0.047333
2 0.566500 0.328000 0.023000 0.042667
2 0.619250 0.344000 0.021500 0.036000
0 0.549500 0.344667 0.006000 0.017333
0 0.565500 0.267667 0.006000 0.016667
0 0.599000 0.276667 0.006000 0.016000
0 0.567500 0.278333 0.006000 0.016667
0 0.574250 0.283000 0.006500 0.018000
0 0.578750 0.276667 0.005500 0.014667
2 0.597500 0.281000 0.016000 0.015333
0 0.614750 0.236000 0.007500 0.013333
2 0.581250 0.251333 0.029500 0.030667
2 0.587500 0.233333 0.029000 0.030667
2 0.599500 0.208667 0.019000 0.036000
2 0.604750 0.177667 0.018500 0.027333
2 0.627000 0.161667 0.015000 0.030000
0 0.636750 0.238000 0.006500 0.017333
0 0.644250 0.225000 0.005500 0.014000
0 0.646000 0.215333 0.009000 0.018667
0 0.645250 0.211333 0.005500 0.016000
0 0.664250 0.200667 0.004500 0.017333
0 0.603250 0.137333 0.006500 0.017333
0 0.656250 0.067000 0.065500 0.134000
2 0.717250 0.040667 0.013500 0.025333
2 0.708500 0.657667 0.035000 0.046000