2 0.172857 0.407360 0.022857 0.030457
2 0.232143 0.181472 0.010000 0.015228
2 0.273929 0.210025 0.010714 0.019036
2 0.287857 0.164340 0.007143 0.013959
2 0.247500 0.152919 0.007857 0.011421
2 0.317143 0.145939 0.007143 0.015228
2 0.293214 0.142766 0.006429 0.013959
2 0.308571 0.128173 0.007143 0.010152
2 0.301429 0.120558 0.005714 0.010152
2 0.257500 0.135787 0.007857 0.012690
2 0.262500 0.125000 0.006429 0.011421
2 0.311786 0.112944 0.005000 0.012690
2 0.322857 0.106599 0.005714 0.012690
2 0.324286 0.090736 0.005714 0.008883
2 0.319286 0.079315 0.004286 0.008883
2 0.307857 0.089467 0.004286 0.008883
2 0.299286 0.081218 0.005714 0.010152
2 0.315357 0.065355 0.005000 0.008883
2 0.298571 0.069162 0.004286 0.008883
2 0.289643 0.068528 0.003571 0.007614
2 0.302500 0.074873 0.005000 0.010152
2 0.307143 0.061548 0.004286 0.008883
2 0.792500 0.935914 0.059286 0.069797
2 0.652143 0.735406 0.027143 0.059645
2 0.635714 0.690355 0.025714 0.053299
2 0.623214 0.645305 0.042143 0.039340
2 0.602500 0.613579 0.023571 0.046954
2 0.573929 0.593909 0.026429 0.045685
2 0.588571 0.583122 0.021429 0.044416
2 0.543214 0.493655 0.017857 0.035533
2 0.533214 0.472081 0.016429 0.035533
2 0.523571 0.454315 0.017143 0.030457
2 0.514286 0.435279 0.017143 0.032995
2 0.439643 0.363579 0.013571 0.021574
2 0.478571 0.365482 0.011429 0.020305
2 0.469643 0.350254 0.015000 0.022843
2 0.468214 0.336929 0.010714 0.021574
2 0.382857 0.254442 0.010000 0.019036
2 0.385357 0.232868 0.007857 0.013959
2 0.400714 0.305203 0.012857 0.024112
0 0.546071 0.447335 0.006429 0.021574
0 0.442857 0.238579 0.004286 0.012690
0 0.467143 0.289975 0.002857 0.016497
0 0.468929 0.289340 0.003571 0.015228
0 0.410357 0.189086 0.003571 0.012690
2 0.453214 0.307107 0.012143 0.022843
2 0.437857 0.298858 0.011429 0.021574
2 0.446429 0.298223 0.008571 0.017766
2 0.442857 0.287437 0.010000 0.016497
2 0.436429 0.278553 0.010000 0.019036
2 0.430357 0.264594 0.009286 0.019036
2 0.366071 0.177030 0.006429 0.011421
2 0.365000 0.145939 0.007143 0.015228
0 0.011071 0.461929 0.005000 0.020305
0 0.006071 0.463198 0.003571 0.020305
0 0.080714 0.339467 0.005714 0.016497
0 0.093929 0.360406 0.003571 0.015228
0 0.097500 0.361041 0.003571 0.016497
0 0.098929 0.343909 0.005000 0.017766
0 0.085357 0.333756 0.006429 0.017766
0 0.088571 0.328046 0.005714 0.016497
0 0.105357 0.346447 0.003571 0.012690
0 0.116429 0.317259 0.004286 0.017766
0 0.118571 0.336929 0.004286 0.016497
0 0.147143 0.263325 0.004286 0.013959
0 0.158929 0.252538 0.003571 0.010152
0 0.215714 0.161168 0.002857 0.010152
0 0.205000 0.175127 0.002857 0.010152
0 0.193571 0.181472 0.002857 0.010152
0 0.200000 0.174492 0.002857 0.008883
0 0.173571 0.231599 0.004286 0.011421