0 0.213205 0.438776 0.018267 0.074212
0 0.405532 0.593228 0.020877 0.069573
0 0.426148 0.597403 0.020355 0.068646
0 0.422495 0.646104 0.023486 0.062152
0 0.434760 0.560761 0.020877 0.054731
0 0.517484 0.474490 0.018267 0.056586
0 0.515136 0.814471 0.024008 0.072356
0 0.686326 0.956865 0.030271 0.067718
0 0.750000 0.922542 0.030271 0.049165
0 0.757046 0.857607 0.023486 0.056586
0 0.593685 0.474026 0.016180 0.040816
0 0.593424 0.462430 0.015658 0.051020
0 0.493476 0.193414 0.012004 0.038033
0 0.490084 0.103896 0.009395 0.025974
0 0.487474 0.096939 0.012526 0.036178