2 0.051786 0.358503 0.020714 0.024112
2 0.008214 0.188452 0.016429 0.026650
2 0.017143 0.199239 0.025714 0.022843
2 0.030714 0.209391 0.024286 0.025381
0 0.226071 0.809010 0.006429 0.019036
0 0.948214 0.899746 0.009286 0.022843
0 0.975000 0.702411 0.007143 0.013959
0 0.983214 0.690990 0.005000 0.013959
0 0.806786 0.440355 0.006429 0.017766
2 0.741786 0.518401 0.032143 0.029188
2 0.640357 0.456853 0.030714 0.032995
2 0.632500 0.474619 0.027857 0.030457
0 0.513571 0.554569 0.005714 0.017766
0 0.521429 0.548858 0.004286 0.016497
0 0.595714 0.159898 0.002857 0.015228
0 0.598929 0.157995 0.002143 0.016497
0 0.560714 0.281726 0.002857 0.015228
0 0.508571 0.077411 0.002857 0.015228
0 0.505714 0.089467 0.002857 0.011421
0 0.493571 0.119924 0.002857 0.011421
0 0.486786 0.121827 0.003571 0.015228
0 0.482143 0.131345 0.004286 0.011421
0 0.473571 0.124365 0.002857 0.012690
0 0.458571 0.147208 0.002857 0.010152
0 0.449643 0.176396 0.003571 0.012690
0 0.426429 0.187183 0.002857 0.016497
0 0.401071 0.218909 0.002143 0.013959
0 0.396071 0.236041 0.003571 0.017766
0 0.387857 0.251904 0.004286 0.016497
0 0.390000 0.253173 0.004286 0.013959
0 0.375714 0.269036 0.004286 0.015228
0 0.377857 0.270305 0.002857 0.012690
0 0.363571 0.281091 0.004286 0.013959
0 0.360000 0.281726 0.002857 0.015228
2 0.570714 0.777919 0.035714 0.043147