2 0.224000 0.852667 0.041000 0.100000
2 0.159500 0.589333 0.058000 0.045333
2 0.150500 0.557000 0.074000 0.050000
2 0.131500 0.528000 0.081000 0.074667
2 0.126750 0.479000 0.056500 0.039333
2 0.132750 0.458667 0.051500 0.034667
2 0.287250 0.418333 0.041500 0.024667
2 0.489750 0.547000 0.047500 0.059333
2 0.520500 0.526667 0.042000 0.052000
2 0.538000 0.490333 0.038000 0.047333
2 0.591500 0.474333 0.042000 0.051333
2 0.540750 0.596667 0.046500 0.044000
2 0.570500 0.584667 0.045000 0.054667
2 0.657500 0.501333 0.060000 0.057333
2 0.717250 0.421667 0.037500 0.038000
2 0.797750 0.462000 0.062500 0.033333
2 0.450500 0.408667 0.023000 0.042667
0 0.716000 0.921000 0.022000 0.032667
0 0.186000 0.974667 0.022000 0.032000