2 0.255750 0.971333 0.162500 0.057333
2 0.373750 0.778000 0.119500 0.116000
2 0.379250 0.627000 0.118500 0.090000
2 0.352750 0.127333 0.064500 0.044000
2 0.349750 0.031667 0.055500 0.035333
2 0.489750 0.070000 0.025500 0.037333
0 0.689250 0.437333 0.016500 0.038667
0 0.709750 0.464000 0.015500 0.036000
2 0.584250 0.324000 0.076500 0.057333
2 0.553000 0.126667 0.061000 0.040000
2 0.550000 0.105000 0.056000 0.030000
0 0.517000 0.111333 0.007000 0.028000
2 0.542000 0.062000 0.049000 0.030667
2 0.530000 0.045333 0.050000 0.033333
2 0.533000 0.025333 0.052000 0.032000
2 0.858500 0.341333 0.045000 0.072000
2 0.816000 0.217333 0.066000 0.046667
2 0.755000 0.111000 0.061000 0.047333
2 0.730750 0.094333 0.044500 0.034000
2 0.983000 0.520333 0.034000 0.100667
2 0.369000 0.111000 0.065000 0.036667