2 0.352500 0.232381 0.013571 0.040000
0 0.357500 0.266667 0.006429 0.007619
0 0.479643 0.145238 0.003571 0.008571
2 0.539286 0.015714 0.031429 0.020000
2 0.540000 0.037143 0.028571 0.019048
2 0.538571 0.183810 0.031429 0.019048
0 0.508929 0.111905 0.003571 0.010476
2 0.539286 0.096190 0.027143 0.019048
0 0.650000 0.073810 0.004286 0.010476
2 0.616786 0.094286 0.025000 0.019048
2 0.616071 0.115238 0.030714 0.020952
2 0.617500 0.137619 0.030714 0.020000
2 0.617500 0.159048 0.029286 0.019048
0 0.678214 0.199048 0.005000 0.009524
0 0.672143 0.244762 0.004286 0.007619
2 0.616429 0.329524 0.030000 0.019048
2 0.617500 0.367619 0.029286 0.019048
2 0.620714 0.480000 0.028571 0.015238
2 0.628571 0.914286 0.028571 0.022857
2 0.629643 0.841905 0.030714 0.020952
0 0.601071 0.820000 0.003571 0.007619
0 0.595714 0.820000 0.004286 0.009524
2 0.500714 0.680476 0.031429 0.016190
2 0.543929 0.368095 0.030714 0.018095
2 0.871071 0.037619 0.029286 0.020000
2 0.943929 0.036667 0.029286 0.021905
2 0.925000 0.528571 0.025714 0.030476
2 0.907857 0.648095 0.028571 0.033333