2 0.441786 0.415238 0.010714 0.015238
2 0.502143 0.523810 0.022857 0.022857
2 0.493929 0.485714 0.019286 0.022857
2 0.539643 0.403333 0.012143 0.012381
2 0.480714 0.426190 0.012857 0.014286
2 0.485714 0.443333 0.012857 0.014286
2 0.487500 0.456190 0.016429 0.019048
2 0.495000 0.467143 0.020000 0.020000
2 0.576786 0.455714 0.023571 0.018095
2 0.585714 0.465238 0.028571 0.016190
2 0.605357 0.470000 0.023571 0.018095
2 0.631071 0.472857 0.022143 0.018095
2 0.651071 0.470952 0.016429 0.018095
2 0.656429 0.513333 0.040000 0.024762
2 0.697857 0.504762 0.048571 0.022857
2 0.682143 0.474286 0.022857 0.019048
2 0.707143 0.470952 0.021429 0.020000
2 0.747500 0.498095 0.045000 0.020952
2 0.623929 0.777143 0.060714 0.087619
2 0.531429 0.619524 0.031429 0.035238
2 0.647500 0.546190 0.036429 0.031429
2 0.666786 0.579048 0.037857 0.034286
0 0.270714 0.622381 0.012857 0.033333