0 0.017500 0.130952 0.019286 0.031429
2 0.013214 0.178095 0.026429 0.043810
2 0.058929 0.144286 0.045000 0.039048
2 0.055714 0.170000 0.061429 0.039048
2 0.088929 0.110952 0.056429 0.035238
0 0.125714 0.051429 0.008571 0.030476
2 0.074286 0.210000 0.068571 0.040952
2 0.120000 0.165714 0.064286 0.034286
2 0.136071 0.157143 0.062143 0.030476
2 0.148214 0.139524 0.059286 0.025714
2 0.164286 0.127619 0.057143 0.024762
2 0.166071 0.112857 0.050714 0.020000
2 0.282857 0.281905 0.067143 0.049524
0 0.280000 0.245714 0.012857 0.028571
0 0.497143 0.116190 0.008571 0.020952
0 0.503571 0.152857 0.008571 0.031429
0 0.495357 0.151905 0.007857 0.033333
0 0.522857 0.161905 0.007143 0.024762
0 0.513929 0.253810 0.013571 0.035238
0 0.556429 0.318571 0.012857 0.039048
2 0.584643 0.089524 0.026429 0.032381
2 0.656786 0.214762 0.039286 0.052381
2 0.689643 0.411905 0.105000 0.096190
0 0.612500 0.667619 0.023571 0.068571
2 0.843571 0.622857 0.104286 0.163810
2 0.907857 0.544286 0.102857 0.132381