2 0.150000 0.460000 0.031429 0.020952
2 0.082500 0.752857 0.039286 0.031429
2 0.146786 0.738095 0.033571 0.022857
2 0.367143 0.929524 0.041429 0.026667
2 0.348571 0.752381 0.034286 0.024762
2 0.442500 0.721905 0.015000 0.043810
2 0.343929 0.728095 0.035000 0.027619
2 0.339643 0.667143 0.033571 0.023810
2 0.337500 0.638095 0.037857 0.024762
2 0.331429 0.580476 0.030000 0.039048
2 0.334286 0.605714 0.027143 0.032381
2 0.339286 0.528095 0.030000 0.021905
2 0.340357 0.549048 0.035000 0.023810
2 0.379286 0.452857 0.014286 0.037143
2 0.345357 0.407143 0.015000 0.037143
2 0.322500 0.508571 0.030714 0.022857
2 0.306786 0.248571 0.027857 0.019048
2 0.437857 0.274762 0.012857 0.029524
2 0.341786 0.017619 0.010714 0.023810
2 0.286429 0.029048 0.024286 0.016190
2 0.483571 0.854286 0.020000 0.051429
2 0.380714 0.958571 0.038571 0.039048
2 0.381071 0.890476 0.037857 0.030476
2 0.383571 0.821905 0.035714 0.028571
2 0.364643 0.856190 0.039286 0.030476
2 0.377857 0.663333 0.035714 0.020000
2 0.376429 0.583333 0.014286 0.039048
2 0.382143 0.628095 0.015714 0.039048
2 0.363214 0.614286 0.016429 0.045714
2 0.393214 0.578571 0.015000 0.039048
2 0.356429 0.390000 0.014286 0.031429
2 0.361429 0.422381 0.012857 0.027619
2 0.369643 0.339524 0.013571 0.031429
2 0.352500 0.342381 0.013571 0.033333
2 0.493214 0.358571 0.015000 0.033333
2 0.344286 0.221905 0.011429 0.030476
2 0.333571 0.155714 0.011429 0.029524
2 0.333214 0.090000 0.010714 0.025714
2 0.327143 0.010476 0.011429 0.020952
0 0.428571 0.063810 0.004286 0.013333
0 0.331071 0.129524 0.005000 0.013333
0 0.325000 0.040000 0.004286 0.011429
0 0.500000 0.250476 0.004286 0.011429
0 0.493929 0.739048 0.005000 0.009524
0 0.490357 0.658095 0.005000 0.007619
0 0.423929 0.707143 0.005000 0.010476
0 0.404286 0.515714 0.004286 0.010476
2 0.514643 0.486667 0.012143 0.028571
2 0.497857 0.390000 0.015714 0.031429
2 0.472143 0.236667 0.014286 0.031429
2 0.468214 0.206190 0.012143 0.027619
2 0.463214 0.177619 0.012143 0.023810
2 0.458929 0.147143 0.012143 0.027619
2 0.448929 0.092857 0.010714 0.025714
0 0.460000 0.218095 0.005714 0.013333
0 0.376429 0.258571 0.004286 0.012381
0 0.365357 0.257619 0.006429 0.012381
0 0.327500 0.378095 0.006429 0.013333
0 0.465357 0.220000 0.005000 0.013333
2 0.785714 0.419524 0.028571 0.020000
2 0.960714 0.312381 0.027143 0.026667
2 0.953214 0.238095 0.027857 0.017143
2 0.988929 0.263333 0.020714 0.031429
2 0.922857 0.181429 0.011429 0.027619
2 0.935000 0.191905 0.011429 0.033333
0 0.346429 0.463810 0.005714 0.013333
0 0.336429 0.470476 0.005714 0.011429
2 0.627857 0.819048 0.035714 0.026667