0 0.636071 0.907360 0.005000 0.020305
0 0.642857 0.950508 0.005714 0.017766
0 0.625000 0.944162 0.005714 0.015228
0 0.618571 0.945431 0.005714 0.017766
0 0.607500 0.920685 0.006429 0.019036
0 0.628214 0.938452 0.005000 0.019036
2 0.581071 0.913071 0.016429 0.049492
2 0.564643 0.805203 0.015000 0.044416
2 0.529286 0.829949 0.015714 0.050761
2 0.465714 0.651650 0.012857 0.036802
2 0.453929 0.516497 0.010714 0.025381
2 0.443214 0.367386 0.010714 0.021574
2 0.422857 0.308376 0.010000 0.020305
2 0.437857 0.309010 0.008571 0.019036
2 0.465000 0.270305 0.008571 0.020305
2 0.446429 0.259518 0.008571 0.019036
2 0.433929 0.265228 0.009286 0.020305
2 0.411786 0.258249 0.009286 0.016497
2 0.432857 0.233503 0.008571 0.017766
2 0.468929 0.220178 0.007857 0.019036
2 0.456071 0.205584 0.007857 0.017766
2 0.421071 0.215736 0.007857 0.017766
2 0.430357 0.204315 0.007857 0.017766
2 0.419286 0.196701 0.008571 0.017766
2 0.418929 0.182741 0.007857 0.015228
2 0.428929 0.180203 0.007857 0.015228
2 0.465000 0.181472 0.008571 0.017766
2 0.399643 0.159264 0.006429 0.016497
2 0.408571 0.157360 0.007143 0.015228
2 0.418929 0.166878 0.007857 0.013959
2 0.417143 0.150381 0.007143 0.013959
0 0.426786 0.151015 0.003571 0.010152
0 0.424286 0.229061 0.004286 0.011421
0 0.508214 0.307107 0.003571 0.010152
2 0.461786 0.141497 0.007857 0.021574
2 0.449643 0.135152 0.007857 0.016497
2 0.458571 0.121827 0.008571 0.017766
2 0.444286 0.076142 0.007143 0.017766
2 0.452500 0.067259 0.006429 0.015228
2 0.442143 0.046954 0.007143 0.017766
2 0.499643 0.114848 0.013571 0.011421
2 0.348214 0.111041 0.012143 0.013959
2 0.353929 0.106599 0.013571 0.012690
2 0.370357 0.108503 0.015000 0.013959
2 0.371429 0.104061 0.014286 0.010152
2 0.369286 0.100254 0.012857 0.012690
2 0.372500 0.095812 0.013571 0.011421
2 0.350000 0.096447 0.014286 0.012690
2 0.332857 0.108503 0.015714 0.013959
2 0.326071 0.098985 0.015000 0.012690
2 0.132857 0.774112 0.018571 0.040609