0 0.233214 0.949048 0.019286 0.021905
0 0.080357 0.822857 0.026429 0.019048
0 0.015714 0.991429 0.031429 0.015238
0 0.172143 0.826190 0.024286 0.023810
0 0.129643 0.786190 0.025000 0.016190
0 0.160357 0.830952 0.020714 0.018095
0 0.125000 0.800952 0.024286 0.017143
2 0.095357 0.889048 0.112143 0.061905
2 0.289286 0.345714 0.045714 0.118095
2 0.301429 0.151905 0.042857 0.107619
2 0.501429 0.097619 0.034286 0.086667
2 0.644286 0.334286 0.038571 0.106667
2 0.790357 0.311905 0.070714 0.086667
2 0.775357 0.255238 0.070714 0.080000
2 0.802857 0.372857 0.064286 0.071429
2 0.773214 0.453333 0.070714 0.083810
2 0.651071 0.459524 0.042143 0.113333
2 0.637500 0.161905 0.036429 0.095238
0 0.213929 0.164286 0.013571 0.021905
0 0.203214 0.168095 0.016429 0.029524
0 0.202857 0.543810 0.017143 0.019048
0 0.182500 0.486190 0.019286 0.021905
0 0.314286 0.487619 0.017143 0.020952
0 0.502500 0.613333 0.016429 0.022857
0 0.801786 0.987143 0.020714 0.025714
2 0.807857 0.880476 0.052857 0.138095
0 0.571071 0.760476 0.015000 0.021905
0 0.574643 0.312381 0.012143 0.028571
0 0.596071 0.310952 0.013571 0.027619
0 0.587143 0.305238 0.011429 0.027619
0 0.728929 0.167143 0.010714 0.033333
0 0.451071 0.243333 0.015000 0.029524
2 0.636071 0.054286 0.032143 0.087619