2 0.660000 0.962857 0.041429 0.074286
2 0.693929 0.883810 0.027857 0.053333
2 0.755000 0.894286 0.034286 0.059048
2 0.892500 0.935714 0.055000 0.063810
2 0.698214 0.803333 0.023571 0.040952
2 0.728929 0.798571 0.025000 0.037143
2 0.790357 0.774286 0.027857 0.030476
2 0.802143 0.749048 0.022857 0.023810
2 0.778214 0.699048 0.019286 0.019048
2 0.716786 0.716667 0.016429 0.023810
2 0.689643 0.734762 0.017857 0.023810
2 0.689286 0.701429 0.014286 0.020000
2 0.711429 0.689048 0.017143 0.021905
2 0.687857 0.674762 0.014286 0.018095
2 0.707500 0.669524 0.013571 0.017143
2 0.731071 0.655238 0.013571 0.015238
2 0.700714 0.647143 0.011429 0.014286
2 0.696786 0.639524 0.009286 0.014286
2 0.682500 0.628095 0.009286 0.012381
2 0.679286 0.619048 0.008571 0.009524
2 0.668214 0.618571 0.010714 0.012381
2 0.687500 0.656667 0.009286 0.014286
2 0.739286 0.612381 0.010000 0.011429
2 0.720714 0.596190 0.005714 0.007619
2 0.711071 0.598095 0.007857 0.009524
2 0.704286 0.581429 0.008571 0.008571
2 0.690714 0.576190 0.008571 0.009524
2 0.683571 0.567143 0.007143 0.006667
2 0.670000 0.557619 0.007143 0.006667
2 0.292500 0.771429 0.039286 0.028571
2 0.266429 0.769048 0.035714 0.029524
2 0.247857 0.764762 0.037143 0.028571
2 0.227143 0.760000 0.037143 0.028571
2 0.335357 0.729048 0.023571 0.025714
2 0.314643 0.725714 0.026429 0.026667
2 0.292143 0.725714 0.034286 0.022857
2 0.273214 0.721429 0.032143 0.023810
2 0.249643 0.720476 0.029286 0.025714
2 0.232857 0.717619 0.028571 0.020000
2 0.215357 0.713810 0.027857 0.021905
2 0.194286 0.711429 0.030000 0.020952
2 0.175357 0.708571 0.027857 0.022857
2 0.200357 0.757619 0.037857 0.027619
2 0.179286 0.752857 0.030000 0.027619
2 0.145714 0.763810 0.042857 0.022857
2 0.151786 0.751905 0.036429 0.021905
2 0.140714 0.748095 0.040000 0.023810
2 0.118214 0.743810 0.039286 0.024762
2 0.096071 0.740476 0.039286 0.029524
2 0.150357 0.706667 0.022143 0.024762
2 0.129286 0.702857 0.022857 0.020952
2 0.110000 0.701905 0.017143 0.019048
2 0.093929 0.697619 0.020714 0.021905
2 0.074286 0.696190 0.024286 0.020952
2 0.054643 0.694762 0.019286 0.020000
2 0.036429 0.692857 0.022857 0.020000
2 0.020357 0.690000 0.019286 0.018095
2 0.015714 0.715238 0.031429 0.020952
2 0.023929 0.735238 0.027857 0.022857
2 0.007143 0.686190 0.014286 0.016190
2 0.355714 0.733333 0.027143 0.022857