2 0.275357 0.026667 0.042143 0.051429
2 0.261786 0.120952 0.046429 0.093333
0 0.461071 0.043333 0.012143 0.033333
0 0.469643 0.042857 0.007857 0.034286
0 0.552500 0.213810 0.010714 0.035238
0 0.498929 0.228095 0.009286 0.040952
0 0.576786 0.261429 0.010714 0.033333
0 0.487857 0.363333 0.014286 0.033333
0 0.553214 0.402381 0.010714 0.037143
2 0.507500 0.348571 0.079286 0.095238
2 0.444286 0.244762 0.035714 0.072381
0 0.658929 0.932857 0.016429 0.027619
0 0.619286 0.910476 0.018571 0.030476
2 0.639643 0.619524 0.116429 0.100000
0 0.833571 0.681429 0.018571 0.021905
0 0.871071 0.742857 0.029286 0.032381
0 0.926429 0.719048 0.024286 0.036190
0 0.941071 0.297619 0.020714 0.023810
0 0.784643 0.269524 0.010714 0.022857
0 0.853571 0.260000 0.015714 0.034286
0 0.836071 0.236667 0.016429 0.039048
0 0.842500 0.236190 0.019286 0.034286