2 0.471429 0.743020 0.045714 0.059645
2 0.470000 0.687183 0.038571 0.057107
2 0.516071 0.602792 0.045000 0.053299
2 0.577500 0.554569 0.043571 0.050761
2 0.576786 0.442259 0.036429 0.044416
0 0.584286 0.312817 0.008571 0.021574
2 0.811071 0.320431 0.029286 0.036802
2 0.929643 0.186548 0.030714 0.030457
0 0.413214 0.444162 0.007857 0.022843
2 0.204643 0.198604 0.017857 0.041878
2 0.140000 0.201777 0.017143 0.040609
2 0.176071 0.088198 0.019286 0.041878
2 0.049643 0.867386 0.056429 0.064721
2 0.045000 0.828680 0.054286 0.060914
0 0.077500 0.750635 0.016429 0.021574
2 0.052143 0.734137 0.055714 0.062183