2 0.018571 0.158571 0.037143 0.077143
2 0.026786 0.284762 0.052143 0.093333
2 0.074286 0.021905 0.054286 0.043810
2 0.120714 0.022857 0.040000 0.045714
2 0.162500 0.023333 0.042143 0.044762
2 0.271429 0.015714 0.037143 0.031429
2 0.047143 0.161905 0.064286 0.080000
2 0.113571 0.178571 0.061429 0.084762
2 0.183571 0.167143 0.051429 0.080952
2 0.233214 0.156667 0.050714 0.088571
2 0.279643 0.174762 0.042143 0.090476
2 0.327500 0.165238 0.043571 0.075238
2 0.243214 0.279048 0.055000 0.089524
0 0.541071 0.057143 0.009286 0.032381
0 0.518214 0.113333 0.012143 0.040000
0 0.538929 0.117143 0.010714 0.038095
0 0.605714 0.448095 0.018571 0.033333
0 0.646429 0.483333 0.017143 0.029524
0 0.673929 0.472857 0.016429 0.018095
2 0.705000 0.652857 0.060000 0.166667
2 0.968929 0.838571 0.062143 0.180000
2 0.877143 0.454762 0.072857 0.107619
2 0.844643 0.356667 0.073571 0.096190
2 0.196786 0.554286 0.067857 0.121905