2 0.494500 0.835000 0.095000 0.222000
2 0.979000 0.320667 0.042000 0.040000
0 0.934000 0.314333 0.014000 0.035333
0 0.580500 0.316667 0.012000 0.022667
0 0.590250 0.311667 0.012500 0.020667
0 0.545500 0.295667 0.012000 0.020667
2 0.495750 0.367667 0.041500 0.056667
0 0.453250 0.229667 0.006500 0.019333
2 0.492750 0.271667 0.030500 0.036667
2 0.725000 0.209000 0.029000 0.030000
2 0.719000 0.164667 0.019000 0.017333
2 0.712500 0.155333 0.014000 0.018667
2 0.694000 0.153667 0.020000 0.019333
2 0.671750 0.136000 0.012500 0.012000
2 0.662750 0.129000 0.013500 0.012667
2 0.663000 0.120667 0.009000 0.010667
2 0.645750 0.119667 0.011500 0.010000
2 0.640500 0.116667 0.010000 0.009333
2 0.635000 0.114667 0.009000 0.009333
2 0.630250 0.111667 0.009500 0.010000
2 0.623500 0.107333 0.010000 0.009333
2 0.614500 0.103667 0.010000 0.011333
2 0.610500 0.101667 0.008000 0.012667
2 0.622000 0.112333 0.010000 0.008667
2 0.621000 0.117333 0.010000 0.012000
2 0.579750 0.099000 0.008500 0.011333
2 0.579750 0.093667 0.007500 0.008667
2 0.573250 0.090333 0.006500 0.007333
2 0.608750 0.095667 0.020500 0.010000
2 0.603500 0.094000 0.015000 0.009333
2 0.594500 0.092000 0.006000 0.005333
2 0.590500 0.089333 0.005000 0.006667
2 0.587750 0.087667 0.005500 0.007333
0 0.469000 0.146000 0.004000 0.016000
2 0.496000 0.138000 0.011000 0.014667
2 0.540000 0.103333 0.008000 0.010667
2 0.521500 0.096000 0.008000 0.009333
2 0.513000 0.075667 0.005000 0.006000
2 0.511750 0.072333 0.005500 0.006000
2 0.499500 0.129000 0.010000 0.012667
2 0.494500 0.124000 0.009000 0.010667
2 0.499000 0.120000 0.009000 0.009333
2 0.494500 0.111333 0.008000 0.008000
2 0.494750 0.108333 0.006500 0.007333
2 0.495500 0.104667 0.008000 0.006667
2 0.494250 0.098667 0.007500 0.009333
2 0.488250 0.095333 0.013500 0.008000
2 0.490250 0.094333 0.010500 0.010000
2 0.496750 0.091333 0.005500 0.008000
0 0.496000 0.085333 0.002000 0.008000
0 0.507750 0.086667 0.002500 0.008000
0 0.500750 0.097000 0.003500 0.008667
0 0.508750 0.094667 0.002500 0.005333