2 0.266786 0.016190 0.015000 0.026667
2 0.266071 0.049048 0.013571 0.025714
2 0.260714 0.088095 0.014286 0.029524
0 0.272857 0.095714 0.005714 0.018095
2 0.260714 0.134762 0.017143 0.033333
2 0.235714 0.064286 0.040000 0.020000
2 0.227143 0.107143 0.032857 0.021905
2 0.226786 0.131429 0.035000 0.020952
2 0.224643 0.159048 0.036429 0.030476
2 0.216786 0.177619 0.039286 0.035238
0 0.146786 0.215714 0.007857 0.016190
2 0.131071 0.200000 0.047857 0.026667
2 0.131071 0.250952 0.023571 0.040952
2 0.235357 0.399048 0.022143 0.051429
2 0.028571 0.849524 0.048571 0.070476
0 0.396429 0.621429 0.012857 0.021905
0 0.389286 0.523810 0.010000 0.020952
0 0.366786 0.542857 0.007857 0.020952
0 0.357143 0.542381 0.010000 0.021905
0 0.633571 0.501429 0.008571 0.018095
0 0.656786 0.375714 0.009286 0.020000
0 0.662143 0.373810 0.005714 0.016190
2 0.500714 0.430000 0.031429 0.067619
2 0.454643 0.459524 0.029286 0.069524
0 0.390357 0.259048 0.007857 0.015238
0 0.527857 0.212857 0.005714 0.014286
0 0.582143 0.222381 0.005714 0.014286
0 0.580714 0.219048 0.007143 0.011429
2 0.538929 0.194286 0.023571 0.030476
0 0.528929 0.093810 0.006429 0.008571
2 0.528929 0.097619 0.006429 0.020000
0 0.439643 0.103810 0.006429 0.011429
0 0.420357 0.084762 0.005000 0.013333
2 0.381786 0.041429 0.015000 0.027619
2 0.645357 0.128095 0.022143 0.025714
2 0.726429 0.274762 0.031429 0.037143
0 0.691071 0.434286 0.007857 0.017143
2 0.840000 0.474286 0.038571 0.053333
2 0.873571 0.541429 0.051429 0.061905