0 0.421451 0.894249 0.009916 0.016698
0 0.459551 0.948980 0.008873 0.033395
0 0.476514 0.772727 0.009395 0.012987
0 0.469207 0.725881 0.008351 0.021336
0 0.500783 0.697588 0.004697 0.014842
0 0.501044 0.668831 0.005219 0.018553
0 0.545146 0.638219 0.003653 0.018553
0 0.588987 0.905380 0.007829 0.035250
0 0.601253 0.818182 0.006263 0.020408
2 0.637265 0.929035 0.050104 0.054731
2 0.624217 0.820501 0.037578 0.043599
2 0.627088 0.805659 0.034969 0.039889
2 0.622651 0.776902 0.033403 0.041744
0 0.576461 0.774583 0.005741 0.016698
0 0.595511 0.748145 0.006263 0.013915
0 0.590814 0.721243 0.006263 0.017625
0 0.570198 0.637291 0.003653 0.016698
0 0.578549 0.579314 0.004697 0.013915
0 0.589248 0.592301 0.004175 0.012059
0 0.593946 0.586735 0.004175 0.012059
0 0.521921 0.510204 0.003132 0.009276
2 0.507307 0.496289 0.012526 0.011132
2 0.509656 0.495826 0.012004 0.010204
0 0.526879 0.448052 0.001566 0.009276
0 0.520094 0.447588 0.001566 0.006494
0 0.521660 0.448052 0.002610 0.005566
0 0.546973 0.452690 0.002088 0.009276
0 0.551148 0.452690 0.002088 0.009276
0 0.541754 0.424397 0.002088 0.006494
0 0.545668 0.420686 0.001566 0.006494
2 0.548800 0.429035 0.007829 0.008349
2 0.553236 0.425325 0.006263 0.006494
2 0.610647 0.545455 0.008351 0.016698
2 0.609342 0.534323 0.008873 0.012987
0 0.579593 0.515770 0.002610 0.005566
0 0.578810 0.513915 0.003132 0.007421
0 0.581681 0.513915 0.002610 0.005566
2 0.565762 0.470315 0.013570 0.011132
2 0.566545 0.464750 0.012004 0.009276
2 0.566806 0.462430 0.013570 0.010204
2 0.566806 0.460575 0.013570 0.012059
2 0.562630 0.443878 0.011482 0.008349
2 0.563935 0.438776 0.007829 0.007421
2 0.585073 0.415584 0.004175 0.005566
2 0.629436 0.438312 0.006263 0.008349
2 0.633612 0.444805 0.006263 0.008349
0 0.631263 0.447588 0.002610 0.004638
2 0.646399 0.429035 0.005741 0.008349
2 0.631002 0.425325 0.005219 0.006494
2 0.631002 0.420223 0.005219 0.007421
2 0.637004 0.429963 0.005741 0.010204
2 0.661273 0.487477 0.008351 0.013915
2 0.670929 0.486549 0.008873 0.012059
2 0.666754 0.478664 0.006785 0.009276
0 0.704071 0.471243 0.002088 0.009276
2 0.900313 0.667904 0.018789 0.024119
2 0.907359 0.629406 0.019311 0.025046
2 0.887265 0.477737 0.017745 0.012987
0 0.836639 0.466605 0.002088 0.007421
2 0.562630 0.437384 0.008351 0.006494
0 0.546973 0.412338 0.002088 0.006494
0 0.548278 0.411410 0.001566 0.004638
0 0.550626 0.405380 0.001044 0.005566
0 0.546190 0.406772 0.001566 0.002783
0 0.537839 0.421150 0.001566 0.003711