2 0.574750 0.965000 0.170500 0.070000
2 0.562000 0.847667 0.135000 0.116667
2 0.584250 0.759667 0.162500 0.107333
2 0.593500 0.680333 0.145000 0.096667
2 0.600750 0.597000 0.109500 0.078000
2 0.592250 0.488667 0.094500 0.080000
2 0.609000 0.453333 0.100000 0.065333
2 0.609250 0.414333 0.104500 0.058000
2 0.607750 0.376667 0.081500 0.052000
2 0.619000 0.308667 0.077000 0.042667
2 0.399500 0.269333 0.073000 0.041333
2 0.466250 0.205000 0.050500 0.038000
2 0.625500 0.285000 0.068000 0.036667
2 0.621750 0.267667 0.074500 0.038000
2 0.620750 0.243667 0.069500 0.043333
2 0.630000 0.227667 0.066000 0.036667
2 0.631750 0.211667 0.064500 0.031333
2 0.635000 0.192667 0.058000 0.030667
2 0.634000 0.179667 0.058000 0.028667
2 0.628250 0.170667 0.056500 0.024000
2 0.636750 0.155333 0.047500 0.029333
2 0.634750 0.144667 0.052500 0.029333
2 0.630000 0.123333 0.052000 0.029333
2 0.636000 0.113000 0.047000 0.026000
2 0.638000 0.105333 0.046000 0.025333
2 0.639250 0.094000 0.041500 0.022667
2 0.640750 0.089333 0.040500 0.020000
2 0.635000 0.081333 0.047000 0.022667
2 0.543500 0.059000 0.029000 0.023333
2 0.573750 0.032000 0.033500 0.018667
2 0.619250 0.033000 0.035500 0.018000
2 0.588750 0.027000 0.017500 0.019333
2 0.596000 0.008000 0.031000 0.013333
0 0.607250 0.011000 0.006500 0.014000
2 0.932500 0.085333 0.028000 0.025333
0 0.941250 0.060000 0.008500 0.021333
2 0.824750 0.028000 0.018500 0.018667