2 0.138250 0.764667 0.112500 0.108000
2 0.040500 0.633333 0.081000 0.074667
0 0.128500 0.586333 0.030000 0.054000
0 0.128750 0.586000 0.020500 0.048000
2 0.171500 0.565000 0.107000 0.060667
0 0.080750 0.482000 0.013500 0.036000
0 0.088750 0.477000 0.009500 0.036667
0 0.102000 0.474333 0.010000 0.035333
2 0.504250 0.580333 0.091500 0.064667
2 0.401250 0.501000 0.064500 0.048667
2 0.391250 0.469667 0.063500 0.040667
2 0.780500 0.494333 0.088000 0.046000
2 0.804250 0.456333 0.073500 0.036667
2 0.837500 0.412333 0.066000 0.030000
2 0.851500 0.382333 0.053000 0.024667
2 0.871750 0.355000 0.042500 0.019333
2 0.886250 0.339333 0.018500 0.020000
2 0.871750 0.272333 0.012500 0.006000
2 0.899500 0.313000 0.024000 0.011333
2 0.917250 0.278000 0.011500 0.005333
2 0.919250 0.279000 0.012500 0.006000
2 0.932250 0.283333 0.015500 0.006667
2 0.945500 0.288667 0.016000 0.006667
2 0.948000 0.292000 0.017000 0.008000
2 0.961750 0.297333 0.025500 0.010667
2 0.965500 0.302000 0.025000 0.010667
2 0.964250 0.304667 0.026500 0.010667
2 0.974250 0.315000 0.033500 0.010000
2 0.977750 0.317667 0.032500 0.011333
2 0.974250 0.318333 0.030500 0.010000
2 0.975750 0.322000 0.033500 0.012000
2 0.973500 0.325667 0.036000 0.014000
2 0.978000 0.332333 0.038000 0.015333
2 0.979250 0.339333 0.041500 0.016000
2 0.977000 0.362333 0.046000 0.024667
2 0.979000 0.380000 0.042000 0.024000
2 0.978750 0.447333 0.042500 0.029333
0 0.991750 0.481667 0.011500 0.027333
2 0.970750 0.498667 0.058500 0.048000
2 0.980250 0.531667 0.039500 0.048667
2 0.809250 0.271000 0.007500 0.004667
0 0.780250 0.275000 0.001500 0.004667