0 0.517143 0.936667 0.011429 0.023810
0 0.524286 0.897619 0.012857 0.018095
0 0.488214 0.848571 0.013571 0.020952
0 0.513214 0.744286 0.010714 0.023810
2 0.463571 0.830952 0.035714 0.117143
0 0.466429 0.664762 0.012857 0.019048
0 0.466071 0.347619 0.012143 0.022857
0 0.469643 0.314286 0.009286 0.020952
0 0.468214 0.300952 0.009286 0.030476
2 0.508214 0.228571 0.026429 0.081905
0 0.489286 0.194286 0.008571 0.032381
0 0.457857 0.164286 0.008571 0.029524
2 0.507857 0.062381 0.025714 0.075238
0 0.476786 0.027619 0.009286 0.028571
0 0.490000 0.023333 0.007143 0.027619
0 0.488214 0.007619 0.006429 0.015238
0 0.478571 0.009048 0.005714 0.018095