0 0.425365 0.246289 0.004175 0.015770
0 0.412317 0.312152 0.005219 0.015770
0 0.557411 0.249536 0.004175 0.012987
0 0.575157 0.271336 0.004175 0.012059
0 0.589770 0.347403 0.006263 0.013915
0 0.596033 0.465677 0.006263 0.014842
2 0.448852 0.464286 0.020877 0.051020
0 0.278445 0.940631 0.013048 0.037106
2 0.454854 0.233766 0.013048 0.029685
2 0.881002 0.507885 0.042797 0.036178
2 0.878392 0.486549 0.044885 0.030612
2 0.891180 0.596939 0.050626 0.041744
0 0.563413 0.148887 0.002610 0.010204
0 0.559238 0.078386 0.002610 0.008349
2 0.536795 0.012523 0.005741 0.012059
2 0.503132 0.008349 0.006263 0.011132
0 0.479645 0.006957 0.003132 0.004638
2 0.479123 0.012059 0.002088 0.005566
0 0.463466 0.034787 0.003132 0.012059