2 0.332143 0.177665 0.012857 0.012690
2 0.331071 0.180838 0.012143 0.008883
2 0.326786 0.183376 0.013571 0.008883
2 0.339286 0.185914 0.015714 0.011421
2 0.361429 0.189086 0.014286 0.010152
2 0.377143 0.190990 0.014286 0.011421
2 0.378214 0.187183 0.015000 0.011421
2 0.396786 0.194162 0.013571 0.010152
2 0.415357 0.197335 0.015000 0.011421
2 0.416071 0.189086 0.015000 0.012690
2 0.428214 0.195431 0.015000 0.010152
2 0.436071 0.199873 0.016429 0.013959
0 0.387143 0.238579 0.002857 0.010152
2 0.487857 0.208756 0.017143 0.013959
2 0.507857 0.212563 0.015714 0.011421
2 0.530357 0.216371 0.017857 0.013959
0 0.354643 0.299492 0.002143 0.010152
0 0.358571 0.297589 0.002857 0.008883
0 0.360714 0.298858 0.002857 0.011421
0 0.364286 0.300127 0.002857 0.011421
0 0.347500 0.329315 0.003571 0.013959
0 0.352500 0.328680 0.002143 0.010152
0 0.357500 0.326777 0.003571 0.013959
0 0.362500 0.326142 0.005000 0.012690
0 0.366786 0.325508 0.003571 0.011421
0 0.388571 0.320431 0.002857 0.013959
0 0.386429 0.321701 0.002857 0.013959
0 0.401786 0.316624 0.005000 0.011421
2 0.365714 0.354695 0.012857 0.016497
2 0.381786 0.391497 0.012143 0.019036
2 0.393571 0.435914 0.010000 0.021574
0 0.355000 0.447335 0.002857 0.016497
0 0.367857 0.470812 0.004286 0.015228
0 0.373929 0.456853 0.003571 0.012690
0 0.331786 0.535533 0.003571 0.020305
0 0.331429 0.562817 0.004286 0.019036
0 0.307500 0.532360 0.003571 0.016497
0 0.333929 0.640863 0.005000 0.022843
0 0.331786 0.689721 0.005000 0.021574
0 0.252143 0.926396 0.007143 0.027919
0 0.271786 0.921954 0.006429 0.024112
2 0.347500 0.772843 0.022143 0.043147
2 0.713929 0.972716 0.019286 0.052030
2 0.657500 0.847081 0.017857 0.049492
2 0.884643 0.909898 0.039286 0.058376
2 0.988929 0.697970 0.020714 0.032995
2 0.955714 0.716371 0.018571 0.036802
2 0.896071 0.562183 0.015000 0.030457
2 0.779643 0.618020 0.015000 0.038071
2 0.725357 0.581218 0.013571 0.035533
2 0.832500 0.469543 0.012143 0.025381
2 0.796429 0.401015 0.012857 0.022843
2 0.777143 0.312183 0.011429 0.025381
2 0.729286 0.324239 0.011429 0.021574
2 0.651786 0.422589 0.010714 0.020305
2 0.590357 0.409264 0.010714 0.019036
2 0.649286 0.363579 0.012857 0.016497
0 0.648571 0.321701 0.002857 0.011421
2 0.638929 0.302665 0.010714 0.011421
2 0.653929 0.312817 0.012143 0.013959
2 0.670000 0.320431 0.011429 0.013959
0 0.663214 0.317893 0.003571 0.013959
2 0.683571 0.335025 0.011429 0.015228
2 0.698571 0.236675 0.020000 0.013959
0 0.718214 0.189086 0.002143 0.010152
0 0.736429 0.179569 0.001429 0.008883
2 0.737143 0.225254 0.011429 0.011421
2 0.759643 0.210025 0.012143 0.008883
2 0.775357 0.198604 0.010714 0.011421
2 0.784286 0.201142 0.011429 0.011421
2 0.792857 0.190990 0.010000 0.011421
2 0.805714 0.187817 0.011429 0.010152
2 0.836786 0.183376 0.009286 0.008883
2 0.850000 0.174492 0.008571 0.008883
2 0.853929 0.238579 0.007857 0.012690
2 0.838571 0.232868 0.008571 0.011421
2 0.849286 0.215736 0.010000 0.012690
2 0.752857 0.171320 0.011429 0.010152
2 0.862857 0.184010 0.008571 0.007614
2 0.866429 0.171320 0.007143 0.007614
2 0.940000 0.151650 0.008571 0.008883
2 0.971786 0.131345 0.007857 0.008883
2 0.976071 0.119289 0.005000 0.007614
2 0.953571 0.122462 0.007143 0.008883
2 0.950357 0.105964 0.005000 0.006345
2 0.981071 0.103426 0.006429 0.006345
0 0.992143 0.210660 0.002857 0.010152