0 0.388750 0.907000 0.013500 0.047333
2 0.194750 0.607667 0.060500 0.035333
2 0.250000 0.605667 0.050000 0.034000
2 0.269500 0.669333 0.073000 0.044000
2 0.344000 0.658667 0.061000 0.042667
2 0.389000 0.629667 0.065000 0.040667
2 0.301000 0.719000 0.076000 0.047333
2 0.179000 0.739000 0.086000 0.050000
2 0.467250 0.617667 0.064500 0.038000
2 0.523750 0.696000 0.074500 0.045333
2 0.615000 0.601667 0.057000 0.035333
2 0.753000 0.697667 0.063000 0.064667
2 0.833750 0.687000 0.069500 0.072667
2 0.869250 0.649333 0.073500 0.042667
2 0.835000 0.598000 0.057000 0.036000
2 0.687000 0.592333 0.063000 0.035333
2 0.670000 0.577000 0.056000 0.032667
2 0.652500 0.557000 0.058000 0.040667
2 0.786250 0.546333 0.057500 0.028667
2 0.842000 0.540333 0.054000 0.030000
2 0.898750 0.533000 0.050500 0.030000
2 0.894250 0.493667 0.027500 0.027333
2 0.959000 0.583000 0.064000 0.034000
2 0.954750 0.532000 0.056500 0.030667
2 0.986750 0.521333 0.026500 0.029333
2 0.512750 0.351333 0.018500 0.010667
2 0.588000 0.360667 0.024000 0.013333
2 0.620250 0.346333 0.021500 0.011333
2 0.984000 0.340000 0.010000 0.014667
2 0.960500 0.329333 0.016000 0.009333
2 0.359500 0.569333 0.026000 0.040000
2 0.391750 0.570000 0.025500 0.044000
2 0.424000 0.648333 0.068000 0.040667
2 0.570750 0.629000 0.062500 0.042000
2 0.674250 0.713667 0.054500 0.064667
2 0.724250 0.612000 0.064500 0.037333
2 0.718000 0.551000 0.056000 0.035333