2 0.220500 0.589333 0.060000 0.046667
2 0.119500 0.208000 0.022000 0.021333
0 0.301500 0.275667 0.005000 0.015333
0 0.309500 0.275333 0.006000 0.017333
2 0.441250 0.269667 0.032500 0.023333
2 0.498250 0.286667 0.031500 0.024000
0 0.480750 0.520333 0.007500 0.027333
0 0.487750 0.520667 0.007500 0.026667
0 0.495000 0.516000 0.007000 0.029333
0 0.525250 0.252000 0.004500 0.017333
0 0.529000 0.254000 0.004000 0.017333
2 0.520000 0.201000 0.015000 0.019333
2 0.550750 0.179333 0.014500 0.017333
2 0.555500 0.173000 0.009000 0.014000
2 0.631750 0.459000 0.047500 0.040667
2 0.612750 0.331333 0.029500 0.032000
2 0.655250 0.345000 0.036500 0.031333
2 0.690500 0.429000 0.043000 0.034000
2 0.769500 0.330333 0.027000 0.026000
2 0.761250 0.310333 0.034500 0.022000
0 0.801000 0.315667 0.008000 0.011333
2 0.849750 0.306333 0.027500 0.024667
2 0.838500 0.243667 0.020000 0.019333
2 0.836000 0.232333 0.019000 0.019333
2 0.875500 0.239000 0.018000 0.019333
2 0.711750 0.605667 0.059500 0.050000
2 0.872500 0.216667 0.017000 0.018667
2 0.889750 0.220333 0.014500 0.015333
2 0.861500 0.250667 0.019000 0.018667
2 0.924250 0.220333 0.016500 0.022000
2 0.941250 0.205000 0.027500 0.015333
2 0.950750 0.199667 0.028500 0.016667
2 0.956250 0.144667 0.013500 0.012000
2 0.978250 0.148000 0.012500 0.010667
2 0.991500 0.149000 0.011000 0.011333