2 0.213466 0.534787 0.032359 0.115955
2 0.337944 0.527829 0.030793 0.113173
2 0.409186 0.521336 0.029228 0.113173
2 0.448330 0.506494 0.029228 0.111317
2 0.157098 0.132653 0.032359 0.096475
2 0.234864 0.140538 0.032359 0.115955
2 0.270877 0.149351 0.029228 0.113173
2 0.379436 0.156308 0.028184 0.117811
2 0.415971 0.157236 0.030271 0.121521
2 0.602557 0.471707 0.028706 0.114100
2 0.627610 0.135436 0.028706 0.115028
2 0.767484 0.138683 0.031837 0.114100
2 0.802714 0.144712 0.033403 0.107607
2 0.787578 0.508813 0.033403 0.114100
2 0.930585 0.161410 0.031315 0.100186
2 0.926148 0.068182 0.028706 0.082560
2 0.984342 0.608998 0.030271 0.108534