2 0.017500 0.781091 0.035000 0.059645
0 0.017500 0.901015 0.013571 0.032995
2 0.079643 0.978426 0.073571 0.040609
2 0.211786 0.930838 0.065000 0.057107
2 0.473929 0.711294 0.019286 0.049492
0 0.329286 0.562817 0.004286 0.019036
0 0.336071 0.519670 0.005000 0.019036
0 0.337143 0.525381 0.004286 0.015228
0 0.340357 0.518401 0.003571 0.021574
0 0.338929 0.526015 0.003571 0.016497
2 0.378929 0.532360 0.015000 0.026650
2 0.435714 0.556472 0.014286 0.026650
0 0.361071 0.446701 0.005000 0.017766
2 0.343929 0.437817 0.017857 0.017766
2 0.391429 0.414340 0.010000 0.016497
0 0.362143 0.396574 0.002857 0.013959
0 0.355714 0.391497 0.002857 0.011421
2 0.391786 0.380076 0.009286 0.016497
0 0.392500 0.324239 0.002143 0.008883
0 0.391071 0.330584 0.002143 0.008883
2 0.420000 0.248731 0.004286 0.007614
2 0.420714 0.242386 0.004286 0.007614
2 0.442857 0.258883 0.005714 0.010152
0 0.467143 0.257614 0.002857 0.007614
0 0.482857 0.267766 0.001429 0.007614
2 0.443214 0.237944 0.005000 0.008883
2 0.430357 0.160533 0.003571 0.003807
2 0.432500 0.172589 0.003571 0.005076
2 0.438214 0.173858 0.003571 0.005076
2 0.441786 0.178934 0.003571 0.005076
2 0.438929 0.190990 0.003571 0.006345
2 0.437500 0.184010 0.003571 0.005076
2 0.447500 0.175127 0.003571 0.005076
2 0.453214 0.187183 0.003571 0.006345
2 0.452857 0.196701 0.004286 0.007614