0 0.070250 0.248333 0.012500 0.027333
2 0.127750 0.460333 0.056500 0.066000
2 0.195250 0.484000 0.045500 0.082667
0 0.245750 0.534333 0.021500 0.039333
2 0.054500 0.583667 0.108000 0.063333
2 0.040750 0.669667 0.079500 0.070000
2 0.156500 0.560667 0.062000 0.094667
2 0.223500 0.606333 0.106000 0.075333
2 0.155250 0.679667 0.111500 0.083333
2 0.135000 0.774333 0.125000 0.114000
2 0.345750 0.603667 0.100500 0.062000
0 0.327500 0.716667 0.019000 0.049333
2 0.316250 0.939333 0.105500 0.121333
2 0.392250 0.886000 0.121500 0.164000
2 0.519250 0.821000 0.108500 0.159333
0 0.414750 0.623333 0.017500 0.038667
0 0.454500 0.613000 0.019000 0.042000
0 0.536500 0.628667 0.018000 0.048000
0 0.440750 0.561333 0.017500 0.038667
0 0.507250 0.579000 0.015500 0.039333
0 0.572000 0.461333 0.013000 0.040000
0 0.441250 0.214333 0.008500 0.020667
0 0.452500 0.226000 0.007000 0.026667
0 0.444000 0.229333 0.007000 0.024000
0 0.679250 0.444667 0.015500 0.036000
0 0.688750 0.442667 0.010500 0.028000
0 0.511250 0.365667 0.006500 0.024667
0 0.526250 0.362667 0.009500 0.033333
0 0.602250 0.346000 0.013500 0.028000
0 0.600250 0.334333 0.010500 0.022000
0 0.990000 0.654333 0.020000 0.038000
0 0.737250 0.459333 0.017500 0.036000
0 0.938500 0.316000 0.018000 0.033333
0 0.943750 0.306667 0.016500 0.032000
0 0.959250 0.311667 0.016500 0.019333
0 0.956000 0.294000 0.014000 0.030667
0 0.955000 0.281333 0.016000 0.032000
0 0.964500 0.268333 0.014000 0.023333
0 0.956500 0.257000 0.015000 0.023333
0 0.948500 0.234333 0.016000 0.032667
0 0.908750 0.269667 0.012500 0.027333
0 0.917000 0.275000 0.013000 0.031333
0 0.925250 0.271333 0.011500 0.034667
0 0.993250 0.300000 0.013500 0.036000
0 0.994500 0.286667 0.011000 0.032000
0 0.909750 0.204667 0.012500 0.024000
0 0.850750 0.385667 0.011500 0.023333
0 0.868500 0.284667 0.014000 0.033333
0 0.828000 0.293000 0.015000 0.030000
2 0.854000 0.318000 0.066000 0.053333
2 0.788500 0.354667 0.081000 0.054667
0 0.809000 0.382000 0.015000 0.022667
2 0.753000 0.324667 0.079000 0.045333
0 0.627000 0.260667 0.008000 0.029333
0 0.661500 0.258667 0.011000 0.033333
0 0.673000 0.254000 0.010000 0.028000
0 0.663500 0.242667 0.009000 0.026667
0 0.633750 0.222667 0.012500 0.033333
0 0.641000 0.185333 0.007000 0.029333
0 0.654250 0.192667 0.009500 0.030667
0 0.599750 0.198000 0.008500 0.030667
0 0.593250 0.204000 0.005500 0.018667
0 0.592250 0.191000 0.008500 0.023333
0 0.577750 0.182667 0.007500 0.028000
0 0.583000 0.182000 0.007000 0.029333
0 0.626750 0.170333 0.007500 0.030000
0 0.595250 0.165000 0.008500 0.031333
0 0.598750 0.144000 0.007500 0.025333
0 0.571250 0.148333 0.007500 0.026000
0 0.575750 0.144000 0.005500 0.018667
0 0.580000 0.138667 0.005000 0.021333
0 0.584500 0.134333 0.007000 0.019333
0 0.777000 0.143667 0.008000 0.015333
0 0.794250 0.144333 0.007500 0.016667
0 0.837250 0.149333 0.010500 0.013333
0 0.844750 0.145667 0.008500 0.012667
0 0.960750 0.229667 0.010500 0.027333
0 0.788750 0.104667 0.006500 0.012000
0 0.768250 0.103333 0.008500 0.024000
0 0.783750 0.089333 0.007500 0.022667
0 0.746500 0.086000 0.008000 0.025333
0 0.656000 0.109333 0.014000 0.016000
0 0.621500 0.128667 0.005000 0.020000
0 0.493500 0.133333 0.005000 0.024000
0 0.561250 0.112333 0.007500 0.018000
2 0.597750 0.086333 0.029500 0.024667
0 0.573250 0.070000 0.005500 0.020000
0 0.572250 0.062667 0.005500 0.016000
0 0.564750 0.056667 0.007500 0.013333
0 0.556000 0.058333 0.005000 0.022000
0 0.611000 0.047000 0.007000 0.019333
2 0.667500 0.024333 0.032000 0.019333
2 0.617750 0.024667 0.029500 0.018667
2 0.577750 0.037000 0.025500 0.024667
0 0.582000 0.054000 0.007000 0.021333
2 0.516500 0.080667 0.031000 0.020000
0 0.528500 0.028333 0.005000 0.018000
2 0.554000 0.025000 0.032000 0.023333