2 0.747129 0.921150 0.040188 0.102041
2 0.656837 0.309369 0.015136 0.026902
2 0.643789 0.258813 0.013048 0.020408
2 0.633090 0.209184 0.011482 0.017625
2 0.631263 0.195733 0.018267 0.018553
2 0.613518 0.189703 0.007829 0.015770
0 0.732777 0.430891 0.004175 0.019481
2 0.561065 0.199907 0.009395 0.017625
2 0.557672 0.131725 0.007829 0.014842
0 0.384656 0.459184 0.005219 0.011132
0 0.407359 0.371521 0.003653 0.012059
0 0.496868 0.091373 0.002088 0.006494
0 0.491388 0.094156 0.002610 0.006494
0 0.481472 0.094156 0.002610 0.006494
0 0.483038 0.102505 0.001566 0.006494
0 0.478340 0.103432 0.002610 0.008349
0 0.475470 0.112709 0.002088 0.008349
0 0.468424 0.144249 0.002610 0.006494
2 0.557150 0.097866 0.007829 0.012059
2 0.551409 0.048701 0.005741 0.012059
2 0.560282 0.033859 0.005741 0.012059
0 0.601253 0.133581 0.002088 0.007421
0 0.316806 0.788497 0.007307 0.022263
2 0.555324 0.009276 0.005219 0.009276