2 0.079071 0.667440 0.051670 0.032468
2 0.091597 0.634508 0.051670 0.031540
2 0.489823 0.183673 0.009916 0.020408
2 0.536795 0.189703 0.008873 0.017625
2 0.516962 0.451299 0.015136 0.043599
2 0.494520 0.484694 0.012004 0.039889
2 0.517223 0.520408 0.014614 0.042672
2 0.491388 0.528757 0.015136 0.051948
2 0.487735 0.588590 0.016180 0.052876
2 0.518006 0.606215 0.016180 0.056586
2 0.489040 0.670686 0.021921 0.066790
2 0.517484 0.691095 0.017223 0.057514
2 0.488779 0.750464 0.019311 0.074212
2 0.488518 0.849722 0.020877 0.092764
2 0.561848 0.852041 0.026618 0.095547
2 0.484081 0.970779 0.027662 0.056586
2 0.567850 0.971243 0.026096 0.055659
0 0.415710 0.496753 0.008873 0.010204