2 0.712143 0.538706 0.062857 0.064721
2 0.640000 0.567259 0.058571 0.065990
2 0.576429 0.595812 0.050000 0.059645
2 0.372500 0.666244 0.066429 0.068528
2 0.278214 0.267766 0.036429 0.073604
2 0.201429 0.303934 0.024286 0.082487
0 0.352143 0.567259 0.012857 0.025381
0 0.330714 0.578680 0.011429 0.017766
0 0.326071 0.598350 0.013571 0.031726
0 0.307143 0.570431 0.010000 0.021574
0 0.307857 0.592640 0.011429 0.022843
0 0.384286 0.316624 0.014286 0.031726
0 0.916786 0.696701 0.019286 0.035533
0 0.903929 0.948604 0.013571 0.029188
0 0.933214 0.970812 0.012143 0.027919
0 0.938929 0.993020 0.013571 0.011421
0 0.048214 0.699239 0.020714 0.025381
0 0.048214 0.679569 0.020714 0.024112
0 0.864643 0.132614 0.012143 0.036802