2 0.464286 0.407995 0.011429 0.031726
2 0.437143 0.612310 0.015714 0.046954
2 0.411071 0.565990 0.016429 0.032995
2 0.464286 0.634518 0.017143 0.048223
2 0.430357 0.716371 0.017857 0.052030
2 0.470357 0.263325 0.009286 0.024112
2 0.425357 0.212563 0.007857 0.016497
2 0.440000 0.194162 0.007143 0.015228
2 0.423929 0.173858 0.007857 0.017766
2 0.475714 0.223985 0.008571 0.019036
2 0.420357 0.259518 0.009286 0.019036
0 0.255357 0.953046 0.006429 0.025381
0 0.248571 0.953680 0.007143 0.026650
0 0.292143 0.784264 0.007143 0.027919
0 0.300357 0.693528 0.005000 0.021574
0 0.323571 0.748731 0.005714 0.022843
0 0.363571 0.472716 0.004286 0.016497
0 0.359643 0.473985 0.003571 0.019036
0 0.372143 0.476523 0.004286 0.019036
0 0.366071 0.467640 0.005000 0.019036
0 0.494286 0.354695 0.004286 0.016497
2 0.838571 0.642132 0.018571 0.035533
0 0.506071 0.181472 0.003571 0.012690