2 0.399643 0.553333 0.033571 0.060952
2 0.422143 0.488095 0.024286 0.042857
2 0.472857 0.495714 0.034286 0.046667
2 0.448571 0.453333 0.030000 0.036190
2 0.404286 0.450476 0.027143 0.036190
2 0.391071 0.420000 0.020714 0.030476
2 0.378929 0.396667 0.017857 0.023810
2 0.368929 0.371905 0.019286 0.023810
2 0.413929 0.396667 0.023571 0.025714
2 0.872500 0.514286 0.079286 0.047619
2 0.376071 0.330476 0.017857 0.022857
0 0.334286 0.575714 0.017143 0.033333
0 0.355000 0.566190 0.017143 0.033333
0 0.306071 0.574762 0.013571 0.025714
2 0.851071 0.561905 0.027857 0.024762
0 0.829286 0.595714 0.014286 0.037143
0 0.853571 0.553810 0.008571 0.025714
0 0.861071 0.554762 0.007857 0.025714
0 0.740000 0.552381 0.008571 0.028571
0 0.767500 0.530000 0.010714 0.029524
2 0.731071 0.470476 0.032143 0.040000
2 0.912143 0.503333 0.058571 0.048571
2 0.912500 0.468095 0.063571 0.039048
2 0.934643 0.485714 0.066429 0.041905
2 0.967500 0.497619 0.062143 0.037143
2 0.976429 0.514762 0.047143 0.046667
0 0.361429 0.755238 0.025714 0.047619