0 0.215000 0.021905 0.011429 0.036190
0 0.223929 0.022381 0.012143 0.037143
0 0.333571 0.015714 0.010000 0.029524
2 0.258571 0.093810 0.067143 0.044762
2 0.258571 0.119048 0.064286 0.053333
2 0.232500 0.144286 0.083571 0.054286
2 0.217143 0.193810 0.060000 0.063810
2 0.173929 0.260476 0.060714 0.084762
2 0.122143 0.359524 0.084286 0.107619
2 0.024286 0.388571 0.048571 0.100952
2 0.052857 0.494762 0.105714 0.151429
0 0.812500 0.717619 0.036429 0.060000
0 0.651071 0.892381 0.040714 0.072381
0 0.845714 0.380000 0.008571 0.032381
2 0.682500 0.336190 0.060714 0.095238
2 0.587143 0.332857 0.050000 0.086667
2 0.560357 0.046190 0.026429 0.044762
2 0.465714 0.013333 0.055714 0.026667
2 0.463571 0.028571 0.058571 0.030476
2 0.460000 0.042381 0.057143 0.042857
2 0.458214 0.068571 0.057857 0.047619
2 0.475000 0.086667 0.058571 0.041905
0 0.100714 0.129524 0.014286 0.030476
2 0.407500 0.481429 0.070714 0.130476