2 0.421500 0.963333 0.078000 0.073333
2 0.413750 0.850000 0.084500 0.110667
2 0.416750 0.765333 0.062500 0.094667
2 0.418250 0.692333 0.060500 0.075333
2 0.425500 0.540000 0.053000 0.048000
2 0.669500 0.878667 0.065000 0.116000
0 0.729500 0.881333 0.018000 0.038667
0 0.738250 0.893000 0.012500 0.030000
0 0.744750 0.911667 0.007500 0.027333
2 0.984500 0.730333 0.031000 0.056667
2 0.787750 0.514333 0.046500 0.048667
2 0.811750 0.533667 0.019500 0.022000
2 0.564000 0.586000 0.042000 0.042667
2 0.544750 0.523333 0.039500 0.044000
2 0.418250 0.474667 0.021500 0.037333
2 0.532000 0.487667 0.044000 0.035333
2 0.531000 0.469000 0.041000 0.032667
2 0.647000 0.331667 0.018000 0.019333
2 0.418000 0.440333 0.020000 0.032667
0 0.486750 0.401333 0.006500 0.013333
0 0.479500 0.392667 0.005000 0.012000
0 0.478250 0.364333 0.005500 0.012667
2 0.498500 0.353667 0.015000 0.019333
2 0.494250 0.341667 0.012500 0.016667
2 0.419750 0.353333 0.012500 0.017333
2 0.489000 0.319667 0.013000 0.016667
2 0.460500 0.281000 0.010000 0.011333
2 0.441500 0.272333 0.009000 0.011333
2 0.421000 0.315667 0.012000 0.015333
2 0.420750 0.306333 0.010500 0.014000
2 0.422000 0.298000 0.011000 0.013333
2 0.422750 0.273000 0.008500 0.011333
2 0.423000 0.266000 0.009000 0.012000
2 0.422750 0.257667 0.008500 0.010000
2 0.533500 0.328333 0.027000 0.015333
2 0.595000 0.324667 0.021000 0.020000
2 0.580500 0.316667 0.026000 0.016000
2 0.576500 0.279333 0.011000 0.012000
2 0.521250 0.243000 0.014500 0.010000
2 0.539000 0.231000 0.008000 0.008667
2 0.440500 0.225667 0.006000 0.007333
0 0.433000 0.253000 0.003000 0.006000
0 0.429000 0.223667 0.002000 0.004667
2 0.437250 0.215333 0.006500 0.008000
2 0.424750 0.222667 0.006500 0.006667