2 0.212500 0.084762 0.083571 0.055238
0 0.257857 0.154286 0.015714 0.030476
0 0.143929 0.204286 0.016429 0.023810
0 0.176429 0.244286 0.015714 0.023810
2 0.155000 0.559524 0.031429 0.016190
2 0.147500 0.590000 0.030714 0.014286
0 0.078571 0.795714 0.022857 0.016190
0 0.080714 0.817143 0.025714 0.015238
0 0.105714 0.803810 0.024286 0.019048
0 0.094286 0.835714 0.027143 0.020000
2 0.285000 0.918095 0.041429 0.110476
2 0.445000 0.960952 0.032857 0.076190
2 0.310714 0.521905 0.040000 0.104762
2 0.313214 0.364762 0.039286 0.097143