0 0.372143 0.795714 0.018571 0.040952
0 0.368571 0.489524 0.017143 0.047619
0 0.431786 0.453333 0.013571 0.043810
0 0.432143 0.393333 0.015714 0.038095
0 0.430357 0.354286 0.012143 0.045714
0 0.409286 0.371905 0.015714 0.040952
0 0.250714 0.545238 0.018571 0.046667
2 0.664643 0.313333 0.043571 0.076190
0 0.444643 0.290952 0.015000 0.042857
0 0.450000 0.390476 0.011429 0.038095
0 0.543571 0.076190 0.007143 0.032381
0 0.483214 0.074762 0.009286 0.016190
2 0.472857 0.023810 0.025714 0.041905
0 0.515357 0.009048 0.007857 0.018095
2 0.661786 0.816667 0.063571 0.176190
2 0.965000 0.374762 0.070000 0.060000
2 0.952143 0.333333 0.095714 0.057143
2 0.867500 0.194762 0.087857 0.056190
2 0.822857 0.160476 0.075714 0.054286
2 0.748571 0.126190 0.032857 0.048571
2 0.840357 0.135238 0.076429 0.043810
2 0.810000 0.112857 0.065714 0.044762
2 0.797143 0.076190 0.042857 0.053333
0 0.765714 0.062857 0.010000 0.030476
2 0.875000 0.010952 0.027143 0.021905
2 0.922143 0.779048 0.104286 0.173333
2 0.972857 0.773810 0.054286 0.160952
2 0.924286 0.601429 0.081429 0.130476
2 0.919286 0.493810 0.124286 0.071429
0 0.972857 0.514762 0.021429 0.058095