2 0.389250 0.920333 0.065500 0.159333
2 0.401750 0.718333 0.056500 0.156667
2 0.440750 0.269000 0.028500 0.047333
2 0.588750 0.284000 0.054500 0.056000
2 0.656750 0.520000 0.049500 0.089333
2 0.035250 0.300667 0.057500 0.058667
2 0.447250 0.083667 0.016500 0.023333
2 0.450500 0.042000 0.014000 0.022667
2 0.533000 0.018333 0.014000 0.018000
0 0.463750 0.051000 0.005500 0.010000
2 0.493750 0.039333 0.013500 0.021333
2 0.563750 0.078333 0.028500 0.022000
2 0.540250 0.033333 0.018500 0.018667
2 0.599250 0.132667 0.043500 0.028000
2 0.447250 0.107000 0.024500 0.023333
2 0.440750 0.148333 0.020500 0.032667
2 0.442000 0.215667 0.024000 0.044667
2 0.280500 0.364667 0.077000 0.048000
2 0.711750 0.430000 0.091500 0.049333
2 0.712500 0.389667 0.078000 0.042000
2 0.716250 0.355000 0.072500 0.043333
2 0.635500 0.207667 0.058000 0.036667
2 0.627000 0.195667 0.057000 0.031333
0 0.585000 0.020000 0.005000 0.020000
0 0.576750 0.016333 0.005500 0.016667
0 0.534500 0.073667 0.004000 0.019333
0 0.586250 0.015667 0.004500 0.019333
0 0.554750 0.019333 0.003500 0.017333
0 0.544500 0.020667 0.004000 0.017333
0 0.531750 0.068000 0.003500 0.017333
0 0.531750 0.076667 0.003500 0.013333
0 0.536250 0.068667 0.002500 0.009333
0 0.559250 0.014333 0.003500 0.011333
0 0.470500 0.028333 0.006000 0.018000
0 0.509500 0.196667 0.009000 0.020000
0 0.586000 0.413667 0.013000 0.024667
0 0.583750 0.412000 0.010500 0.025333
0 0.628500 0.260000 0.013000 0.026667
0 0.404000 0.469667 0.019000 0.027333
0 0.116250 0.378667 0.007500 0.012000
2 0.447250 0.060667 0.014500 0.020000
0 0.726500 0.515667 0.022000 0.038000
0 0.122000 0.383000 0.014000 0.031333
0 0.129000 0.381000 0.013000 0.020667
0 0.748500 0.320000 0.011000 0.025333
0 0.661000 0.251333 0.004000 0.012000
0 0.662250 0.258667 0.007500 0.026667
0 0.470500 0.078000 0.005000 0.020000
0 0.424750 0.064333 0.005500 0.019333