2 0.057857 0.263810 0.017143 0.036190
2 0.538571 0.100952 0.025714 0.019048
2 0.717857 0.205714 0.017143 0.038095
2 0.738571 0.176190 0.012857 0.034286
2 0.750357 0.212381 0.025000 0.024762
2 0.692857 0.307619 0.017143 0.049524
2 0.877857 0.065238 0.017143 0.035238
2 0.932143 0.027619 0.030000 0.022857
2 0.933571 0.049048 0.028571 0.021905
2 0.957143 0.171429 0.030000 0.020952
2 0.961071 0.187619 0.029286 0.019048
2 0.960357 0.208095 0.029286 0.020000
2 0.965714 0.226190 0.030000 0.020000
2 0.731786 0.412381 0.016429 0.036190
2 0.710357 0.505238 0.027857 0.023810
2 0.486786 0.514286 0.026429 0.020952
2 0.466429 0.463810 0.027143 0.020952
2 0.379286 0.488571 0.028571 0.019048
2 0.409643 0.421905 0.017857 0.038095
2 0.343929 0.496190 0.026429 0.019048
2 0.225714 0.452381 0.025714 0.026667
2 0.235714 0.526190 0.028571 0.021905
2 0.267500 0.517619 0.029286 0.021905