2 0.498214 0.397619 0.099286 0.063810
2 0.672500 0.347143 0.102143 0.058095
2 0.836071 0.414762 0.105000 0.060000
2 0.892500 0.358095 0.103571 0.060952
2 0.562500 0.593810 0.116429 0.079048
2 0.220357 0.404286 0.109286 0.054286
2 0.241786 0.329048 0.100714 0.054286
2 0.259286 0.664286 0.140000 0.084762
2 0.296429 0.474762 0.108571 0.067619
2 0.441786 0.760476 0.145000 0.101905
2 0.032857 0.598095 0.065714 0.078095
2 0.698929 0.872381 0.146429 0.102857
2 0.892143 0.865714 0.148571 0.093333
0 0.932500 0.778571 0.029286 0.050476