2 0.901750 0.861667 0.108500 0.108667
2 0.776000 0.736000 0.080000 0.052000
2 0.683500 0.794333 0.044000 0.078000
2 0.519250 0.871333 0.104500 0.093333
2 0.411750 0.735000 0.076500 0.059333
2 0.396000 0.700667 0.084000 0.052000
0 0.224000 0.676000 0.015000 0.033333
0 0.402000 0.491000 0.006000 0.024667
2 0.945500 0.413333 0.034000 0.021333
2 0.845500 0.394000 0.026000 0.022667
2 0.817750 0.378000 0.022500 0.017333
2 0.655750 0.378333 0.031500 0.019333
2 0.695500 0.361667 0.031000 0.020667
2 0.633000 0.351000 0.027000 0.018000
2 0.524500 0.431000 0.041000 0.023333
0 0.406000 0.392000 0.005000 0.017333
2 0.413000 0.407667 0.016000 0.020667
0 0.508500 0.339000 0.004000 0.014000
2 0.368250 0.388667 0.020500 0.021333