2 0.615500 0.875000 0.071000 0.134000
2 0.768000 0.794333 0.087000 0.119333
2 0.578500 0.697667 0.054000 0.096667
2 0.407250 0.838333 0.051500 0.140667
2 0.401250 0.971000 0.061500 0.051333
2 0.841000 0.945333 0.112000 0.106667
2 0.637000 0.491667 0.042000 0.043333
2 0.331000 0.663000 0.044000 0.094000
2 0.292500 0.560667 0.041000 0.069333
2 0.309250 0.495333 0.043500 0.062667
2 0.333750 0.358000 0.024500 0.026667
2 0.340000 0.310667 0.022000 0.021333
2 0.337750 0.334333 0.023500 0.026000
2 0.338000 0.267667 0.025000 0.023333
2 0.499750 0.252667 0.022500 0.022667
2 0.588500 0.395667 0.036000 0.034000
2 0.557250 0.338333 0.029500 0.031333
2 0.376500 0.371000 0.024000 0.038000
2 0.387250 0.236333 0.016500 0.019333
2 0.355750 0.173333 0.010500 0.010667