0 0.155500 0.904333 0.019000 0.056667
0 0.332500 0.972667 0.020000 0.054667
0 0.137000 0.811333 0.020000 0.049333
0 0.223250 0.773000 0.014500 0.043333
2 0.279250 0.690667 0.044500 0.076000
2 0.304500 0.620667 0.033000 0.052000
2 0.316500 0.562000 0.030000 0.042667
0 0.335250 0.655000 0.011500 0.028667
0 0.376500 0.655667 0.011000 0.026000
0 0.374250 0.628333 0.012500 0.030000
0 0.372750 0.629667 0.006500 0.012667
0 0.392250 0.612333 0.008500 0.034000
0 0.421250 0.633667 0.011500 0.034000
2 0.438750 0.615333 0.050500 0.045333
0 0.381000 0.581667 0.008000 0.016667
0 0.380750 0.575000 0.007500 0.018000
0 0.352500 0.544667 0.009000 0.020000
0 0.399500 0.550000 0.006000 0.028000
0 0.418750 0.555667 0.007500 0.028667
0 0.433250 0.562000 0.007500 0.029333
0 0.435250 0.554333 0.006500 0.012667
0 0.401500 0.515000 0.006000 0.022000
0 0.407250 0.523667 0.005500 0.019333
0 0.382000 0.489667 0.006000 0.020667
0 0.351250 0.501000 0.007500 0.022000
0 0.363500 0.494333 0.007000 0.023333
0 0.352750 0.481667 0.006500 0.022000
0 0.359250 0.481333 0.005500 0.021333
0 0.337000 0.478333 0.007000 0.012667
0 0.359000 0.462333 0.005000 0.019333
0 0.398750 0.463333 0.004500 0.018667
0 0.401250 0.461333 0.003500 0.018667
0 0.389500 0.450667 0.007000 0.018667
0 0.398250 0.449333 0.004500 0.014667
0 0.359500 0.447000 0.004000 0.019333
0 0.349250 0.434667 0.006500 0.014667
0 0.357250 0.432667 0.005500 0.016000
0 0.364750 0.435000 0.004500 0.018000
0 0.367250 0.424000 0.004500 0.012000
0 0.357000 0.418000 0.004000 0.016000
0 0.351750 0.409000 0.003500 0.016667
0 0.389500 0.434333 0.006000 0.016667
0 0.388250 0.423000 0.005500 0.016667
0 0.392500 0.423000 0.004000 0.016667
0 0.397500 0.423000 0.005000 0.018000
0 0.397750 0.420000 0.003500 0.017333
0 0.391250 0.404333 0.003500 0.015333
0 0.396000 0.406333 0.004000 0.016667
0 0.393500 0.402667 0.003000 0.016000
0 0.393500 0.398000 0.004000 0.013333
0 0.360000 0.394000 0.004000 0.016000
0 0.370000 0.390667 0.005000 0.014667
0 0.362750 0.381333 0.004500 0.009333
0 0.355500 0.391667 0.003000 0.015333
0 0.372250 0.375000 0.003500 0.014000
0 0.368500 0.373333 0.003000 0.010667
0 0.380250 0.372333 0.003500 0.012667
0 0.384500 0.369000 0.003000 0.014000
0 0.386500 0.363667 0.004000 0.011333
0 0.396250 0.368333 0.003500 0.010000
0 0.396750 0.369333 0.002500 0.009333
0 0.403500 0.361000 0.003000 0.011333
0 0.399500 0.353333 0.003000 0.009333
0 0.382250 0.360667 0.003500 0.012000
0 0.375250 0.351667 0.002500 0.007333
0 0.373250 0.351000 0.002500 0.008667
0 0.389750 0.351333 0.002500 0.009333
0 0.379000 0.353333 0.002000 0.006667
0 0.381500 0.354667 0.002000 0.008000
0 0.380750 0.345333 0.003500 0.009333
0 0.373000 0.343000 0.004000 0.008667
0 0.389500 0.342000 0.003000 0.010667
0 0.386750 0.345333 0.003500 0.010667
0 0.386000 0.340667 0.002000 0.010667
2 0.400250 0.341667 0.016500 0.010000
0 0.398500 0.337333 0.002000 0.009333
0 0.390250 0.331667 0.003500 0.007333
0 0.394500 0.336333 0.003000 0.010000
2 0.536000 0.631667 0.075000 0.043333
2 0.580750 0.702000 0.076500 0.045333
0 0.523750 0.753667 0.009500 0.044667
2 0.680750 0.687333 0.080500 0.056000
0 0.515250 0.492000 0.006500 0.022667
0 0.486750 0.466333 0.003500 0.012667
0 0.482500 0.464333 0.005000 0.019333
0 0.478500 0.449333 0.005000 0.021333
0 0.503250 0.382000 0.002500 0.013333
0 0.507750 0.383333 0.004500 0.010667
2 0.491000 0.406333 0.035000 0.016667
2 0.507250 0.444000 0.038500 0.022667
2 0.531250 0.458000 0.039500 0.021333
2 0.761500 0.456000 0.038000 0.024000
2 0.888750 0.344333 0.021500 0.016667
2 0.832500 0.351000 0.019000 0.011333
2 0.832750 0.345667 0.019500 0.014000