0 0.474687 0.520408 0.005741 0.031540
0 0.486952 0.519481 0.007307 0.031540
0 0.481994 0.513451 0.006785 0.030612
0 0.449635 0.545918 0.009916 0.023191
2 0.609342 0.594156 0.029749 0.084416
2 0.780010 0.674861 0.039144 0.078850
0 0.621347 0.230983 0.004697 0.020408
2 0.714248 0.236085 0.018267 0.021336
2 0.704854 0.139147 0.021399 0.018553
0 0.687891 0.115955 0.003132 0.012987
0 0.638831 0.124768 0.004175 0.013915
0 0.651096 0.113636 0.002610 0.012059
0 0.646660 0.115492 0.003132 0.006494
2 0.665710 0.077922 0.005741 0.011132
2 0.652140 0.070037 0.005741 0.010204
0 0.671712 0.066327 0.002088 0.008349
2 0.675887 0.065863 0.007307 0.011132
2 0.696503 0.065863 0.005741 0.011132
0 0.703810 0.068182 0.002610 0.008349
0 0.701722 0.068646 0.001566 0.007421
2 0.654489 0.078386 0.006263 0.010204
2 0.659447 0.041280 0.005741 0.008349
2 0.665449 0.032931 0.007307 0.006494
2 0.694937 0.028757 0.006785 0.009276
0 0.652140 0.089054 0.002610 0.009276
0 0.675104 0.032004 0.001566 0.004638
2 0.692067 0.012059 0.004175 0.005566