2 0.441786 0.038571 0.053571 0.077143
2 0.452500 0.180476 0.053571 0.122857
2 0.433929 0.314762 0.049286 0.128571
2 0.440357 0.457143 0.052143 0.154286
2 0.285357 0.678095 0.082143 0.184762
2 0.397143 0.687143 0.128571 0.172381
0 0.520714 0.585238 0.020000 0.069524
2 0.212143 0.864286 0.150000 0.172381
2 0.661429 0.931429 0.074286 0.131429
2 0.661786 0.093333 0.047857 0.083810
2 0.715000 0.107143 0.051429 0.090476
2 0.740357 0.210000 0.057857 0.098095
2 0.767143 0.365238 0.070000 0.124762
2 0.808929 0.536667 0.077857 0.149524
2 0.869286 0.751429 0.098571 0.194286
2 0.935000 0.946667 0.095714 0.104762