2 0.433250 0.798000 0.026500 0.042667
2 0.471250 0.816333 0.036500 0.047333
2 0.568750 0.810333 0.052500 0.052667
2 0.437250 0.753000 0.022500 0.036667
2 0.440000 0.700000 0.019000 0.026667
2 0.577500 0.688000 0.038000 0.022667
2 0.692000 0.872333 0.071000 0.042000
2 0.691000 0.905667 0.076000 0.042000
2 0.693250 0.947000 0.090500 0.056667
2 0.610000 0.747000 0.051000 0.030000
2 0.601750 0.737333 0.048500 0.028000
2 0.547250 0.648333 0.024500 0.016667
0 0.381500 0.983667 0.014000 0.028667
2 0.450500 0.668667 0.015000 0.018667
2 0.449000 0.651667 0.014000 0.016667
2 0.450000 0.635333 0.012000 0.014667
2 0.453750 0.622667 0.011500 0.014667
2 0.460250 0.585333 0.009500 0.010667
2 0.459250 0.578000 0.009500 0.009333
2 0.470000 0.572333 0.009000 0.008667
2 0.494750 0.577333 0.009500 0.009333
2 0.481500 0.555333 0.006000 0.008000
2 0.463000 0.557333 0.006000 0.008000
2 0.464750 0.548333 0.006500 0.007333
2 0.466500 0.544333 0.006000 0.007333
2 0.527750 0.617000 0.015500 0.014000
2 0.522250 0.605667 0.010500 0.011333
2 0.528250 0.591333 0.011500 0.012000
2 0.522000 0.580000 0.017000 0.009333
2 0.518500 0.576333 0.017000 0.008667
2 0.511000 0.575000 0.016000 0.008667
2 0.521500 0.570333 0.017000 0.008667
2 0.517750 0.566000 0.016500 0.008000
2 0.516250 0.563000 0.019500 0.008667
2 0.514750 0.557667 0.017500 0.008667
2 0.511000 0.552333 0.014000 0.007333
2 0.512750 0.550667 0.014500 0.006667
0 0.706500 0.831000 0.010000 0.034000
0 0.629500 0.776000 0.007000 0.026667
0 0.627750 0.767333 0.003500 0.012000
0 0.605000 0.787667 0.006000 0.022000
0 0.537000 0.758000 0.007000 0.017333
0 0.476500 0.633333 0.004000 0.009333
0 0.471250 0.595000 0.002500 0.007333
0 0.497250 0.586667 0.002500 0.005333
0 0.560000 0.612000 0.004000 0.014667
0 0.564250 0.602333 0.003500 0.012667
0 0.542000 0.609000 0.004000 0.011333
0 0.531750 0.605667 0.003500 0.008667
0 0.607500 0.685667 0.006000 0.012667
0 0.625000 0.793667 0.007000 0.024667
2 0.050500 0.822333 0.062000 0.055333
2 0.030750 0.910000 0.061500 0.038667
0 0.278000 0.662000 0.005000 0.016000
0 0.442500 0.623333 0.005000 0.013333
0 0.440000 0.665333 0.004000 0.017333
0 0.486500 0.655000 0.004000 0.015333
0 0.484500 0.651667 0.004000 0.015333
0 0.491000 0.653333 0.002000 0.006667
0 0.488250 0.651000 0.002500 0.007333
0 0.531250 0.570000 0.002500 0.008000
0 0.552750 0.602667 0.002500 0.009333
0 0.532250 0.552667 0.002500 0.008000
0 0.518000 0.541000 0.002000 0.007333
2 0.509500 0.544000 0.012000 0.006667
2 0.486250 0.538333 0.005500 0.006000
0 0.204000 0.893000 0.006000 0.018000
0 0.194500 0.895333 0.010000 0.034667
0 0.193000 0.889000 0.004000 0.010000
2 0.470250 0.535333 0.010500 0.005333
2 0.506000 0.535667 0.011000 0.006000
2 0.495250 0.528000 0.008500 0.005333
2 0.471500 0.525667 0.010000 0.006000
2 0.489250 0.520333 0.004500 0.006000
2 0.481500 0.520000 0.005000 0.005333
2 0.508750 0.525000 0.011500 0.006000
2 0.501750 0.520000 0.007500 0.005333