2 0.363929 0.724286 0.059286 0.084762
2 0.452857 0.707619 0.047143 0.091429
2 0.461429 0.563333 0.034286 0.052381
2 0.429286 0.506667 0.031429 0.034286
2 0.470714 0.420000 0.018571 0.019048
2 0.477143 0.383333 0.015714 0.014286
0 0.052857 0.545714 0.011429 0.030476
0 0.061786 0.547143 0.013571 0.033333
0 0.286786 0.385238 0.006429 0.014286
2 0.488929 0.361429 0.012143 0.016190
2 0.503571 0.352381 0.010000 0.013333
2 0.530000 0.357143 0.011429 0.013333
2 0.509643 0.321905 0.006429 0.011429
2 0.505714 0.310952 0.005714 0.006667
0 0.521429 0.352857 0.001429 0.010476
2 0.592857 0.361905 0.014286 0.013333
2 0.688214 0.455714 0.053571 0.023810
2 0.635714 0.371429 0.028571 0.015238
0 0.530357 0.465238 0.005000 0.021905
0 0.538214 0.469048 0.003571 0.018095
0 0.530357 0.496667 0.003571 0.018095
0 0.532500 0.521905 0.003571 0.017143
0 0.539643 0.522857 0.005000 0.026667
2 0.863929 0.709048 0.112143 0.063810
2 0.804286 0.633810 0.087143 0.052381
0 0.752500 0.617619 0.007857 0.031429
0 0.776071 0.596190 0.007857 0.028571