0 0.309500 0.041667 0.029000 0.078000
0 0.440250 0.171000 0.028500 0.092667
0 0.369750 0.217333 0.022500 0.086667
0 0.471250 0.226667 0.027500 0.089333
0 0.494000 0.221000 0.018000 0.082000
0 0.320750 0.245667 0.064500 0.120667
0 0.461750 0.016000 0.019500 0.032000
0 0.486000 0.020333 0.018000 0.040667
0 0.213500 0.503000 0.043000 0.068667
0 0.123000 0.528667 0.070000 0.078667
0 0.349250 0.394667 0.033500 0.082667
0 0.360000 0.477000 0.034000 0.084667
0 0.336250 0.460000 0.038500 0.085333
0 0.506750 0.037000 0.015500 0.067333
0 0.523000 0.043333 0.017000 0.068000
0 0.516250 0.059000 0.015500 0.088667
0 0.488500 0.076667 0.016000 0.080000
0 0.505500 0.093333 0.014000 0.061333
0 0.525500 0.124000 0.022000 0.076000
0 0.562000 0.129000 0.022000 0.080667
0 0.583500 0.122000 0.020000 0.074667
0 0.589750 0.144333 0.017500 0.075333
0 0.541750 0.188667 0.020500 0.086667
0 0.493250 0.090667 0.018500 0.078667
0 0.578000 0.026000 0.019000 0.052000
0 0.413500 0.232667 0.025000 0.052000
0 0.524750 0.295000 0.018500 0.084667
0 0.540500 0.322000 0.019000 0.082667
0 0.590500 0.369000 0.026000 0.083333
0 0.550250 0.423667 0.022500 0.076667
0 0.597500 0.277333 0.021000 0.057333
0 0.961000 0.331333 0.049000 0.100000
0 0.908500 0.349000 0.057000 0.082000
0 0.469500 0.483333 0.032000 0.064000
0 0.264000 0.562000 0.046000 0.077333
0 0.263750 0.614000 0.046500 0.081333
0 0.297500 0.729000 0.043000 0.074000
0 0.329750 0.712333 0.037500 0.042000
0 0.334500 0.744000 0.047000 0.070667
0 0.042750 0.842333 0.084500 0.059333
0 0.620500 0.777667 0.037000 0.072667
0 0.752250 0.987000 0.053500 0.026000
0 0.737500 0.991333 0.037000 0.017333
0 0.407250 0.210667 0.034500 0.049333