0 0.566071 0.121905 0.013571 0.032381
0 0.345000 0.219048 0.008571 0.034286
2 0.042857 0.368095 0.084286 0.077143
2 0.104286 0.335714 0.067143 0.044762
2 0.079643 0.378095 0.083571 0.068571
2 0.111429 0.393333 0.085714 0.072381
2 0.163214 0.353810 0.063571 0.046667
2 0.150000 0.403333 0.084286 0.080952
0 0.170000 0.470952 0.022857 0.048571
2 0.117143 0.533810 0.108571 0.075238
2 0.233929 0.584286 0.109286 0.082857
2 0.408929 0.491905 0.070714 0.096190
2 0.454643 0.510000 0.069286 0.096190
2 0.500357 0.534762 0.065000 0.092381
2 0.550357 0.555238 0.060714 0.100952
2 0.615000 0.575714 0.058571 0.101905
2 0.671071 0.594286 0.069286 0.112381
2 0.737500 0.623810 0.057857 0.114286
2 0.795357 0.639524 0.056429 0.124762
2 0.866071 0.667619 0.059286 0.125714
2 0.935714 0.694762 0.068571 0.138095
0 0.820357 0.716190 0.033571 0.053333
2 0.475714 0.697143 0.128571 0.100952
2 0.642857 0.762857 0.151429 0.112381
2 0.792857 0.827619 0.134286 0.104762
2 0.930714 0.923333 0.138571 0.130476