2 0.323929 0.155457 0.019286 0.046954
2 0.209286 0.491751 0.014286 0.049492
2 0.242143 0.433376 0.017143 0.052030
2 0.251071 0.737310 0.017857 0.050761
2 0.387143 0.569797 0.014286 0.053299
2 0.442143 0.783629 0.012857 0.054569
2 0.440357 0.552665 0.013571 0.054569
2 0.808571 0.746827 0.020000 0.057107
2 0.789286 0.661802 0.020000 0.057107
2 0.735357 0.375635 0.019286 0.058376
0 0.724286 0.024112 0.007143 0.010152
2 0.427857 0.050127 0.012857 0.049492
2 0.433571 0.166878 0.012857 0.052030
2 0.491071 0.414975 0.012143 0.053299