2 0.338571 0.423223 0.014286 0.034264
2 0.315714 0.460025 0.015714 0.036802
2 0.312500 0.617386 0.020714 0.052030
2 0.310000 0.689086 0.021429 0.060914
2 0.375714 0.962563 0.024286 0.072335
2 0.327857 0.119924 0.007143 0.016497
2 0.321429 0.204949 0.008571 0.019036
2 0.338214 0.145305 0.009286 0.016497
2 0.354286 0.370558 0.011429 0.030457
2 0.357500 0.405457 0.013571 0.031726
2 0.337857 0.303934 0.010000 0.024112
2 0.317143 0.401650 0.014286 0.031726
2 0.318214 0.376269 0.013571 0.029188
2 0.321071 0.253807 0.012143 0.022843
2 0.345000 0.058376 0.015714 0.012690
2 0.363929 0.053934 0.016429 0.011421
2 0.353214 0.322335 0.010714 0.025381
2 0.354643 0.342640 0.012143 0.022843
2 0.358571 0.461294 0.014286 0.041878
2 0.362143 0.547589 0.017143 0.044416
2 0.363571 0.595812 0.017143 0.041878
2 0.365000 0.644670 0.020000 0.045685
2 0.366786 0.711929 0.020714 0.055838
2 0.336429 0.257614 0.010000 0.038071
0 0.544286 0.468274 0.007143 0.027919
0 0.561786 0.442259 0.006429 0.026650
0 0.508929 0.432107 0.005000 0.011421
0 0.546429 0.435279 0.004286 0.012690
0 0.577143 0.440355 0.004286 0.017766
0 0.568571 0.432741 0.004286 0.017766
0 0.581786 0.436548 0.003571 0.015228
0 0.572500 0.431472 0.003571 0.015228
0 0.586786 0.421320 0.003571 0.022843
0 0.562857 0.378173 0.005714 0.020305
0 0.641071 0.366117 0.005000 0.013959
0 0.562857 0.427030 0.004286 0.016497
0 0.568571 0.425127 0.002857 0.015228
0 0.575357 0.430838 0.003571 0.013959
0 0.580714 0.422589 0.004286 0.012690
0 0.585000 0.416244 0.004286 0.017766
0 0.528214 0.703046 0.006429 0.020305
0 0.693929 0.798858 0.007857 0.036802
0 0.703929 0.795685 0.007857 0.035533
0 0.830000 0.782995 0.007143 0.022843
0 0.873214 0.676396 0.007857 0.030457
0 0.762857 0.621193 0.007143 0.031726
0 0.770714 0.629442 0.004286 0.015228
0 0.750357 0.534264 0.007857 0.027919
0 0.732500 0.532360 0.005000 0.016497
0 0.840000 0.617386 0.007143 0.029188
0 0.768929 0.529822 0.006429 0.029188
0 0.745714 0.494289 0.007143 0.024112
0 0.734643 0.461929 0.006429 0.022843
0 0.742143 0.461294 0.007143 0.024112
0 0.727143 0.447335 0.004286 0.019036
0 0.721786 0.432741 0.005000 0.020305
0 0.697143 0.385152 0.005714 0.024112
0 0.766071 0.500635 0.005000 0.026650
0 0.782857 0.527919 0.007143 0.025381
0 0.800000 0.555838 0.005714 0.025381
0 0.829643 0.590736 0.006429 0.026650
0 0.794286 0.535533 0.005714 0.022843
0 0.775357 0.501904 0.007857 0.021574
0 0.776786 0.475254 0.006429 0.026650
0 0.847500 0.583122 0.006429 0.029188
0 0.871786 0.619289 0.007857 0.030457
0 0.876071 0.625635 0.005000 0.017766
0 0.877500 0.637690 0.009286 0.016497
0 0.928214 0.710025 0.010714 0.029188
0 0.813214 0.573604 0.006429 0.022843
0 0.810714 0.560279 0.005714 0.021574
0 0.808571 0.546954 0.004286 0.020305
0 0.758929 0.473350 0.006429 0.020305
0 0.758214 0.456218 0.003571 0.016497
0 0.761786 0.452411 0.005000 0.019036
0 0.769643 0.457487 0.006429 0.024112
0 0.789643 0.484137 0.005000 0.021574
0 0.782500 0.479061 0.006429 0.026650
2 0.830714 0.564721 0.005714 0.025381