2 0.650357 0.860000 0.159286 0.118095
2 0.657143 0.765238 0.144286 0.101905
2 0.478214 0.635714 0.072143 0.111429
2 0.382143 0.911429 0.117143 0.177143
2 0.095357 0.772857 0.143571 0.172381
2 0.229643 0.589048 0.089286 0.105714
2 0.086071 0.567143 0.112143 0.113333
2 0.125714 0.609048 0.108571 0.115238
2 0.504643 0.522857 0.052143 0.089524
2 0.530714 0.439524 0.044286 0.071429
2 0.561786 0.377143 0.037857 0.043810
2 0.400357 0.449524 0.055000 0.062857
2 0.194643 0.462381 0.077857 0.082857
2 0.237143 0.482381 0.072857 0.080952
0 0.510000 0.772857 0.030000 0.063810
2 0.669286 0.509048 0.108571 0.058095
0 0.621429 0.436190 0.014286 0.043810
0 0.585357 0.439524 0.015000 0.039048
0 0.593214 0.440952 0.012143 0.038095
0 0.659286 0.400000 0.012857 0.038095
0 0.719286 0.415238 0.012857 0.040000
2 0.582857 0.301905 0.038571 0.055238
2 0.591786 0.281905 0.025000 0.036190
2 0.592500 0.240476 0.025000 0.033333
2 0.622500 0.245714 0.023571 0.032381
2 0.646786 0.316667 0.027857 0.044762
2 0.698214 0.340476 0.059286 0.040952
2 0.701786 0.326667 0.065000 0.030476
2 0.698571 0.315238 0.064286 0.034286
2 0.673214 0.297143 0.053571 0.032381
2 0.661071 0.285714 0.050714 0.024762
2 0.670714 0.270476 0.051429 0.028571
0 0.618929 0.283333 0.007857 0.021905
0 0.642143 0.171429 0.005714 0.017143
0 0.663571 0.150000 0.005714 0.014286
0 0.680714 0.152857 0.005714 0.012381
0 0.717500 0.113810 0.003571 0.010476
0 0.719643 0.094762 0.003571 0.008571
0 0.749286 0.068095 0.002857 0.004762
0 0.753571 0.060952 0.002857 0.007619
0 0.749286 0.063333 0.002857 0.006667
0 0.747143 0.065714 0.002857 0.007619
0 0.742143 0.077143 0.002857 0.007619
0 0.745000 0.077143 0.002857 0.009524
0 0.695357 0.145714 0.005000 0.017143
0 0.724286 0.100476 0.004286 0.010476
0 0.733214 0.099048 0.003571 0.011429
0 0.731429 0.095238 0.004286 0.009524
0 0.740000 0.088095 0.002857 0.010476
2 0.708214 0.101429 0.013571 0.014286
0 0.647143 0.144762 0.004286 0.011429
2 0.707857 0.170952 0.037143 0.020000
2 0.711071 0.164286 0.033571 0.020000
2 0.711071 0.160000 0.032143 0.019048
2 0.715000 0.157619 0.031429 0.018095
2 0.715000 0.155238 0.028571 0.019048
2 0.718571 0.151905 0.028571 0.018095
2 0.720714 0.145714 0.031429 0.020952
2 0.422857 0.268095 0.035714 0.037143
0 0.474643 0.188571 0.006429 0.015238
0 0.503929 0.143810 0.005000 0.015238
0 0.463214 0.166667 0.005000 0.015238
0 0.172500 0.396667 0.015000 0.037143
0 0.167857 0.390476 0.017143 0.040000
0 0.185000 0.385714 0.015714 0.040000
2 0.025714 0.421905 0.051429 0.055238
2 0.045357 0.399524 0.086429 0.054286
2 0.075714 0.379048 0.084286 0.047619
2 0.102857 0.358571 0.075714 0.044762
2 0.038571 0.354762 0.075714 0.050476
2 0.195000 0.302857 0.062857 0.038095
2 0.260000 0.292857 0.044286 0.046667
2 0.258929 0.254762 0.055000 0.039048
2 0.274286 0.245714 0.055714 0.040000
2 0.283571 0.237143 0.058571 0.036190
2 0.292143 0.227619 0.057143 0.034286
2 0.311786 0.224762 0.043571 0.024762
2 0.323214 0.214762 0.039286 0.027619
2 0.355357 0.224286 0.032143 0.031429
2 0.343214 0.198095 0.037857 0.026667
2 0.357143 0.193810 0.040000 0.029524
2 0.410357 0.183810 0.025000 0.024762
2 0.435000 0.150952 0.034286 0.025714
2 0.473929 0.151429 0.023571 0.020952
0 0.508929 0.129524 0.005000 0.011429
2 0.525000 0.124762 0.018571 0.017143
0 0.530357 0.143333 0.003571 0.018095
0 0.533571 0.141429 0.004286 0.016190