2 0.442143 0.781091 0.071429 0.105330
2 0.469643 0.730330 0.072143 0.102792
2 0.567857 0.963198 0.077143 0.071066
2 0.658571 0.973350 0.068571 0.050761
2 0.689286 0.941624 0.081429 0.106599
2 0.589643 0.918147 0.079286 0.115482
2 0.607143 0.859772 0.067143 0.118020
2 0.622857 0.807741 0.082857 0.133249
2 0.717500 0.893401 0.072143 0.137056
2 0.395000 0.393401 0.062857 0.104061
2 0.437143 0.318528 0.050000 0.078680
2 0.475714 0.267766 0.044286 0.073604
2 0.552500 0.192259 0.045000 0.087563
2 0.524643 0.179569 0.045000 0.085025
2 0.559286 0.135787 0.037143 0.058376
2 0.584643 0.093274 0.046429 0.067259
0 0.530714 0.449873 0.011429 0.036802
0 0.538214 0.451142 0.012143 0.034264
2 0.123571 0.411802 0.050000 0.077411
2 0.029643 0.373731 0.046429 0.062183
2 0.577500 0.032995 0.037857 0.043147