0 0.068929 0.029048 0.005000 0.014286
2 0.019286 0.612381 0.038571 0.041905
0 0.180000 0.564286 0.010000 0.016190
0 0.276071 0.824286 0.012143 0.023810
0 0.265000 0.807143 0.015714 0.020000
0 0.493929 0.744762 0.012143 0.020952
2 0.543214 0.556190 0.025000 0.070476
2 0.585357 0.401429 0.023571 0.060000
0 0.379286 0.420952 0.010000 0.013333
0 0.401429 0.412857 0.010000 0.016190
0 0.435357 0.386190 0.009286 0.016190
2 0.461071 0.240952 0.027857 0.047619
2 0.555000 0.220476 0.018571 0.042857
2 0.597143 0.136667 0.017143 0.044762
2 0.448929 0.069524 0.017857 0.034286
0 0.522857 0.118571 0.007143 0.016190
0 0.530357 0.003333 0.005000 0.006667
0 0.712500 0.086190 0.006429 0.014286
2 0.925357 0.300476 0.026429 0.044762
2 0.941786 0.358095 0.037857 0.051429
2 0.982857 0.483333 0.034286 0.063810