2 0.404286 0.550952 0.054286 0.096190
2 0.640357 0.738571 0.082143 0.128571
2 0.641071 0.550476 0.070714 0.093333
2 0.476786 0.392381 0.049286 0.062857
2 0.275000 0.410476 0.034286 0.064762
2 0.065357 0.667143 0.106429 0.105714
2 0.272857 0.306667 0.035714 0.059048
2 0.301071 0.282381 0.037857 0.054286
2 0.248214 0.167143 0.027857 0.037143
2 0.226429 0.118095 0.024286 0.032381
2 0.213571 0.080952 0.018571 0.030476
2 0.203571 0.048571 0.020000 0.030476
2 0.547857 0.938571 0.080000 0.122857
2 0.871429 0.963810 0.075714 0.072381
0 0.737500 0.466190 0.015000 0.025714
0 0.223929 0.731429 0.019286 0.040000
0 0.203929 0.772381 0.016429 0.038095