0 0.957500 0.726333 0.024000 0.038000
2 0.978250 0.640000 0.042500 0.046667
2 0.781250 0.605667 0.067500 0.062000
2 0.661250 0.808667 0.133500 0.094667
2 0.566250 0.699333 0.101500 0.065333
0 0.472500 0.622667 0.011000 0.034667
0 0.469500 0.598667 0.010000 0.021333
0 0.439250 0.625667 0.011500 0.039333
0 0.437000 0.605000 0.012000 0.026000
0 0.415250 0.591667 0.012500 0.034000
2 0.246250 0.429000 0.043500 0.023333
2 0.266000 0.423667 0.040000 0.023333
2 0.287500 0.412000 0.033000 0.017333
2 0.377250 0.462333 0.041500 0.044667
2 0.338750 0.445667 0.038500 0.034000
2 0.358500 0.382333 0.036000 0.018000
2 0.373500 0.372000 0.029000 0.021333
2 0.421750 0.353333 0.026500 0.020000
2 0.439250 0.346000 0.021500 0.016000
2 0.448000 0.343333 0.027000 0.018667
2 0.439000 0.415000 0.030000 0.026000
2 0.436500 0.388667 0.026000 0.021333
2 0.480500 0.361667 0.023000 0.023333
2 0.629000 0.376000 0.018000 0.018667
0 0.644500 0.437000 0.007000 0.014000
0 0.635750 0.436667 0.007500 0.018667
0 0.577000 0.348000 0.004000 0.008000
0 0.642500 0.326000 0.003000 0.013333
2 0.652250 0.323667 0.017500 0.012667
2 0.544500 0.346000 0.016000 0.014667
2 0.514750 0.343000 0.015500 0.014000
2 0.544750 0.326000 0.012500 0.014667
2 0.561000 0.339000 0.015000 0.015333
0 0.575750 0.313667 0.003500 0.008667
2 0.574500 0.308000 0.011000 0.012000
2 0.582500 0.304333 0.010000 0.010000
2 0.591750 0.300000 0.008500 0.008000
0 0.594750 0.304000 0.003500 0.005333
0 0.622750 0.305333 0.003500 0.006667
0 0.627250 0.305333 0.003500 0.008000
2 0.648500 0.310667 0.016000 0.009333
2 0.644750 0.305333 0.010500 0.009333
0 0.648500 0.284333 0.003000 0.004667
2 0.489250 0.325000 0.021500 0.012667
0 0.640000 0.283333 0.002000 0.006667
0 0.628500 0.283333 0.001000 0.005333
0 0.609750 0.280333 0.001500 0.007333
2 0.611750 0.287667 0.006500 0.007333
2 0.615750 0.285333 0.006500 0.006667
0 0.619250 0.283667 0.001500 0.006000
2 0.620500 0.281333 0.007000 0.006667
2 0.628250 0.277000 0.005500 0.007333
2 0.631000 0.275000 0.004000 0.006000
2 0.634250 0.274000 0.004500 0.005333
2 0.645000 0.267667 0.004000 0.004667
2 0.646750 0.266333 0.003500 0.006000
2 0.648500 0.264667 0.003000 0.004000
2 0.650500 0.263667 0.003000 0.004667
2 0.664750 0.263000 0.004500 0.007333
2 0.668750 0.259000 0.003500 0.004667
2 0.678000 0.256000 0.004000 0.005333
2 0.670750 0.272333 0.006500 0.007333
2 0.662500 0.294000 0.013000 0.008000
0 0.648750 0.271667 0.001500 0.006000
0 0.659000 0.265333 0.002000 0.005333
0 0.654500 0.263333 0.002000 0.004000
2 0.657000 0.260000 0.004000 0.005333