2 0.886750 0.914333 0.112500 0.072667
2 0.781500 0.769333 0.075000 0.053333
0 0.781500 0.731333 0.010000 0.029333
0 0.792500 0.728667 0.010000 0.032000
2 0.971250 0.777333 0.054500 0.064000
2 0.874250 0.676000 0.066500 0.038667
2 0.802000 0.618333 0.057000 0.035333
2 0.734250 0.702667 0.062500 0.041333
2 0.678500 0.611667 0.057000 0.036667
0 0.805000 0.588667 0.009000 0.021333
0 0.772000 0.597333 0.006000 0.024000
2 0.778750 0.586000 0.041500 0.029333
2 0.757250 0.568000 0.051500 0.026667
2 0.595750 0.506333 0.037500 0.023333
2 0.626000 0.452667 0.024000 0.017333
2 0.585250 0.456333 0.021500 0.018000
2 0.622000 0.443000 0.028000 0.015333
2 0.534750 0.431667 0.030500 0.018000
0 0.573750 0.427667 0.003500 0.012667
0 0.596750 0.416667 0.003500 0.012000
2 0.582000 0.415333 0.024000 0.014667
2 0.576750 0.410000 0.025500 0.012000
2 0.515750 0.409667 0.023500 0.008667
2 0.372250 0.546000 0.018500 0.025333
2 0.595000 0.369000 0.014000 0.008667
2 0.605250 0.367667 0.012500 0.008667
2 0.501000 0.369667 0.008000 0.010000
0 0.489000 0.359000 0.003000 0.007333
2 0.473500 0.356667 0.018000 0.008000
2 0.380750 0.358333 0.013500 0.008667
2 0.366000 0.353667 0.011000 0.008667
2 0.393500 0.352000 0.014000 0.008000
2 0.403000 0.350333 0.011000 0.007333
2 0.311500 0.359333 0.014000 0.008000
2 0.320500 0.353333 0.011000 0.009333
2 0.309000 0.319333 0.004000 0.005333