2 0.249286 0.246827 0.008571 0.016497
2 0.338929 0.329315 0.012143 0.019036
2 0.253214 0.186548 0.006429 0.012690
2 0.224643 0.045051 0.005000 0.013959
2 0.206071 0.099619 0.012143 0.008883
2 0.206071 0.095178 0.013571 0.007614
2 0.205357 0.089467 0.013571 0.011421
2 0.206071 0.082487 0.013571 0.010152
2 0.205714 0.076142 0.012857 0.007614
2 0.206429 0.071066 0.014286 0.007614
2 0.205000 0.064086 0.011429 0.008883
2 0.205357 0.058376 0.013571 0.007614
2 0.203929 0.041878 0.012143 0.007614
2 0.203571 0.039975 0.014286 0.008883
2 0.205714 0.036802 0.011429 0.010152
2 0.206429 0.025381 0.007143 0.012690
2 0.327500 0.108503 0.006429 0.013959
2 0.333571 0.089467 0.007143 0.013959
0 0.161429 0.607868 0.004286 0.012690
0 0.201786 0.571701 0.005000 0.011421
0 0.270357 0.498731 0.005000 0.012690
0 0.290714 0.504442 0.004286 0.013959
0 0.318571 0.487310 0.002857 0.010152
0 0.266429 0.493655 0.004286 0.012690
0 0.314643 0.500635 0.002143 0.008883
0 0.313214 0.501269 0.003571 0.012690
2 0.370000 0.256980 0.008571 0.019036
2 0.373929 0.431472 0.016429 0.025381
2 0.515714 0.665609 0.024286 0.041878