2 0.464500 0.956000 0.193000 0.088000
0 0.227500 0.364667 0.013000 0.024000
2 0.309750 0.818333 0.051500 0.060667
2 0.190750 0.612000 0.046500 0.042667
2 0.269000 0.611000 0.049000 0.046000
2 0.722250 0.759000 0.136500 0.130000
2 0.501750 0.521333 0.111500 0.086667
2 0.472750 0.366000 0.094500 0.070667
2 0.453500 0.319000 0.082000 0.063333
2 0.505750 0.288333 0.037500 0.059333
2 0.917000 0.685667 0.147000 0.151333
2 0.784500 0.552000 0.073000 0.122667
2 0.923500 0.487667 0.114000 0.098000
2 0.616750 0.399667 0.077500 0.090000
2 0.468750 0.260667 0.031500 0.053333
2 0.434500 0.234000 0.030000 0.050667
2 0.434750 0.191000 0.037500 0.040667
2 0.497250 0.188000 0.045500 0.041333
2 0.493000 0.148333 0.040000 0.034000
2 0.453000 0.123667 0.032000 0.032667
2 0.361250 0.170667 0.039500 0.038667
2 0.346250 0.148000 0.038500 0.038667
2 0.315750 0.117667 0.035500 0.032667
2 0.298250 0.103333 0.026500 0.029333
2 0.316250 0.074000 0.028500 0.028000
2 0.277000 0.087000 0.027000 0.030000
2 0.261250 0.070000 0.033500 0.033333
2 0.295500 0.038333 0.024000 0.022000
2 0.234500 0.046000 0.019000 0.025333
2 0.187250 0.008333 0.021500 0.016667
2 0.960750 0.263333 0.075500 0.044000
2 0.885000 0.229333 0.069000 0.040000
0 0.885500 0.274333 0.020000 0.040667
2 0.756250 0.168000 0.050500 0.036000
2 0.620250 0.130333 0.043500 0.028667
2 0.597500 0.094000 0.037000 0.030667
2 0.560250 0.080333 0.030500 0.024667
2 0.526000 0.066667 0.029000 0.022667
2 0.492500 0.046667 0.027000 0.024000
2 0.362750 0.046333 0.038500 0.020667
2 0.360250 0.041333 0.037500 0.020000
2 0.383250 0.038000 0.030500 0.021333
0 0.628000 0.501000 0.015000 0.050000
0 0.633500 0.475000 0.013000 0.050000
0 0.371750 0.146000 0.009500 0.030667
0 0.356500 0.181000 0.008000 0.028667
0 0.345000 0.171667 0.009000 0.028667
0 0.715750 0.095667 0.007500 0.023333
0 0.433000 0.021000 0.005000 0.016667
0 0.413750 0.010667 0.003500 0.016000