2 0.290000 0.595238 0.092857 0.150476
2 0.346071 0.551905 0.089286 0.130476
2 0.402143 0.508571 0.084286 0.127619
2 0.550714 0.393810 0.090000 0.113333
2 0.629643 0.329048 0.089286 0.101905
2 0.675000 0.302381 0.085714 0.096190
2 0.761429 0.362381 0.084286 0.090476
2 0.842143 0.293333 0.084286 0.085714
2 0.917143 0.225714 0.080000 0.081905
2 0.579286 0.109524 0.065714 0.083810
2 0.605714 0.091905 0.068571 0.073333
2 0.847500 0.180000 0.077857 0.080000
2 0.876071 0.155238 0.073571 0.076190
2 0.902500 0.133810 0.067857 0.069524
2 0.971429 0.083333 0.057143 0.065714
2 0.244643 0.295714 0.076429 0.117143
2 0.197857 0.341905 0.078571 0.114286
2 0.135357 0.362857 0.075000 0.114286
2 0.075000 0.391429 0.084286 0.140952
2 0.395000 0.220000 0.067143 0.093333
0 0.838929 0.648571 0.027857 0.032381
2 0.086071 0.910952 0.170714 0.178095
2 0.023571 0.430476 0.047143 0.131429