0 0.067589 0.740260 0.013048 0.027829
0 0.203549 0.733766 0.009395 0.027829
0 0.320981 0.717069 0.006263 0.012987
0 0.353340 0.743506 0.009395 0.030612
0 0.388048 0.696197 0.010960 0.023191
0 0.440240 0.803340 0.008873 0.020408
2 0.488779 0.672078 0.038100 0.049165
0 0.575678 0.773655 0.008351 0.029685
2 0.522704 0.604360 0.018267 0.047310
2 0.835595 0.822356 0.056367 0.045455
0 0.645877 0.627551 0.007829 0.019481
0 0.630219 0.612709 0.007829 0.019481
2 0.530271 0.415584 0.032359 0.025974
0 0.575157 0.359926 0.005219 0.011132
0 0.576983 0.360390 0.003653 0.012059
0 0.591075 0.331169 0.003653 0.009276
0 0.591075 0.325603 0.003653 0.009276
0 0.567850 0.259276 0.004175 0.015770
2 0.535491 0.306586 0.025052 0.019481
2 0.541493 0.249072 0.009916 0.021336
0 0.559499 0.108071 0.003132 0.008349
0 0.537839 0.060297 0.002610 0.007421