2 0.592500 0.768095 0.169286 0.187619
2 0.332500 0.535714 0.075000 0.143810
2 0.561429 0.503810 0.127143 0.131429
2 0.550714 0.414762 0.118571 0.101905
2 0.543214 0.350000 0.095000 0.088571
2 0.531429 0.293810 0.087143 0.075238
2 0.495357 0.261905 0.082143 0.093333
2 0.353571 0.370476 0.058571 0.106667
0 0.248571 0.240476 0.014286 0.027619
0 0.257500 0.232857 0.019286 0.046667
0 0.196786 0.081429 0.010714 0.040952
0 0.261071 0.088095 0.009286 0.037143
2 0.393214 0.050000 0.030714 0.050476
2 0.486071 0.015714 0.027857 0.029524
0 0.440714 0.083333 0.012857 0.029524
0 0.507143 0.055238 0.007143 0.034286
0 0.513214 0.056667 0.006429 0.037143
2 0.547143 0.018571 0.032857 0.037143
2 0.631429 0.011429 0.034286 0.022857
2 0.651071 0.036190 0.036429 0.036190
2 0.599286 0.041429 0.037143 0.039048
2 0.693214 0.021429 0.035000 0.040952
2 0.674643 0.071429 0.045000 0.041905
2 0.696786 0.111905 0.049286 0.056190
2 0.732143 0.145714 0.095714 0.045714
2 0.726071 0.167619 0.070714 0.051429
2 0.765714 0.209524 0.092857 0.062857
2 0.680714 0.204762 0.052857 0.070476
0 0.841429 0.113333 0.012857 0.026667
0 0.781429 0.050000 0.007143 0.020000