2 0.146786 0.794762 0.065000 0.042857
2 0.171786 0.749524 0.066429 0.043810
2 0.192500 0.715238 0.063571 0.045714
2 0.731071 0.818571 0.040714 0.086667
2 0.684286 0.477143 0.017143 0.028571
2 0.701786 0.531429 0.023571 0.036190
2 0.672143 0.422381 0.015714 0.025714
2 0.379286 0.630000 0.028571 0.042857
2 0.398571 0.587619 0.020000 0.034286
2 0.437857 0.509048 0.020000 0.031429
0 0.524286 0.623810 0.005714 0.017143
0 0.562857 0.440952 0.004286 0.013333
0 0.556429 0.420952 0.002857 0.013333
0 0.577500 0.369524 0.002143 0.011429
0 0.588214 0.340476 0.003571 0.010476
0 0.635714 0.370952 0.004286 0.010476
2 0.729286 0.227619 0.004286 0.005714
0 0.616786 0.220000 0.002143 0.005714
0 0.621071 0.212857 0.002143 0.006667
0 0.622857 0.205238 0.001429 0.006667
2 0.650000 0.185238 0.004286 0.004762
2 0.646786 0.183333 0.003571 0.004762