2 0.427857 0.033333 0.002857 0.007619
2 0.423571 0.020000 0.004286 0.005714
2 0.474286 0.118571 0.005714 0.006667
2 0.432857 0.141429 0.002857 0.006667
2 0.484643 0.581905 0.016429 0.011429
2 0.498571 0.216190 0.004286 0.007619
2 0.545714 0.085714 0.007143 0.005714
2 0.588571 0.220476 0.007143 0.006667
2 0.588214 0.217143 0.010714 0.005714
2 0.524286 0.390000 0.007143 0.012381
2 0.533214 0.445714 0.006429 0.015238
2 0.018571 0.935714 0.028571 0.021905
2 0.048929 0.926667 0.023571 0.020952
2 0.053571 0.992381 0.015714 0.015238
2 0.071071 0.972857 0.016429 0.039048
2 0.080000 0.916667 0.025714 0.020000
2 0.114286 0.905238 0.025714 0.020000
2 0.149643 0.895238 0.022143 0.019048
2 0.292143 0.851905 0.024286 0.020000
2 0.393571 0.817143 0.021429 0.019048
0 0.366786 0.843810 0.003571 0.007619
0 0.453571 0.825714 0.002857 0.007619
0 0.464286 0.801905 0.004286 0.005714
0 0.529286 0.812381 0.004286 0.007619
2 0.477143 0.919524 0.010000 0.031429
2 0.509643 0.971905 0.013571 0.037143
2 0.563929 0.823810 0.022143 0.017143
2 0.598929 0.916190 0.013571 0.036190
2 0.885000 0.900000 0.024286 0.019048
2 0.798929 0.607619 0.017857 0.011429
0 0.710357 0.557619 0.003571 0.008571
2 0.421071 0.264286 0.010714 0.008571
2 0.421429 0.256667 0.010000 0.006667
2 0.421429 0.252381 0.011429 0.005714
2 0.420714 0.250476 0.010000 0.007619