2 0.524286 0.363810 0.010000 0.015238
2 0.052857 0.950476 0.060000 0.089524
2 0.219286 0.710000 0.032857 0.054286
2 0.393214 0.221429 0.013571 0.008571
2 0.397500 0.218095 0.013571 0.007619
2 0.526786 0.262381 0.007857 0.008571
2 0.528214 0.212857 0.005000 0.006667
2 0.513929 0.194286 0.007857 0.005714
2 0.497143 0.187619 0.004286 0.005714
2 0.471429 0.140476 0.002857 0.002857
2 0.623929 0.212381 0.009286 0.007619
2 0.622143 0.207143 0.008571 0.006667
2 0.620714 0.202381 0.010000 0.006667
2 0.620714 0.198571 0.012857 0.008571
2 0.617500 0.195238 0.012143 0.007619
2 0.591786 0.174286 0.010714 0.007619