2 0.158571 0.606190 0.051429 0.031429
2 0.200714 0.550000 0.042857 0.023810
2 0.216429 0.533333 0.045714 0.024762
2 0.236786 0.511429 0.043571 0.026667
2 0.246071 0.499524 0.040714 0.023810
2 0.129643 0.519524 0.046429 0.023810
2 0.144643 0.502381 0.040714 0.021905
2 0.139643 0.430000 0.036429 0.023810
2 0.368571 0.432857 0.035714 0.025714
2 0.475357 0.578095 0.023571 0.038095
2 0.578571 0.719524 0.025714 0.056190
2 0.787500 0.847143 0.053571 0.061905
0 0.765714 0.753333 0.011429 0.020952
0 0.768214 0.656190 0.009286 0.020952
2 0.692143 0.446190 0.037143 0.020000
2 0.684643 0.414286 0.032143 0.017143
0 0.664643 0.410952 0.006429 0.014286
2 0.612857 0.387143 0.028571 0.018095
0 0.565000 0.446190 0.005714 0.014286
2 0.550714 0.414286 0.014286 0.019048
2 0.517857 0.385714 0.014286 0.020952
0 0.584286 0.343810 0.004286 0.011429
2 0.575714 0.302381 0.010000 0.012381
2 0.625357 0.296190 0.013571 0.013333
0 0.622857 0.267143 0.004286 0.010476
0 0.568929 0.248571 0.003571 0.009524
0 0.588214 0.227619 0.005000 0.009524
2 0.552500 0.226190 0.009286 0.012381
2 0.522500 0.255714 0.007857 0.014286
2 0.525000 0.246190 0.010000 0.016190
2 0.488214 0.270952 0.017857 0.012381
2 0.489286 0.266667 0.020000 0.011429
0 0.508929 0.257143 0.003571 0.011429
2 0.490714 0.254286 0.017143 0.011429
2 0.497500 0.244762 0.017857 0.009524
2 0.500714 0.238095 0.018571 0.009524
0 0.524286 0.234762 0.002857 0.008571
2 0.523929 0.226667 0.007857 0.009524
2 0.478214 0.227143 0.009286 0.010476
2 0.468214 0.226190 0.010714 0.010476
2 0.458571 0.225714 0.008571 0.009524
2 0.447857 0.225238 0.010000 0.010476
2 0.437857 0.224762 0.008571 0.011429
2 0.451071 0.254762 0.022143 0.014286
2 0.452857 0.250952 0.020000 0.010476
2 0.451786 0.246667 0.020714 0.009524
2 0.453929 0.244286 0.017857 0.010476
2 0.455714 0.239524 0.018571 0.010476
2 0.459643 0.236667 0.017857 0.010476
2 0.429286 0.244762 0.017143 0.011429
2 0.432857 0.241429 0.017143 0.010476
2 0.434286 0.237619 0.018571 0.010476
2 0.436786 0.233810 0.017857 0.010476