2 0.446750 0.600667 0.021500 0.012000
2 0.440750 0.628667 0.027500 0.012000
2 0.442750 0.635333 0.028500 0.012000
2 0.442250 0.641667 0.025500 0.015333
0 0.412250 0.624000 0.004500 0.013333
0 0.407750 0.649333 0.003500 0.016000
0 0.392750 0.690667 0.005500 0.018667
0 0.392000 0.685333 0.004000 0.013333
0 0.395000 0.712667 0.007000 0.016000
0 0.386500 0.710667 0.007000 0.017333
2 0.490750 0.616333 0.011500 0.014000
2 0.511250 0.692000 0.018500 0.022667
2 0.502000 0.677000 0.017000 0.019333
2 0.529750 0.737333 0.023500 0.028000
2 0.577750 0.828667 0.035500 0.041333
2 0.571000 0.893333 0.035000 0.057333
0 0.626000 0.854667 0.009000 0.034667
0 0.568000 0.972000 0.009000 0.040000
0 0.580500 0.966333 0.010000 0.043333
0 0.578500 0.953000 0.004000 0.012667
2 0.388500 0.616667 0.013000 0.012000
2 0.386000 0.599667 0.008000 0.011333
2 0.424250 0.574333 0.019500 0.008667