2 0.388750 0.628667 0.097500 0.096000
2 0.293500 0.629333 0.101000 0.076000
2 0.612000 0.413000 0.058000 0.044667
2 0.711000 0.301667 0.056000 0.039333
2 0.727000 0.278000 0.041000 0.028000
2 0.810000 0.284667 0.037000 0.026667
2 0.848250 0.271000 0.022500 0.028667
2 0.874750 0.258667 0.047500 0.022667
2 0.890750 0.248000 0.030500 0.021333
2 0.910500 0.237667 0.031000 0.023333
0 0.899500 0.186000 0.006000 0.014667
2 0.992750 0.206000 0.014500 0.020000
2 0.981000 0.213333 0.029000 0.020000
2 0.874250 0.163000 0.024500 0.016667
0 0.921250 0.146333 0.005500 0.016667
2 0.925750 0.158667 0.029500 0.017333
2 0.934500 0.157000 0.023000 0.018000
2 0.943750 0.154667 0.023500 0.017333
2 0.952500 0.151667 0.027000 0.014000
2 0.923000 0.134333 0.017000 0.014000
2 0.597000 0.258333 0.043000 0.020667
2 0.667500 0.234667 0.043000 0.028000
2 0.679750 0.228000 0.039500 0.026667
2 0.705000 0.224667 0.035000 0.022667
2 0.639000 0.205667 0.033000 0.019333
0 0.676000 0.179667 0.005000 0.019333