2 0.748500 0.029667 0.044000 0.055333
2 0.771250 0.164667 0.045500 0.066667
2 0.603750 0.194333 0.053500 0.070000
2 0.682000 0.281000 0.066000 0.080667
2 0.629250 0.359333 0.063500 0.084000
2 0.563250 0.450333 0.077500 0.104667
2 0.423250 0.401000 0.079500 0.095333
2 0.487500 0.543667 0.090000 0.124667
2 0.312500 0.514667 0.081000 0.100000
2 0.202500 0.636667 0.104000 0.122667
2 0.250750 0.884000 0.124500 0.176000
2 0.061750 0.806667 0.123500 0.169333
0 0.020750 0.897667 0.041500 0.031333
0 0.254250 0.989667 0.032500 0.020667
0 0.018000 0.499333 0.036000 0.037333
0 0.025000 0.609667 0.037000 0.040667
0 0.078750 0.646667 0.039500 0.045333
0 0.084000 0.823000 0.041000 0.039333
0 0.158500 0.778000 0.037000 0.037333
0 0.197250 0.878667 0.036500 0.038667
0 0.280750 0.949000 0.032500 0.030000
0 0.057000 0.597000 0.037000 0.031333