2 0.392857 0.625000 0.021429 0.062183
2 0.446429 0.622462 0.028571 0.062183
2 0.427500 0.465736 0.020714 0.050761
2 0.503214 0.434010 0.016429 0.050761
2 0.436429 0.334391 0.015714 0.034264
2 0.443214 0.138959 0.012143 0.031726
2 0.444643 0.083756 0.010714 0.027919
2 0.461071 0.025381 0.010714 0.025381
2 0.428929 0.013325 0.009286 0.024112
0 0.554643 0.448604 0.005000 0.021574
0 0.581429 0.616117 0.005714 0.019036
0 0.587500 0.624365 0.006429 0.020305
0 0.342857 0.435279 0.005714 0.020305
0 0.354643 0.479061 0.006429 0.019036
0 0.450714 0.768401 0.005714 0.021574
0 0.589286 0.614848 0.005714 0.019036
2 0.411071 0.975888 0.027857 0.045685
2 0.886429 0.409264 0.027143 0.049492
2 0.853929 0.312817 0.022143 0.044416