0 0.064196 0.306586 0.019833 0.062152
0 0.075678 0.300093 0.019833 0.064007
0 0.100209 0.322820 0.019833 0.063080
0 0.111691 0.349722 0.025052 0.042672
0 0.302192 0.294991 0.018789 0.050093
0 0.201200 0.425325 0.018267 0.041744
0 0.416232 0.268089 0.014092 0.050093
0 0.550626 0.179035 0.016701 0.038961
0 0.647704 0.279685 0.022965 0.045455
2 0.441806 0.416976 0.101775 0.101113
2 0.474687 0.453618 0.106994 0.122449
2 0.514092 0.501391 0.122129 0.138219
2 0.577244 0.545455 0.110647 0.152134
2 0.636743 0.632653 0.106472 0.157699
2 0.718163 0.682282 0.097077 0.156772
2 0.788361 0.766698 0.132046 0.205009
2 0.895616 0.842301 0.120042 0.257885