2 0.489643 0.912437 0.022143 0.078680
2 0.554643 0.858503 0.022143 0.069797
2 0.579286 0.836294 0.021429 0.068528
0 0.629286 0.848350 0.007143 0.031726
2 0.517143 0.754442 0.018571 0.054569
2 0.533571 0.620558 0.015714 0.043147
2 0.532143 0.571066 0.017143 0.040609
2 0.528929 0.531726 0.015000 0.035533
2 0.493214 0.426396 0.012143 0.027919
2 0.489286 0.396574 0.011429 0.024112
2 0.510000 0.394670 0.015714 0.022843
2 0.512857 0.416244 0.011429 0.025381
2 0.517143 0.439086 0.014286 0.027919
2 0.503571 0.496193 0.012857 0.027919
2 0.419286 0.500635 0.014286 0.029188
2 0.423571 0.403553 0.012857 0.025381
2 0.400000 0.236675 0.008571 0.016497
2 0.296786 0.008883 0.007857 0.010152
2 0.303214 0.020939 0.009286 0.011421
2 0.342857 0.038071 0.008571 0.012690
2 0.940714 0.314086 0.024286 0.024112
2 0.905714 0.302030 0.020000 0.022843
2 0.878571 0.286802 0.017143 0.022843
2 0.847500 0.272208 0.017857 0.021574
2 0.838929 0.272208 0.017857 0.019036
2 0.831429 0.264594 0.020000 0.019036
2 0.799643 0.249365 0.019286 0.016497
0 0.316786 0.675761 0.006429 0.021574
0 0.302143 0.677030 0.007143 0.019036
0 0.304643 0.675127 0.007857 0.022843
0 0.307143 0.673223 0.008571 0.026650