0 0.231429 0.020000 0.007143 0.013333
0 0.399286 0.091905 0.008571 0.018095
0 0.409643 0.189524 0.007857 0.017143
0 0.272143 0.101905 0.010000 0.013333
0 0.502500 0.175238 0.009286 0.024762
0 0.392857 0.241905 0.008571 0.015238
0 0.395357 0.255714 0.005000 0.006667
0 0.401429 0.348571 0.008571 0.019048
0 0.395714 0.340000 0.007143 0.017143
0 0.466071 0.474762 0.010714 0.020000
0 0.622500 0.512381 0.006429 0.015238
0 0.629643 0.529048 0.005000 0.012381
0 0.626071 0.534762 0.005000 0.014286
0 0.620357 0.986667 0.015000 0.019048
0 0.486071 0.892857 0.010714 0.012381
0 0.446786 0.739524 0.007857 0.012381
0 0.505000 0.975714 0.010000 0.012381
0 0.501429 0.994762 0.007143 0.010476
2 0.357500 0.221429 0.032143 0.069524
2 0.378214 0.300952 0.037857 0.076190
2 0.490714 0.268095 0.037143 0.071429
2 0.517500 0.347619 0.040714 0.076190
2 0.542143 0.428095 0.038571 0.075238
0 0.586071 0.585238 0.009286 0.012381
2 0.628214 0.700476 0.047857 0.094286
2 0.512500 0.754286 0.043571 0.097143
0 0.695357 0.707619 0.007857 0.013333
0 0.696429 0.726667 0.008571 0.009524