2 0.228571 0.548095 0.052857 0.113333
2 0.249286 0.437143 0.047143 0.097143
2 0.160000 0.894286 0.074286 0.171429
2 0.129286 0.681429 0.061429 0.126667
0 0.234643 0.331905 0.017857 0.021905
0 0.461429 0.071429 0.008571 0.026667
2 0.610714 0.200000 0.071429 0.045714
2 0.606071 0.141429 0.065000 0.042857
2 0.493571 0.115238 0.027143 0.064762
2 0.502500 0.401429 0.035000 0.082857
2 0.498214 0.307143 0.032143 0.071429
2 0.508214 0.493810 0.040714 0.103810
2 0.508571 0.599524 0.041429 0.105714
2 0.685000 0.781429 0.115714 0.086667
2 0.516429 0.910476 0.038571 0.120000
0 0.565357 0.214286 0.010714 0.032381
0 0.586071 0.416667 0.010714 0.029524
2 0.335357 0.021429 0.027857 0.042857