2 0.434643 0.275381 0.025000 0.058376
2 0.474643 0.187817 0.025000 0.065990
2 0.498571 0.180203 0.024286 0.071066
2 0.461786 0.320431 0.032143 0.052030
2 0.471786 0.425761 0.040714 0.034264
2 0.475357 0.513325 0.040714 0.036802
2 0.476071 0.548858 0.043571 0.034264
2 0.476429 0.584391 0.042857 0.036802
2 0.475000 0.618020 0.038571 0.032995
2 0.476071 0.691624 0.043571 0.038071
2 0.518571 0.197335 0.017143 0.054569
2 0.560000 0.258249 0.034286 0.034264
2 0.563214 0.293147 0.037857 0.032995
2 0.568214 0.328046 0.042143 0.036802
2 0.563929 0.366117 0.035000 0.034264
2 0.564643 0.394670 0.037857 0.030457
2 0.564643 0.430203 0.039286 0.035533
2 0.566429 0.489848 0.044286 0.040609
2 0.569643 0.526650 0.040714 0.035533
2 0.571071 0.558376 0.045000 0.038071
2 0.580000 0.661802 0.042857 0.034264
2 0.580000 0.699239 0.045714 0.035533
2 0.579643 0.739848 0.046429 0.035533
2 0.585000 0.816624 0.047143 0.036802
2 0.585357 0.854061 0.049286 0.038071
2 0.584286 0.896574 0.042857 0.034264
2 0.514643 0.979061 0.020714 0.039340
0 0.783214 0.278553 0.007857 0.016497
0 0.787857 0.283629 0.007143 0.019036
0 0.794643 0.280457 0.006429 0.015228
2 0.875714 0.278553 0.034286 0.036802
2 0.877857 0.250000 0.032857 0.032995
2 0.884286 0.229695 0.035714 0.035533
2 0.942143 0.183376 0.038571 0.029188
2 0.952500 0.208122 0.039286 0.035533
2 0.956786 0.240482 0.035000 0.029188
2 0.962500 0.291244 0.040714 0.029188
0 0.868929 0.351523 0.009286 0.015228
2 0.978214 0.371193 0.033571 0.031726
2 0.983571 0.399112 0.032857 0.029188
2 0.868929 0.383883 0.033571 0.029188