2 0.429643 0.594543 0.015000 0.036802
2 0.505000 0.614213 0.012857 0.038071
2 0.445000 0.464467 0.010000 0.025381
2 0.466786 0.441624 0.009286 0.020305
2 0.473571 0.376904 0.010000 0.020305
2 0.479286 0.340736 0.007143 0.016497
2 0.475357 0.294416 0.007857 0.017766
2 0.465714 0.261421 0.008571 0.017766
2 0.491786 0.232234 0.006429 0.015228
2 0.508929 0.239848 0.007857 0.020305
2 0.520714 0.256980 0.007143 0.019036
2 0.483214 0.184010 0.006429 0.015228
2 0.508571 0.184010 0.007143 0.015228
2 0.487857 0.112310 0.005714 0.011421
2 0.510714 0.087563 0.005714 0.012690
2 0.490357 0.076142 0.005000 0.010152
2 0.483214 0.063452 0.005000 0.010152
2 0.496071 0.055838 0.005000 0.010152
2 0.510357 0.058376 0.005000 0.012690
2 0.516786 0.017132 0.005000 0.008883
2 0.485357 0.022208 0.003571 0.008883
2 0.500357 0.002538 0.005000 0.005076
2 0.518214 0.062817 0.005000 0.016497
2 0.457500 0.324873 0.007857 0.017766
2 0.536071 0.394670 0.007857 0.030457
0 0.340714 0.362944 0.005714 0.020305