2 0.205357 0.054762 0.030714 0.031429
2 0.188214 0.020476 0.029286 0.033333
2 0.270714 0.173333 0.031429 0.026667
2 0.288929 0.148095 0.025000 0.042857
2 0.304286 0.134762 0.024286 0.040952
2 0.294286 0.189524 0.028571 0.038095
2 0.507857 0.473810 0.012857 0.044762
2 0.038214 0.256667 0.026429 0.044762
2 0.276429 0.076667 0.025714 0.040952
2 0.351071 0.101905 0.022143 0.040000
2 0.621071 0.367619 0.020714 0.041905
2 0.599643 0.544762 0.022143 0.038095
2 0.657857 0.657619 0.017143 0.031429
2 0.644286 0.582857 0.024286 0.040000
2 0.674286 0.639048 0.025714 0.041905
2 0.694286 0.633810 0.021429 0.040952
2 0.876429 0.870952 0.021429 0.040952
2 0.858929 0.968095 0.013571 0.042857
2 0.914286 0.841429 0.021429 0.042857
2 0.982500 0.642381 0.029286 0.033333
2 0.897143 0.450000 0.028571 0.037143
2 0.609286 0.514762 0.024286 0.039048
2 0.369286 0.248095 0.021429 0.040952
2 0.436786 0.210000 0.027857 0.040952
2 0.501786 0.129524 0.026429 0.043810
2 0.553929 0.173333 0.020714 0.040000
2 0.588929 0.231429 0.025000 0.040000
2 0.614643 0.285714 0.023571 0.036190
2 0.644643 0.338095 0.026429 0.041905
2 0.806071 0.259524 0.022143 0.027619
2 0.489286 0.023333 0.017143 0.040952
2 0.687143 0.075238 0.027143 0.032381
2 0.762857 0.165714 0.021429 0.041905
2 0.784286 0.210952 0.020000 0.035238
2 0.847500 0.342857 0.023571 0.034286
2 0.802500 0.371429 0.026429 0.032381
2 0.828929 0.305714 0.016429 0.038095
2 0.812857 0.391429 0.020000 0.028571
2 0.830714 0.431429 0.022857 0.024762
2 0.838929 0.450952 0.025000 0.029524
2 0.848571 0.465714 0.025714 0.032381
2 0.858214 0.483333 0.026429 0.029524
2 0.867500 0.503810 0.027857 0.034286
2 0.946786 0.445714 0.027857 0.038095
0 0.707143 0.980000 0.005714 0.013333
0 0.603929 0.894286 0.005000 0.013333
0 0.604643 0.660476 0.005000 0.006667
0 0.472857 0.475238 0.002857 0.009524
0 0.655000 0.687143 0.004286 0.004762
0 0.801786 0.590476 0.005000 0.007619
0 0.910357 0.732857 0.006429 0.008571
0 0.869286 0.755238 0.008571 0.005714
0 0.880000 0.742381 0.008571 0.012381
0 0.896429 0.725714 0.008571 0.009524
0 0.914286 0.526190 0.008571 0.006667
0 0.914286 0.522381 0.008571 0.006667
0 0.836429 0.599524 0.007143 0.006667
0 0.820714 0.605714 0.004286 0.003810
2 0.988214 0.695238 0.023571 0.030476
2 0.993929 0.719524 0.012143 0.021905
0 0.979643 0.469524 0.009286 0.007619
2 0.991429 0.390952 0.017143 0.037143
0 0.918929 0.886190 0.009286 0.008571
0 0.986786 0.982381 0.007857 0.006667
0 0.984286 0.974286 0.007143 0.007619
0 0.958571 0.933333 0.007143 0.007619
0 0.974643 0.947143 0.010714 0.008571
0 0.971429 0.920476 0.011429 0.008571
0 0.984286 0.950476 0.008571 0.009524
0 0.955714 0.886190 0.007143 0.010476
0 0.932500 0.866667 0.007857 0.009524
0 0.996429 0.827619 0.007143 0.005714