2 0.865714 0.937619 0.057143 0.124762
2 0.267143 0.786190 0.081429 0.090476
2 0.173214 0.477619 0.082143 0.080952
2 0.262500 0.364286 0.077857 0.079048
0 0.055357 0.345238 0.019286 0.023810
0 0.192143 0.222857 0.010000 0.017143
0 0.186429 0.213810 0.015714 0.029524
2 0.386071 0.563333 0.077857 0.075238
2 0.447500 0.433333 0.079286 0.076190
2 0.596786 0.399048 0.076429 0.076190
2 0.625714 0.312381 0.067143 0.070476
2 0.517143 0.310000 0.074286 0.061905
2 0.549286 0.234286 0.070000 0.062857
2 0.565000 0.198571 0.064286 0.060000
2 0.466071 0.024286 0.049286 0.048571
2 0.489286 0.014762 0.055714 0.029524
2 0.671786 0.015238 0.059286 0.030476
2 0.612143 0.113333 0.057143 0.051429
0 0.820000 0.143810 0.017143 0.028571