2 0.357500 0.796320 0.042143 0.034264
2 0.359643 0.755711 0.040714 0.034264
2 0.376071 0.634518 0.032143 0.032995
2 0.370714 0.593274 0.041429 0.034264
2 0.373214 0.512056 0.042143 0.034264
2 0.387857 0.020305 0.021429 0.040609
2 0.471071 0.107234 0.016429 0.072335
2 0.468929 0.298223 0.016429 0.073604
2 0.425000 0.762056 0.017143 0.077411
2 0.426786 0.949239 0.016429 0.081218
2 0.460000 0.948604 0.018571 0.079949
0 0.864643 0.706218 0.007857 0.016497
0 0.867857 0.691624 0.008571 0.010152
0 0.876071 0.695431 0.007857 0.010152
2 0.793929 0.420051 0.020714 0.065990
0 0.871786 0.152284 0.009286 0.017766
0 0.842143 0.035533 0.007143 0.015228
0 0.835357 0.010787 0.005000 0.013959
0 0.852143 0.025381 0.008571 0.012690
0 0.861429 0.008249 0.007143 0.013959
0 0.850000 0.006980 0.007143 0.011421