0 0.702500 0.594333 0.030000 0.054000
2 0.442500 0.444667 0.126000 0.073333
2 0.841000 0.481667 0.132000 0.079333
2 0.806000 0.382667 0.119000 0.072000
2 0.488000 0.392000 0.121000 0.064000
0 0.443750 0.324000 0.019500 0.033333
0 0.409500 0.323333 0.015000 0.030667
0 0.467250 0.278333 0.018500 0.044667
0 0.421250 0.232000 0.015500 0.046667
0 0.487500 0.249667 0.012000 0.046000
0 0.477500 0.243667 0.012000 0.042000
0 0.468500 0.259000 0.011000 0.027333
0 0.368250 0.228333 0.014500 0.031333
0 0.357000 0.253667 0.013000 0.040667
0 0.357750 0.243333 0.009500 0.017333
0 0.333500 0.232000 0.012000 0.036000
0 0.698250 0.240333 0.018500 0.044667
0 0.721500 0.280667 0.013000 0.044000
0 0.743750 0.246000 0.015500 0.040000
0 0.736250 0.229667 0.018500 0.040667
0 0.778250 0.288333 0.019500 0.044667
0 0.773250 0.283000 0.018500 0.043333