2 0.359643 0.311905 0.015000 0.008571
2 0.362857 0.308571 0.015714 0.009524
2 0.478571 0.357143 0.008571 0.013333
2 0.537500 0.472857 0.012143 0.020000
2 0.539286 0.320952 0.007143 0.009524
2 0.495357 0.265238 0.009286 0.008571
2 0.519286 0.266190 0.010000 0.008571
2 0.487500 0.206190 0.003571 0.004762
2 0.436071 0.234286 0.003571 0.005714
2 0.435357 0.260952 0.010714 0.009524
0 0.274286 0.680476 0.007143 0.014286
2 0.736429 0.471429 0.028571 0.015238
2 0.730714 0.463810 0.024286 0.011429
2 0.731786 0.452381 0.022143 0.011429
2 0.630000 0.231429 0.005714 0.005714
2 0.673929 0.315238 0.012143 0.007619
2 0.647143 0.265238 0.011429 0.006667
2 0.671071 0.308571 0.015000 0.007619
2 0.667143 0.303810 0.011429 0.007619
2 0.666071 0.301905 0.012143 0.009524
2 0.665714 0.297619 0.012857 0.008571
2 0.652500 0.277619 0.009286 0.008571
2 0.647857 0.270000 0.010000 0.006667
2 0.306071 0.332857 0.013571 0.010476
2 0.309643 0.328571 0.012143 0.009524
2 0.312857 0.322381 0.014286 0.010476
2 0.317857 0.315238 0.010000 0.007619
2 0.321786 0.310476 0.009286 0.009524
2 0.326429 0.302381 0.011429 0.008571
2 0.318214 0.281429 0.015000 0.006667
0 0.561429 0.374762 0.002857 0.010476