2 0.365357 0.539048 0.136429 0.093333
2 0.368571 0.152857 0.090000 0.054286
2 0.066429 0.058095 0.051429 0.049524
2 0.567143 0.669048 0.154286 0.109524
2 0.281786 0.062857 0.039286 0.040000
2 0.368929 0.121905 0.076429 0.040000
2 0.379286 0.102857 0.072857 0.032381
2 0.395000 0.076190 0.067143 0.032381
2 0.402857 0.059048 0.051429 0.041905
2 0.418571 0.024286 0.062857 0.037143
2 0.564286 0.093810 0.067143 0.044762
2 0.566429 0.070476 0.058571 0.036190
2 0.557143 0.052381 0.057143 0.032381
2 0.546786 0.036667 0.062143 0.035238
2 0.690000 0.210000 0.087143 0.067619
2 0.804643 0.186190 0.082143 0.056190
2 0.846786 0.320476 0.120714 0.067619
2 0.809643 0.526667 0.137857 0.078095
2 0.248571 0.938095 0.114286 0.123810
2 0.368571 0.930952 0.107143 0.138095
2 0.500357 0.945238 0.095000 0.109524
2 0.664643 0.939048 0.086429 0.121905
2 0.925357 0.942857 0.119286 0.114286
2 0.976429 0.323810 0.047143 0.064762
2 0.974286 0.200000 0.051429 0.068571
0 0.701786 0.146190 0.010714 0.042857
0 0.309286 0.389048 0.022857 0.054286
0 0.292143 0.388095 0.021429 0.048571
0 0.270357 0.389524 0.017857 0.053333
0 0.201786 0.098095 0.015000 0.040000
0 0.193929 0.104286 0.015000 0.037143
0 0.262857 0.368095 0.018571 0.050476
2 0.026786 0.052381 0.049286 0.047619