0 0.505000 0.915238 0.011429 0.017143
0 0.383929 0.918571 0.010714 0.016190
0 0.367143 0.979524 0.008571 0.012381
0 0.375000 0.984762 0.007143 0.009524
0 0.015714 0.818571 0.015714 0.018095
0 0.082500 0.580952 0.009286 0.015238
0 0.244643 0.780000 0.010714 0.011429
0 0.311786 0.604762 0.010714 0.017143
0 0.153571 0.820476 0.014286 0.016190
0 0.491429 0.603810 0.008571 0.019048
0 0.497500 0.625238 0.009286 0.016190
0 0.420000 0.550952 0.008571 0.021905
0 0.529643 0.457143 0.006429 0.019048
0 0.418214 0.382857 0.007857 0.022857
0 0.416786 0.258571 0.006429 0.018095
0 0.359643 0.260476 0.009286 0.018095
0 0.430357 0.193810 0.006429 0.020000
0 0.446071 0.093810 0.006429 0.020000
0 0.423929 0.010000 0.007857 0.016190
0 0.587143 0.473333 0.007143 0.015238
0 0.549643 0.604286 0.007857 0.018095
0 0.611071 0.606667 0.007857 0.017143
0 0.521786 0.655714 0.010714 0.018095
0 0.518571 0.674762 0.008571 0.016190
0 0.558929 0.704762 0.009286 0.015238
0 0.607500 0.661429 0.009286 0.016190
0 0.742143 0.730476 0.008571 0.013333
0 0.759643 0.695714 0.013571 0.018095
0 0.783929 0.680000 0.010714 0.017143
2 0.970357 0.667619 0.059286 0.040000
2 0.902500 0.654286 0.065000 0.041905
0 0.048214 0.552857 0.009286 0.016190
2 0.062143 0.540000 0.044286 0.030476
2 0.108571 0.702381 0.072857 0.042857
2 0.207857 0.656190 0.061429 0.040000
2 0.429643 0.703333 0.065000 0.042857
2 0.425000 0.319524 0.024286 0.056190
2 0.352143 0.228095 0.022857 0.044762
2 0.462857 0.068095 0.017143 0.033333
0 0.882857 0.522381 0.007143 0.008571
0 0.814643 0.545238 0.010714 0.016190
2 0.151786 0.850952 0.072143 0.052381
2 0.231786 0.865238 0.070714 0.046667
2 0.316429 0.879524 0.078571 0.046667
2 0.693929 0.981905 0.037857 0.036190