2 0.129286 0.768571 0.022857 0.020952
2 0.224286 0.710000 0.024286 0.012381
2 0.229643 0.704762 0.020714 0.009524
2 0.255000 0.678095 0.021429 0.009524
2 0.265714 0.671429 0.024286 0.009524
2 0.265714 0.666667 0.022857 0.007619
2 0.267500 0.663333 0.022143 0.006667
2 0.271429 0.660000 0.017143 0.009524
2 0.275714 0.656667 0.015714 0.006667
0 0.261071 0.650000 0.002143 0.008571
0 0.259286 0.648095 0.001429 0.008571
2 0.256071 0.652381 0.006429 0.011429
2 0.279643 0.640476 0.017857 0.010476
2 0.284643 0.636190 0.013571 0.007619
2 0.285357 0.632857 0.010714 0.006667
2 0.286071 0.631429 0.012143 0.007619
2 0.297500 0.630952 0.016429 0.008571
2 0.293214 0.627619 0.010714 0.009524
2 0.303571 0.622381 0.005714 0.008571
2 0.313214 0.622381 0.005000 0.006667
2 0.365000 0.561905 0.002857 0.003810
2 0.358571 0.585238 0.004286 0.004762
2 0.349643 0.542857 0.002143 0.001905
2 0.351071 0.540952 0.002143 0.001905
2 0.362500 0.556190 0.002143 0.001905
2 0.363571 0.553333 0.002857 0.001905
2 0.382857 0.599048 0.005714 0.005714
2 0.390714 0.607619 0.005714 0.005714
2 0.425357 0.694762 0.010714 0.012381
2 0.442857 0.740476 0.015714 0.018095
2 0.476071 0.757143 0.016429 0.017143
2 0.450357 0.787619 0.017857 0.022857
2 0.345714 0.842857 0.015714 0.032381
2 0.489286 0.828095 0.021429 0.025714
2 0.487857 0.878095 0.022857 0.032381
2 0.518214 0.882857 0.026429 0.032381
0 0.178929 0.864762 0.005000 0.022857
2 0.448571 0.604762 0.005714 0.005714
2 0.461071 0.610000 0.009286 0.006667
2 0.465000 0.611429 0.011429 0.007619
2 0.473929 0.612381 0.015000 0.009524
2 0.492857 0.619048 0.008571 0.005714
2 0.499286 0.620000 0.010000 0.005714
2 0.506429 0.623333 0.011429 0.006667
2 0.498214 0.639524 0.009286 0.008571
2 0.504286 0.641905 0.014286 0.009524
2 0.498571 0.650952 0.011429 0.010476
2 0.532143 0.630000 0.011429 0.008571
2 0.542500 0.631905 0.010714 0.006667
2 0.549286 0.634762 0.014286 0.008571
2 0.524643 0.672857 0.012143 0.010476
2 0.553929 0.672381 0.015000 0.011429
2 0.561786 0.672857 0.015000 0.010476
2 0.569643 0.676190 0.013571 0.011429
2 0.576071 0.679048 0.010714 0.011429
2 0.582857 0.684286 0.014286 0.012381
2 0.593214 0.672857 0.019286 0.014286
2 0.592143 0.684286 0.015714 0.012381
2 0.604286 0.688095 0.017143 0.012381
2 0.623214 0.691429 0.016429 0.013333
2 0.635357 0.695714 0.013571 0.010476
2 0.720000 0.716667 0.018571 0.014286
2 0.737857 0.720000 0.018571 0.013333
2 0.753929 0.723810 0.020714 0.019048
2 0.731786 0.760952 0.025000 0.020952
2 0.711429 0.757143 0.022857 0.020952
2 0.669643 0.740476 0.022143 0.020000
2 0.655714 0.737619 0.022857 0.020000
2 0.641071 0.730000 0.020714 0.018095
2 0.623929 0.724762 0.022143 0.015238
2 0.775000 0.836190 0.030000 0.030476
2 0.803571 0.841905 0.025714 0.034286
2 0.659643 0.859524 0.046429 0.031429
2 0.679643 0.884286 0.042143 0.029524
2 0.700000 0.903810 0.047143 0.032381
2 0.722857 0.925238 0.044286 0.033333
2 0.740000 0.947619 0.048571 0.040000
2 0.781071 0.958571 0.046429 0.042857
2 0.780000 0.985238 0.051429 0.029524