2 0.217143 0.537143 0.021429 0.038095
2 0.277857 0.396190 0.018571 0.020952
2 0.085357 0.430952 0.025000 0.023810
2 0.900000 0.512857 0.031429 0.033333
2 0.831429 0.526190 0.045714 0.021905
2 0.786429 0.422381 0.030000 0.016190
2 0.770714 0.410476 0.021429 0.013333
2 0.751071 0.426190 0.030714 0.016190
2 0.740357 0.413810 0.025000 0.016190
2 0.726071 0.401905 0.027857 0.017143
2 0.441429 0.262381 0.005714 0.008571
2 0.461071 0.240000 0.005000 0.007619
0 0.499286 0.298571 0.002857 0.004762
2 0.440000 0.225238 0.004286 0.006667
2 0.434286 0.205714 0.002857 0.005714
2 0.451429 0.195238 0.004286 0.003810
2 0.441429 0.187143 0.004286 0.004762
2 0.522143 0.201429 0.005714 0.002857
2 0.529286 0.210476 0.007143 0.005714