2 0.704643 0.903553 0.029286 0.116751
2 0.607143 0.786168 0.024286 0.090102
2 0.515000 0.805203 0.052857 0.039340
2 0.515357 0.758883 0.049286 0.038071
2 0.593571 0.363579 0.022857 0.095178
2 0.588929 0.114213 0.019286 0.076142
2 0.354286 0.399746 0.034286 0.081218
2 0.412857 0.454315 0.037143 0.055838
2 0.424286 0.486675 0.047143 0.069797
2 0.439286 0.522208 0.041429 0.059645
2 0.466786 0.595812 0.043571 0.062183
2 0.479286 0.630076 0.037143 0.054569
2 0.492857 0.674492 0.044286 0.062183
2 0.362500 0.733503 0.052143 0.055838
2 0.357857 0.783629 0.044286 0.052030
2 0.350357 0.828046 0.049286 0.052030
2 0.318214 0.585660 0.035000 0.095178
0 0.297857 0.656726 0.007143 0.016497
2 0.242143 0.960025 0.035714 0.077411