2 0.272500 0.044762 0.006429 0.005714
2 0.323571 0.111429 0.005714 0.005714
2 0.352143 0.183333 0.005714 0.008571
2 0.362143 0.205714 0.005714 0.009524
2 0.420000 0.146190 0.008571 0.006667
2 0.600714 0.362857 0.012857 0.009524
2 0.659643 0.496667 0.013571 0.010476
2 0.513929 0.922857 0.015000 0.034286
2 0.488929 0.948095 0.019286 0.037143
2 0.469643 0.984762 0.016429 0.028571
2 0.409286 0.974762 0.022857 0.029524
2 0.423929 0.913810 0.019286 0.031429
2 0.433571 0.900000 0.018571 0.030476
2 0.445357 0.888571 0.019286 0.030476
2 0.453929 0.874762 0.017857 0.031429
2 0.458571 0.767143 0.014286 0.025714
2 0.418571 0.744286 0.012857 0.023810
2 0.350714 0.781429 0.021429 0.016190
2 0.409286 0.722381 0.017143 0.018095
2 0.402857 0.694762 0.018571 0.020000
2 0.397500 0.686190 0.016429 0.020000
2 0.392857 0.678095 0.017143 0.020952
2 0.435000 0.683810 0.018571 0.019048
2 0.431071 0.713810 0.019286 0.018095
2 0.471071 0.652381 0.010714 0.022857
2 0.462143 0.620000 0.010000 0.020952
2 0.443214 0.444286 0.009286 0.016190
2 0.433214 0.518095 0.015000 0.011429
0 0.425714 0.514286 0.004286 0.007619
0 0.396071 0.730000 0.003571 0.008571
2 0.961786 0.730952 0.017857 0.023810
2 0.972500 0.732857 0.017857 0.023810
2 0.983571 0.732381 0.017143 0.022857