2 0.385000 0.645238 0.078571 0.155238
2 0.370714 0.452381 0.054286 0.142857
2 0.391786 0.295238 0.053571 0.144762
2 0.380714 0.101429 0.044286 0.119048
0 0.238929 0.973810 0.032143 0.033333
0 0.231429 0.467619 0.021429 0.020952
2 0.434286 0.928571 0.052857 0.140952
2 0.507857 0.939048 0.052857 0.121905
2 0.718929 0.720952 0.057857 0.160000
2 0.808214 0.684286 0.117857 0.075238
2 0.802143 0.597619 0.115714 0.071429
2 0.794643 0.521429 0.119286 0.075238
2 0.791429 0.434286 0.100000 0.068571
2 0.778929 0.369524 0.106429 0.070476
2 0.774643 0.235238 0.103571 0.066667
2 0.757857 0.169048 0.098571 0.067619
2 0.676071 0.181429 0.047857 0.117143
2 0.691429 0.347143 0.051429 0.128571
2 0.968214 0.312381 0.063571 0.066667
2 0.973571 0.242381 0.052857 0.065714
2 0.949643 0.126190 0.100714 0.067619
2 0.951429 0.061905 0.097143 0.068571
2 0.743571 0.013333 0.080000 0.026667
0 0.837143 0.251905 0.020000 0.035238
0 0.616429 0.075238 0.017143 0.028571
0 0.338214 0.297143 0.019286 0.034286
0 0.854286 0.954286 0.025714 0.032381
0 0.725000 0.886667 0.020000 0.020952
0 0.626786 0.977143 0.019286 0.024762
0 0.718571 0.974286 0.024286 0.022857
0 0.756786 0.969048 0.022143 0.021905
0 0.719286 0.950952 0.015714 0.018095
0 0.745357 0.977143 0.017857 0.022857
0 0.984286 0.932857 0.031429 0.027619
0 0.971071 0.547619 0.033571 0.020952
0 0.990000 0.551429 0.020000 0.022857