2 0.245000 0.909264 0.045714 0.100254
2 0.332143 0.675761 0.031429 0.059645
2 0.411071 0.699873 0.026429 0.059645
2 0.491429 0.399746 0.021429 0.045685
2 0.420357 0.407360 0.016429 0.027919
0 0.228929 0.513325 0.006429 0.024112
2 0.562143 0.243020 0.012857 0.024112
2 0.552143 0.192259 0.012857 0.024112
2 0.600714 0.165609 0.011429 0.019036
2 0.572143 0.157995 0.008571 0.019036
2 0.596786 0.149112 0.010714 0.016497
2 0.601786 0.121193 0.012143 0.011421
2 0.610000 0.131345 0.011429 0.016497
2 0.629286 0.127538 0.011429 0.019036
2 0.645357 0.276650 0.019286 0.020305
2 0.646071 0.105964 0.009286 0.016497
2 0.667143 0.085025 0.008571 0.012690
2 0.520357 0.200508 0.015000 0.025381
2 0.873571 0.026650 0.007143 0.010152
2 0.883571 0.022843 0.007143 0.010152
2 0.849643 0.029822 0.009286 0.013959
2 0.704286 0.061548 0.008571 0.011421
2 0.763571 0.048223 0.008571 0.015228
2 0.745714 0.048858 0.008571 0.011421
2 0.730714 0.059010 0.008571 0.011421
2 0.741786 0.062183 0.010714 0.015228
2 0.677143 0.069797 0.011429 0.012690