0 0.071429 0.310000 0.005714 0.020000
0 0.076429 0.309524 0.005714 0.019048
0 0.080714 0.307143 0.007143 0.016190
0 0.257857 0.373333 0.007143 0.020952
2 0.434643 0.617143 0.030714 0.059048
2 0.445357 0.674286 0.056429 0.081905
0 0.463571 0.420000 0.005714 0.022857
0 0.471786 0.417143 0.006429 0.024762
0 0.393929 0.342381 0.006429 0.020000
0 0.501786 0.347143 0.005000 0.018095
0 0.502500 0.338095 0.006429 0.019048
0 0.259286 0.208095 0.002857 0.010476
2 0.413929 0.333333 0.039286 0.020952
2 0.475357 0.166667 0.007857 0.009524
0 0.470357 0.177619 0.002143 0.006667
0 0.473571 0.177619 0.002857 0.006667
0 0.545714 0.457143 0.005714 0.020952
0 0.551786 0.449048 0.003571 0.021905
0 0.530000 0.455714 0.008571 0.018095
0 0.598929 0.786190 0.009286 0.027619
0 0.595357 0.633333 0.009286 0.030476
0 0.630357 0.626190 0.010714 0.023810
0 0.584286 0.464286 0.004286 0.021905
0 0.591786 0.472381 0.005000 0.019048
0 0.596071 0.466667 0.005000 0.022857