2 0.241429 0.970000 0.254286 0.060000
2 0.260714 0.838571 0.237143 0.145714
2 0.300357 0.684762 0.206429 0.127619
2 0.308571 0.401905 0.164286 0.102857
2 0.372500 0.162857 0.126429 0.070476
2 0.677143 0.175238 0.118571 0.072381
2 0.652143 0.092857 0.108571 0.065714
2 0.729643 0.510952 0.176429 0.103810
2 0.742500 0.418571 0.166429 0.105714
2 0.714286 0.349048 0.158571 0.090476
2 0.845000 0.134286 0.074286 0.106667
2 0.811429 0.036667 0.058571 0.073333
2 0.653929 0.026667 0.097857 0.053333
0 0.561429 0.126667 0.017143 0.062857
0 0.483214 0.110952 0.015000 0.056190
0 0.454286 0.032381 0.014286 0.053333
0 0.454643 0.020000 0.006429 0.026667