2 0.237857 0.179524 0.027143 0.052381
2 0.416071 0.344286 0.037857 0.075238
2 0.463929 0.592857 0.047857 0.107619
2 0.389286 0.802381 0.055714 0.141905
2 0.528929 0.923810 0.057857 0.148571
2 0.529643 0.433333 0.045000 0.081905
2 0.606071 0.363810 0.027857 0.047619
2 0.650357 0.795238 0.069286 0.123810
2 0.768214 0.569524 0.052143 0.089524
2 0.366429 0.285238 0.031429 0.067619
2 0.078571 0.023810 0.045714 0.040000
2 0.880000 0.801429 0.097143 0.138095
2 0.529643 0.110000 0.027857 0.039048
2 0.486786 0.008095 0.025000 0.016190
2 0.041786 0.364286 0.082143 0.048571
0 0.098214 0.809048 0.020714 0.029524
0 0.082143 0.977143 0.020000 0.026667
0 0.041786 0.820000 0.025000 0.030476
0 0.063571 0.785714 0.020000 0.040000
0 0.760714 0.324286 0.008571 0.031429
0 0.228571 0.473333 0.011429 0.022857
0 0.264643 0.530000 0.013571 0.023810
0 0.987857 0.839524 0.020000 0.020000
0 0.938214 0.694762 0.022143 0.031429
0 0.531071 0.026667 0.006429 0.019048
0 0.539643 0.009048 0.005000 0.018095
0 0.547857 0.010000 0.004286 0.020000
0 0.614286 0.152857 0.005714 0.027619
0 0.557857 0.041905 0.005714 0.022857
0 0.554643 0.028571 0.006429 0.015238
0 0.934643 0.592857 0.022143 0.029524
0 0.987143 0.680000 0.025714 0.034286
0 0.907500 0.584762 0.019286 0.026667