2 0.569643 0.586190 0.033571 0.060000
2 0.383571 0.770952 0.035714 0.103810
2 0.530714 0.479524 0.034286 0.063810
2 0.599286 0.487619 0.025714 0.047619
2 0.482500 0.959048 0.055000 0.081905
0 0.353214 0.306190 0.003571 0.014286
2 0.024286 0.389524 0.047143 0.041905
0 0.107143 0.604762 0.014286 0.024762
0 0.133214 0.649048 0.012143 0.027619
2 0.602143 0.327143 0.020000 0.033333
2 0.641786 0.292857 0.020714 0.035238
0 0.527143 0.088095 0.004286 0.016190
2 0.641429 0.096190 0.017143 0.020952
0 0.580357 0.035238 0.003571 0.009524
0 0.656071 0.050952 0.003571 0.010476
0 0.808214 0.412857 0.005000 0.018095
0 0.811071 0.860952 0.016429 0.049524
0 0.788929 0.881429 0.012143 0.048571
2 0.897143 0.609048 0.070000 0.046667
2 0.910714 0.580000 0.065714 0.041905
0 0.836429 0.380000 0.004286 0.017143
0 0.715357 0.301429 0.005000 0.010476
0 0.505000 0.313810 0.005714 0.012381
0 0.430714 0.293810 0.007143 0.012381
0 0.449643 0.329524 0.007857 0.013333
0 0.473571 0.341429 0.007143 0.012381
0 0.490714 0.327143 0.005714 0.012381
0 0.707500 0.460952 0.007857 0.019048
0 0.862143 0.489048 0.012857 0.012381
0 0.678571 0.590000 0.007143 0.016190
0 0.186786 0.611429 0.012143 0.017143
0 0.232143 0.600952 0.015714 0.015238
0 0.386071 0.592381 0.010714 0.022857
0 0.372857 0.553810 0.012857 0.025714