2 0.579071 0.698980 0.044363 0.110390
2 0.468946 0.576994 0.032881 0.107607
0 0.256263 0.965213 0.018789 0.045455
0 0.274530 0.889610 0.016701 0.042672
0 0.295929 0.929499 0.013570 0.029685
0 0.413622 0.368275 0.007829 0.038961
0 0.423017 0.377551 0.008873 0.035250
0 0.429541 0.413729 0.008351 0.022263
0 0.435804 0.412338 0.009395 0.023191
0 0.484603 0.376623 0.010960 0.040816
2 0.830115 0.408163 0.055846 0.059369
2 0.734603 0.362245 0.036013 0.047310
0 0.682672 0.144712 0.008351 0.022263
2 0.639353 0.108998 0.032359 0.028757
2 0.630480 0.090445 0.032359 0.026902
0 0.511482 0.064471 0.006263 0.019481
0 0.507046 0.097403 0.005741 0.014842