2 0.472750 0.840333 0.145500 0.106000
2 0.472000 0.969667 0.123000 0.060667
0 0.710000 0.941667 0.026000 0.044667
2 0.781500 0.402333 0.055000 0.114000
2 0.502750 0.708667 0.141500 0.116000
2 0.465000 0.513333 0.119000 0.081333
2 0.455750 0.425667 0.107500 0.091333
2 0.607750 0.469667 0.058500 0.131333
2 0.584750 0.359000 0.044500 0.094000
2 0.717500 0.211000 0.044000 0.083333
2 0.615750 0.218667 0.051500 0.085333
2 0.456750 0.329333 0.097500 0.084000
2 0.443250 0.203000 0.087500 0.098000
2 0.499500 0.092000 0.033000 0.064000
2 0.553750 0.159667 0.044500 0.086000
2 0.592250 0.124333 0.040500 0.074000
2 0.553750 0.042667 0.030500 0.057333