2 0.597599 0.163265 0.036534 0.094620
2 0.495825 0.212894 0.031315 0.097403
2 0.436326 0.242579 0.031315 0.099258
2 0.403967 0.267625 0.030271 0.093692
2 0.270616 0.353432 0.032881 0.098330
2 0.095511 0.395176 0.034447 0.103896
2 0.514353 0.541280 0.033925 0.108534
2 0.478340 0.555195 0.034969 0.115955
2 0.442067 0.570037 0.037578 0.123377
2 0.270877 0.675325 0.034447 0.116883
2 0.122390 0.741187 0.038100 0.120594
2 0.083246 0.750464 0.037056 0.116883
2 0.617954 0.497681 0.038622 0.104824
2 0.652923 0.491651 0.039666 0.102041
2 0.725470 0.467069 0.035491 0.093692
2 0.501305 0.926252 0.040188 0.128942
2 0.451983 0.947588 0.036534 0.102968
2 0.340553 0.980519 0.028706 0.037106