0 0.081420 0.127551 0.003132 0.010204
0 0.073591 0.173469 0.003132 0.012987
0 0.074896 0.173933 0.003653 0.012059
0 0.110125 0.199443 0.004175 0.014842
0 0.113518 0.200835 0.005741 0.015770
0 0.198591 0.284787 0.003653 0.024119
0 0.204071 0.288961 0.006263 0.010204
0 0.070198 0.372913 0.006785 0.027829
0 0.064718 0.385436 0.010438 0.013915
0 0.462944 0.761132 0.016701 0.065863
0 0.497129 0.684137 0.016180 0.043599
2 0.482516 0.560297 0.072547 0.055659
2 0.495825 0.519944 0.068894 0.054731
2 0.488257 0.496289 0.069415 0.046382
2 0.485908 0.469388 0.058455 0.046382
2 0.487213 0.447124 0.061065 0.038961
2 0.495303 0.429499 0.045929 0.038961
0 0.469468 0.421150 0.008873 0.038961
0 0.463727 0.415121 0.007829 0.038033
0 0.479123 0.405844 0.006263 0.036178
0 0.476775 0.403525 0.008873 0.038961
0 0.467380 0.402134 0.008873 0.036178
2 0.503653 0.378942 0.043841 0.036178
2 0.504175 0.362709 0.051148 0.033395
0 0.555846 0.400742 0.009395 0.025974
0 0.521660 0.307978 0.006785 0.027829
0 0.517223 0.303803 0.005219 0.028757
0 0.494520 0.331633 0.004697 0.021336
0 0.480689 0.281076 0.007307 0.016698
0 0.480428 0.276902 0.004697 0.017625
0 0.465814 0.262523 0.004697 0.016698
0 0.464770 0.260204 0.005741 0.015770
0 0.493476 0.269944 0.003653 0.016698
0 0.497129 0.270872 0.005741 0.020408
0 0.496086 0.267161 0.003653 0.018553
0 0.498695 0.270872 0.005741 0.022263
0 0.502871 0.277365 0.004697 0.018553
0 0.503132 0.274119 0.005219 0.017625
0 0.507046 0.273655 0.005741 0.020408
2 0.559760 0.258349 0.016180 0.026902
2 0.562109 0.242115 0.014614 0.027829
2 0.559760 0.226345 0.015136 0.025974
2 0.560021 0.198516 0.013570 0.020408
2 0.560021 0.167440 0.011482 0.017625
2 0.570720 0.155844 0.012004 0.020408
2 0.555063 0.147032 0.009916 0.019481
2 0.567328 0.115955 0.008351 0.011132
0 0.566284 0.068646 0.002088 0.005566
2 0.685543 0.485158 0.064196 0.059369
2 0.682411 0.514378 0.064196 0.062152
2 0.700157 0.562616 0.075678 0.058442
2 0.702505 0.604360 0.080376 0.071429
0 0.691806 0.649814 0.013048 0.051020
0 0.700939 0.669295 0.010438 0.054731
0 0.705637 0.654453 0.008351 0.036178
0 0.693633 0.679963 0.009395 0.035250
0 0.653706 0.698980 0.019311 0.051020
0 0.707463 0.816327 0.015136 0.064935
0 0.844207 0.925788 0.026618 0.074212
0 0.302192 0.264842 0.006263 0.019481
0 0.407098 0.240260 0.003132 0.014842
0 0.404228 0.239332 0.004697 0.018553