2 0.370714 0.760476 0.028571 0.071429
2 0.409643 0.337619 0.013571 0.027619
2 0.235000 0.200952 0.017143 0.013333
2 0.275000 0.184286 0.011429 0.012381
2 0.439286 0.082381 0.005714 0.008571
2 0.435000 0.056190 0.005714 0.009524
2 0.684643 0.099048 0.007857 0.009524
2 0.678571 0.086667 0.008571 0.009524
2 0.430357 0.079048 0.006429 0.011429
2 0.431786 0.049048 0.005000 0.008571
2 0.472857 0.030000 0.010000 0.006667
2 0.457500 0.016667 0.005000 0.006667
2 0.532500 0.023333 0.005000 0.008571
2 0.530714 0.070000 0.011429 0.010476
2 0.562857 0.024762 0.005714 0.007619
2 0.568214 0.023333 0.006429 0.010476
2 0.575000 0.022857 0.004286 0.009524
2 0.581429 0.022381 0.005714 0.008571
2 0.672143 0.080000 0.008571 0.009524
2 0.543214 0.015714 0.007857 0.008571
2 0.390357 0.294762 0.010714 0.025714
0 0.390357 0.270952 0.005000 0.010476
0 0.433214 0.285238 0.005000 0.012381