2 0.486786 0.476523 0.009286 0.026650
2 0.488571 0.549492 0.014286 0.038071
2 0.503929 0.475888 0.010714 0.030457
2 0.505000 0.522208 0.011429 0.029188
2 0.487857 0.647208 0.012857 0.040609
2 0.511429 0.642132 0.012857 0.038071
2 0.499286 0.387056 0.008571 0.022843
2 0.498929 0.352157 0.007857 0.024112
2 0.496786 0.302030 0.007857 0.017766
2 0.486071 0.204315 0.006429 0.012690
2 0.473214 0.170685 0.006429 0.011421
2 0.462143 0.193528 0.005714 0.011421
2 0.493214 0.146574 0.005000 0.008883
2 0.492857 0.129442 0.004286 0.010152
2 0.473571 0.151650 0.004286 0.011421
2 0.464643 0.143401 0.005000 0.010152
2 0.505714 0.074239 0.004286 0.008883
2 0.496429 0.245558 0.007143 0.019036
2 0.861786 0.386421 0.022143 0.016497
2 0.978214 0.605964 0.020714 0.029188
2 0.895000 0.472716 0.017143 0.029188
2 0.868571 0.435279 0.011429 0.022843
2 0.935000 0.539340 0.018571 0.030457