2 0.136071 0.929524 0.099286 0.140952
2 0.246786 0.814762 0.107857 0.151429
2 0.386429 0.160952 0.052857 0.114286
2 0.578214 0.315238 0.049286 0.121905
2 0.626071 0.336190 0.046429 0.120000
2 0.510714 0.029524 0.042857 0.059048
2 0.644286 0.045238 0.041429 0.090476
0 0.524643 0.293333 0.015000 0.032381
0 0.545357 0.258571 0.013571 0.037143
0 0.559643 0.258095 0.012143 0.038095
0 0.610357 0.124286 0.015000 0.039048
2 0.545000 0.876667 0.070000 0.170476
2 0.578214 0.706667 0.062143 0.156190
2 0.525357 0.642381 0.050714 0.117143