2 0.522000 0.740667 0.161000 0.094667
2 0.029500 0.791667 0.059000 0.106000
2 0.074250 0.590333 0.126500 0.080667
2 0.271000 0.606333 0.138000 0.088667
2 0.251250 0.536667 0.127500 0.086667
2 0.415750 0.510667 0.123500 0.076000
2 0.551250 0.498333 0.119500 0.070000
0 0.610750 0.501000 0.028500 0.050000
0 0.549750 0.458333 0.013500 0.031333
2 0.678000 0.483667 0.123000 0.078000
2 0.720750 0.463000 0.094500 0.064667
2 0.798250 0.440333 0.110500 0.056667
2 0.883750 0.508000 0.090500 0.070667
2 0.933000 0.447000 0.089000 0.059333
2 0.902750 0.411667 0.094500 0.044667
2 0.973250 0.392333 0.053500 0.058000
2 0.907500 0.356667 0.071000 0.046667
0 0.864250 0.338333 0.009500 0.038000
0 0.949250 0.322333 0.014500 0.034000
0 0.667750 0.356000 0.013500 0.044000
2 0.802250 0.148667 0.028500 0.022667
2 0.763000 0.138667 0.019000 0.016000
2 0.732500 0.128000 0.023000 0.016000
2 0.696000 0.113333 0.021000 0.017333
2 0.620750 0.091333 0.019500 0.014667