0 0.012143 0.830000 0.012857 0.018095
0 0.026429 0.830476 0.014286 0.022857
0 0.031071 0.816667 0.017857 0.020000
0 0.027500 0.806190 0.013571 0.020000
0 0.013929 0.810952 0.015000 0.020000
0 0.053929 0.799048 0.019286 0.019048
0 0.067500 0.793810 0.012143 0.016190
0 0.082143 0.778095 0.018571 0.020952
0 0.070357 0.774286 0.015000 0.019048
0 0.052857 0.790000 0.015714 0.014286
0 0.045357 0.780476 0.013571 0.016190
0 0.062143 0.744286 0.014286 0.020000
0 0.112143 0.751905 0.010000 0.014286
0 0.279643 0.660952 0.012143 0.024762
0 0.261071 0.588571 0.009286 0.015238
2 0.328214 0.675714 0.053571 0.077143
0 0.386429 0.460000 0.005714 0.015238
0 0.315357 0.490000 0.010714 0.016190
0 0.459286 0.400476 0.010000 0.016190
0 0.467143 0.400952 0.007143 0.013333
0 0.532500 0.378571 0.006429 0.021905
0 0.524643 0.297143 0.007857 0.019048
0 0.551429 0.288571 0.007143 0.019048
2 0.614643 0.248095 0.040714 0.029524
2 0.653929 0.208095 0.039286 0.029524
2 0.668214 0.333333 0.046429 0.034286
2 0.736429 0.254286 0.040000 0.038095
2 0.812500 0.696667 0.049286 0.082857
2 0.827143 0.401429 0.034286 0.044762
0 0.772500 0.313810 0.009286 0.020000
0 0.828571 0.239524 0.008571 0.016190
0 0.895357 0.141429 0.009286 0.014286
2 0.948571 0.176190 0.025714 0.026667
2 0.891429 0.095714 0.022857 0.025714
2 0.807857 0.040476 0.031429 0.020000
0 0.344286 0.830952 0.008571 0.014286
0 0.354643 0.830000 0.010714 0.023810
0 0.372857 0.779524 0.018571 0.027619
0 0.591429 0.904286 0.020000 0.033333