2 0.317750 0.175667 0.010500 0.014000
2 0.319250 0.306000 0.018500 0.024000
2 0.379750 0.273333 0.016500 0.020000
2 0.431000 0.394333 0.028000 0.035333
2 0.372750 0.415000 0.029500 0.040667
0 0.400750 0.202667 0.003500 0.012000
0 0.403250 0.204000 0.004500 0.012000
0 0.288500 0.469000 0.010000 0.020667
2 0.390000 0.585667 0.037000 0.071333
2 0.313250 0.707333 0.051500 0.104000
2 0.896750 0.861333 0.131500 0.092000
2 0.839500 0.789333 0.124000 0.082667
2 0.956500 0.753000 0.087000 0.082000
2 0.986500 0.827667 0.027000 0.062000
0 0.951500 0.496333 0.018000 0.036667
2 0.795250 0.426333 0.040500 0.023333
2 0.771250 0.414333 0.048500 0.024667
0 0.788000 0.352667 0.006000 0.021333
2 0.731500 0.310000 0.030000 0.021333
2 0.708500 0.284667 0.033000 0.021333
2 0.630500 0.311000 0.036000 0.019333
2 0.614250 0.297333 0.030500 0.018667
2 0.605750 0.292333 0.027500 0.018000
2 0.576250 0.268333 0.027500 0.015333
2 0.569750 0.264000 0.028500 0.016000
2 0.566750 0.259333 0.028500 0.018667
2 0.580750 0.234667 0.017500 0.017333
2 0.515750 0.222000 0.026500 0.014667
2 0.536000 0.192333 0.022000 0.010000
2 0.470500 0.159667 0.014000 0.008667
2 0.469000 0.158000 0.015000 0.009333
2 0.456500 0.150667 0.008000 0.008000
0 0.448000 0.147000 0.002000 0.007333