2 0.106429 0.604695 0.021429 0.062183
0 0.095357 0.567893 0.009286 0.013959
2 0.257857 0.552665 0.027143 0.034264
2 0.273929 0.565355 0.033571 0.039340
2 0.274286 0.613579 0.031429 0.041878
2 0.484643 0.482234 0.032143 0.038071
2 0.487857 0.458122 0.031429 0.032995
2 0.496071 0.435279 0.027857 0.035533
2 0.509286 0.402284 0.031429 0.038071
2 0.526429 0.350888 0.024286 0.026650
2 0.531429 0.333122 0.022857 0.026650
0 0.583929 0.343274 0.005000 0.016497
0 0.580357 0.336929 0.003571 0.013959
0 0.577500 0.335660 0.003571 0.013959
0 0.574286 0.333122 0.004286 0.013959
2 0.616071 0.394036 0.027857 0.034264
0 0.621786 0.493655 0.007857 0.017766
0 0.639286 0.484772 0.005714 0.015228
2 0.911071 0.522208 0.032143 0.036802
2 0.921071 0.499365 0.036429 0.036802
2 0.927500 0.476523 0.032143 0.041878
2 0.932500 0.453046 0.032143 0.040609
2 0.934286 0.435914 0.037143 0.041878
2 0.606786 0.028553 0.016429 0.029188
0 0.548214 0.093909 0.005000 0.015228
2 0.968571 0.142766 0.040000 0.034264
2 0.971429 0.126269 0.030000 0.034264
2 0.973214 0.111675 0.029286 0.030457