2 0.556071 0.618020 0.016429 0.055838
2 0.510714 0.566624 0.017143 0.049492
2 0.482500 0.423858 0.012143 0.027919
2 0.470714 0.343909 0.010000 0.027919
2 0.490714 0.304569 0.011429 0.022843
2 0.520357 0.309010 0.013571 0.029188
2 0.558571 0.348985 0.011429 0.030457
2 0.555000 0.181472 0.008571 0.020305
2 0.513214 0.046320 0.009286 0.016497
2 0.540714 0.025381 0.007143 0.015228
2 0.552857 0.036168 0.007143 0.021574
2 0.528214 0.061548 0.006429 0.016497
0 0.540000 0.331218 0.002857 0.012690
0 0.452857 0.990482 0.008571 0.016497
0 0.283571 0.979695 0.008571 0.027919