2 0.622857 0.165714 0.002857 0.003810
2 0.574286 0.182381 0.002857 0.004762
2 0.576071 0.189524 0.003571 0.005714
2 0.486786 0.283810 0.006429 0.011429
2 0.503929 0.317143 0.012143 0.011429
2 0.525000 0.302381 0.012857 0.010476
2 0.203571 0.642381 0.032857 0.035238
2 0.222500 0.808095 0.037857 0.050476
2 0.276429 0.694762 0.042857 0.029524
2 0.238214 0.514286 0.027857 0.015238
2 0.037857 0.943333 0.062857 0.048571
0 0.841786 0.949048 0.007857 0.018095
0 0.723929 0.636667 0.009286 0.016190
0 0.713571 0.629524 0.005714 0.015238
0 0.735714 0.605714 0.005714 0.017143
0 0.713571 0.579524 0.007143 0.014286
0 0.673571 0.564762 0.005714 0.015238
0 0.656071 0.540476 0.005000 0.014286
2 0.834286 0.403810 0.021429 0.015238
2 0.851786 0.417143 0.013571 0.019048
2 0.862500 0.358095 0.015000 0.011429
2 0.826071 0.323810 0.017857 0.013333
2 0.830357 0.335714 0.013571 0.010476
0 0.596786 0.410000 0.003571 0.010476
0 0.373929 0.365238 0.003571 0.008571
2 0.447143 0.281429 0.011429 0.008571
2 0.473571 0.263810 0.014286 0.007619