0 0.211071 0.133333 0.030714 0.059048
2 0.484643 0.033333 0.043571 0.066667
0 0.053571 0.215238 0.025714 0.045714
0 0.063214 0.262857 0.035000 0.051429
0 0.060714 0.300476 0.032857 0.039048
2 0.243571 0.487619 0.075714 0.177143
2 0.037143 0.400476 0.074286 0.109524
0 0.098929 0.662381 0.026429 0.042857
2 0.213929 0.695714 0.076429 0.197143
2 0.081071 0.937619 0.102143 0.124762
2 0.170357 0.948095 0.080714 0.100000
0 0.336429 0.475714 0.025714 0.054286
0 0.316429 0.441429 0.022857 0.046667
2 0.635714 0.200000 0.061429 0.139048
2 0.747500 0.171429 0.047857 0.099048
0 0.783929 0.287619 0.020714 0.047619
2 0.582500 0.635714 0.066429 0.212381
2 0.680000 0.695238 0.080000 0.203810
2 0.804286 0.539524 0.081429 0.174286
2 0.885000 0.520952 0.087143 0.173333
2 0.846429 0.759048 0.087143 0.192381
2 0.885357 0.963333 0.085000 0.073333
2 0.953929 0.104762 0.092143 0.060952
2 0.967857 0.190476 0.064286 0.062857
2 0.979643 0.270000 0.037857 0.063810
2 0.984643 0.341429 0.026429 0.065714