2 0.224643 0.389524 0.117857 0.074286
2 0.087500 0.205238 0.103571 0.061905
2 0.268571 0.100476 0.092857 0.056190
2 0.323214 0.153810 0.090714 0.058095
2 0.021429 0.144286 0.042857 0.056190
2 0.464643 0.039524 0.077857 0.056190
2 0.676786 0.173810 0.090714 0.067619
2 0.706786 0.052381 0.089286 0.055238
2 0.662143 0.015238 0.082857 0.030476
2 0.520000 0.276667 0.092857 0.063810
0 0.495714 0.625714 0.014286 0.038095
0 0.533214 0.620000 0.026429 0.028571
0 0.981429 0.424286 0.025714 0.037143
0 0.987857 0.553333 0.018571 0.036190
0 0.981786 0.581905 0.030714 0.028571
0 0.561071 0.580476 0.016429 0.035238
0 0.544286 0.567619 0.022857 0.036190
0 0.497857 0.463810 0.015714 0.038095
0 0.520714 0.483333 0.021429 0.031429
2 0.976071 0.168095 0.047857 0.056190
2 0.346786 0.011905 0.082143 0.023810