2 0.446786 0.180838 0.005000 0.006345
2 0.456071 0.191624 0.003571 0.007614
2 0.461071 0.233503 0.005000 0.007614
2 0.352500 0.451777 0.012143 0.012690
2 0.370000 0.451142 0.011429 0.011421
2 0.376429 0.463198 0.014286 0.010152
2 0.392143 0.467005 0.012857 0.012690
2 0.397500 0.461929 0.013571 0.010152
2 0.393214 0.452411 0.015000 0.011421
2 0.412857 0.465102 0.014286 0.008883
2 0.414286 0.460660 0.012857 0.007614
2 0.413214 0.456218 0.013571 0.011421
2 0.415714 0.450508 0.014286 0.010152
2 0.537857 0.483503 0.014286 0.012690
2 0.555357 0.482868 0.013571 0.011421
2 0.438929 0.525381 0.006429 0.015228
2 0.448571 0.524112 0.007143 0.017766
2 0.456786 0.515228 0.006429 0.015228
2 0.457500 0.534264 0.007857 0.015228
2 0.467143 0.544416 0.007143 0.015228
2 0.438571 0.547589 0.007143 0.016497
2 0.447857 0.564086 0.007143 0.019036
2 0.457857 0.552665 0.007143 0.016497
2 0.457857 0.569797 0.007143 0.020305
2 0.458571 0.589467 0.007143 0.019036
2 0.466786 0.565990 0.007857 0.017766
2 0.477500 0.567893 0.007857 0.019036
2 0.468571 0.588832 0.007143 0.020305
2 0.469643 0.644670 0.007857 0.020305
2 0.471429 0.685914 0.008571 0.021574
2 0.462500 0.744924 0.010714 0.022843
2 0.490000 0.510152 0.008571 0.020305
2 0.502857 0.513959 0.008571 0.022843
2 0.504286 0.559010 0.010000 0.021574
2 0.495714 0.583756 0.008571 0.025381
2 0.510000 0.641497 0.008571 0.021574
2 0.502500 0.705584 0.009286 0.025381
2 0.513571 0.692893 0.010000 0.030457
2 0.521071 0.795051 0.010714 0.029188
2 0.475000 0.839467 0.010000 0.029188
2 0.515714 0.931472 0.011429 0.035533
2 0.531429 0.918782 0.011429 0.035533
0 0.552500 0.751269 0.003571 0.015228
0 0.543214 0.727157 0.003571 0.012690
0 0.542500 0.695431 0.003571 0.012690
2 0.762857 0.791878 0.011429 0.027919