2 0.164286 0.203333 0.038571 0.020000
2 0.175714 0.260000 0.031429 0.028571
2 0.137143 0.283333 0.032857 0.031429
2 0.101071 0.310952 0.037857 0.033333
2 0.188929 0.356667 0.036429 0.039048
2 0.119643 0.425714 0.050714 0.049524
2 0.066786 0.489048 0.065000 0.056190
2 0.021786 0.548571 0.043571 0.062857
2 0.024643 0.434762 0.049286 0.060000
2 0.032500 0.370952 0.056429 0.060000
0 0.033214 0.249524 0.010714 0.024762
0 0.428571 0.442381 0.010000 0.031429
0 0.452857 0.441905 0.008571 0.036190
0 0.468214 0.435238 0.010714 0.030476
2 0.322143 0.625714 0.108571 0.062857
2 0.525000 0.631905 0.108571 0.061905
2 0.677143 0.634762 0.108571 0.061905
0 0.579286 0.435238 0.010000 0.030476
0 0.625000 0.446190 0.010000 0.025714
0 0.208929 0.687143 0.022143 0.042857
0 0.108214 0.601905 0.016429 0.038095
0 0.127500 0.610476 0.019286 0.040000
2 0.893214 0.628571 0.110714 0.059048