0 0.507857 0.154762 0.010000 0.027619
0 0.499643 0.140476 0.007857 0.031429
0 0.494286 0.332857 0.011429 0.027619
2 0.357500 0.696190 0.039286 0.099048
2 0.323214 0.570476 0.046429 0.091429
0 0.308571 0.570952 0.014286 0.027619
2 0.298571 0.486190 0.038571 0.077143
2 0.053214 0.446190 0.053571 0.086667
2 0.026429 0.311905 0.052857 0.037143
0 0.233214 0.357143 0.013571 0.022857
0 0.215714 0.444762 0.012857 0.020952
0 0.301786 0.153333 0.012143 0.024762
0 0.299286 0.014286 0.010000 0.019048
0 0.482143 0.505714 0.011429 0.019048
0 0.485000 0.492381 0.007143 0.022857
0 0.484286 0.480476 0.008571 0.023810
0 0.484286 0.470952 0.007143 0.023810