2 0.957857 0.102857 0.050000 0.072381
2 0.385357 0.451905 0.055000 0.119048
2 0.251786 0.377619 0.060714 0.109524
2 0.098929 0.284286 0.075000 0.101905
2 0.277857 0.266667 0.054286 0.093333
2 0.222143 0.280476 0.050000 0.107619
2 0.339643 0.244286 0.049286 0.100000
2 0.263929 0.172381 0.112143 0.055238
2 0.067857 0.657143 0.135714 0.080000
2 0.047857 0.857619 0.095714 0.111429
0 0.339286 0.617143 0.010000 0.040000
2 0.965714 0.013810 0.061429 0.027619
0 0.115000 0.212381 0.017143 0.026667
0 0.102857 0.210476 0.017143 0.040000