0 0.823571 0.331218 0.004286 0.017766
0 0.775714 0.270939 0.005714 0.016497
0 0.923929 0.436548 0.005000 0.017766
0 0.884286 0.373731 0.005714 0.019036
0 0.951071 0.347081 0.006429 0.019036
0 0.970714 0.377538 0.005714 0.016497
2 0.582500 0.301396 0.019286 0.026650
2 0.472857 0.332487 0.015714 0.030457
2 0.349286 0.139594 0.015714 0.015228
2 0.449643 0.624365 0.023571 0.043147
2 0.309643 0.555838 0.025000 0.040609
2 0.227143 0.388959 0.021429 0.031726
2 0.124286 0.379442 0.021429 0.025381
2 0.143214 0.211929 0.012143 0.015228
2 0.033571 0.043782 0.007143 0.011421
2 0.595357 0.038706 0.009286 0.013959
2 0.536429 0.039340 0.007143 0.010152
2 0.647500 0.048858 0.007857 0.011421
2 0.656786 0.009518 0.007857 0.008883