2 0.051071 0.884286 0.102143 0.231429
2 0.137143 0.935238 0.091429 0.129524
2 0.326786 0.827143 0.093571 0.252381
2 0.128214 0.622857 0.109286 0.184762
2 0.773214 0.706190 0.113571 0.181905
2 0.700714 0.543333 0.100000 0.145714
2 0.671786 0.417619 0.075000 0.119048
2 0.548214 0.416190 0.056429 0.104762
2 0.641786 0.322857 0.059286 0.078095
2 0.362857 0.418095 0.061429 0.121905
2 0.255357 0.489524 0.075000 0.148571
2 0.959643 0.517619 0.080714 0.082857
2 0.969643 0.632857 0.060714 0.069524
2 0.947500 0.453333 0.105000 0.091429
2 0.943571 0.379048 0.112857 0.076190
2 0.956786 0.338571 0.086429 0.061905
0 0.917500 0.237619 0.022143 0.040952
0 0.952857 0.190476 0.021429 0.043810
0 0.968929 0.175238 0.022143 0.036190
0 0.936786 0.081429 0.015000 0.033333
0 0.935000 0.080000 0.010000 0.028571
2 0.991071 0.072381 0.017857 0.030476
2 0.940357 0.072381 0.072143 0.038095
2 0.568214 0.266667 0.060714 0.072381
0 0.602857 0.296667 0.014286 0.044762
0 0.637143 0.271905 0.012857 0.046667
2 0.275357 0.370000 0.062143 0.096190
2 0.080357 0.340952 0.135000 0.081905
2 0.060357 0.308571 0.097857 0.076190
2 0.045000 0.270000 0.068571 0.069524
0 0.134643 0.255714 0.020714 0.046667
0 0.161429 0.239048 0.018571 0.051429
0 0.182143 0.235714 0.017143 0.048571
0 0.165357 0.226667 0.017857 0.047619
0 0.398571 0.156190 0.008571 0.040000
2 0.232143 0.205238 0.082857 0.061905
2 0.208214 0.183810 0.087857 0.057143
2 0.177857 0.166190 0.085714 0.054286
2 0.036071 0.136667 0.049286 0.065714
2 0.025357 0.110952 0.029286 0.044762
2 0.078214 0.054762 0.079286 0.035238
2 0.217143 0.057143 0.062857 0.036190
2 0.378571 0.206667 0.047143 0.072381
2 0.386786 0.060952 0.062143 0.036190
2 0.468571 0.059524 0.061429 0.037143
0 0.299286 0.104762 0.005714 0.030476
2 0.627857 0.202857 0.048571 0.060952
2 0.703571 0.149524 0.062857 0.045714
2 0.828214 0.192857 0.076429 0.071429
2 0.783214 0.069524 0.067857 0.038095
2 0.860000 0.069524 0.070000 0.036190
2 0.109286 0.117143 0.077143 0.038095
2 0.019643 0.108095 0.039286 0.042857
0 0.003929 0.129048 0.007857 0.021905