2 0.484286 0.451777 0.012857 0.038071
2 0.482143 0.366117 0.011429 0.029188
2 0.420357 0.370558 0.012143 0.025381
2 0.470000 0.302030 0.011429 0.027919
2 0.375000 0.460025 0.032857 0.026650
2 0.474643 0.147208 0.009286 0.020305
2 0.485357 0.071701 0.007857 0.016497
2 0.454643 0.013325 0.006429 0.011421
2 0.396786 0.494289 0.032143 0.024112
2 0.517500 0.126269 0.016429 0.016497
2 0.485714 0.327411 0.010000 0.027919
2 0.486071 0.294416 0.010714 0.025381
2 0.504286 0.388325 0.011429 0.030457
2 0.348214 0.507614 0.030714 0.025381
2 0.396429 0.469543 0.022857 0.025381
2 0.486071 0.635787 0.017857 0.050761
2 0.279643 0.463198 0.029286 0.017766
2 0.177857 0.456853 0.031429 0.020305
2 0.286786 0.480330 0.036429 0.021574
2 0.327857 0.468909 0.030000 0.021574