0 0.525500 0.404000 0.004000 0.010667
2 0.569750 0.955333 0.075500 0.089333
2 0.396000 0.703000 0.034000 0.068667
2 0.482250 0.599333 0.028500 0.044000
2 0.444750 0.508667 0.018500 0.028000
2 0.448000 0.386667 0.010000 0.009333
2 0.442750 0.378333 0.008500 0.008667
2 0.082500 0.472333 0.043000 0.018000
0 0.227750 0.376000 0.003500 0.008000
2 0.231000 0.376667 0.019000 0.008000
0 0.234250 0.371333 0.002500 0.006667
2 0.239500 0.371000 0.018000 0.008667
0 0.310000 0.374333 0.003000 0.010000
2 0.307500 0.374333 0.019000 0.008667
0 0.322750 0.375000 0.003500 0.008667
2 0.330000 0.374667 0.019000 0.008000
2 0.328250 0.368000 0.015500 0.008000
2 0.397250 0.363667 0.011500 0.007333
0 0.425250 0.351667 0.001500 0.004667
2 0.413250 0.348667 0.005500 0.006667
2 0.405250 0.336667 0.004500 0.005333
2 0.403000 0.326667 0.003000 0.004000
2 0.402250 0.321667 0.002500 0.003333
2 0.401250 0.318333 0.002500 0.003333
2 0.400500 0.315333 0.002000 0.002667