2 0.590357 0.731905 0.103571 0.073333
2 0.694286 0.513333 0.061429 0.026667
2 0.618214 0.939048 0.155000 0.121905
2 0.886786 0.508571 0.052143 0.032381
2 0.956429 0.603333 0.067143 0.046667
2 0.930357 0.523333 0.053571 0.033333
2 0.896786 0.490000 0.043571 0.033333
2 0.946786 0.498571 0.053571 0.033333
2 0.954643 0.473810 0.046429 0.033333
2 0.984643 0.510952 0.030714 0.039048
2 0.944643 0.684762 0.043571 0.070476
2 0.870000 0.853333 0.138571 0.108571
2 0.272857 0.515238 0.021429 0.036190
2 0.163214 0.533810 0.023571 0.042857
2 0.128571 0.543333 0.030000 0.040952
2 0.033214 0.676190 0.063571 0.053333
2 0.458929 0.417143 0.019286 0.020952
2 0.236429 0.383333 0.010000 0.012381
2 0.239643 0.363810 0.009286 0.009524
2 0.236071 0.374286 0.009286 0.011429
2 0.239286 0.355238 0.008571 0.009524
2 0.296429 0.446667 0.038571 0.020952
2 0.292143 0.425714 0.038571 0.020952
2 0.287143 0.412381 0.032857 0.015238
2 0.233214 0.400000 0.012143 0.015238
2 0.280000 0.377619 0.025714 0.014286
2 0.283929 0.393810 0.030714 0.014286
2 0.286071 0.402857 0.027857 0.013333
0 0.346786 0.461905 0.007857 0.020952
0 0.877143 0.610952 0.012857 0.040952
0 0.442500 0.405238 0.005000 0.014286
0 0.547143 0.493333 0.008571 0.022857
0 0.668571 0.487143 0.010000 0.018095
0 0.147143 0.879048 0.028571 0.060952