2 0.377143 0.024746 0.035714 0.049492
2 0.318571 0.115482 0.035714 0.065990
0 0.280000 0.081218 0.008571 0.030457
0 0.383214 0.144036 0.007857 0.031726
0 0.373571 0.210025 0.008571 0.029188
0 0.355357 0.234772 0.010714 0.025381
0 0.355357 0.306472 0.006429 0.026650
0 0.510357 0.226523 0.006429 0.034264
0 0.501429 0.232234 0.004286 0.025381
2 0.376071 0.283629 0.042143 0.085025
2 0.414286 0.371193 0.042857 0.090102
0 0.355000 0.467640 0.010000 0.026650
0 0.358214 0.462563 0.005000 0.024112
0 0.359286 0.519670 0.008571 0.024112
0 0.367143 0.532995 0.007143 0.027919
0 0.561429 0.371193 0.008571 0.034264
0 0.328571 0.616751 0.010000 0.030457
0 0.493929 0.667513 0.007857 0.020305
0 0.537143 0.730330 0.011429 0.021574
0 0.480357 0.694797 0.010714 0.031726
0 0.501429 0.706218 0.008571 0.021574
0 0.426786 0.674492 0.006429 0.024112
0 0.350357 0.687183 0.007857 0.021574
0 0.374643 0.692893 0.009286 0.015228
0 0.386071 0.716371 0.009286 0.016497
0 0.371429 0.710025 0.010000 0.019036
0 0.375714 0.727157 0.008571 0.020305
0 0.646429 0.700508 0.011429 0.022843
0 0.723214 0.696701 0.012143 0.020305
0 0.807857 0.634518 0.011429 0.022843
0 0.823929 0.589467 0.012143 0.021574
0 0.273929 0.776015 0.012143 0.024112
0 0.268929 0.756980 0.013571 0.024112
0 0.249286 0.828680 0.010000 0.015228