0 0.681071 0.697143 0.019286 0.028571
0 0.580357 0.427619 0.013571 0.040000
0 0.585000 0.515238 0.014286 0.038095
0 0.603571 0.580000 0.020000 0.022857
0 0.619286 0.565238 0.014286 0.033333
2 0.509643 0.683333 0.050714 0.134286
2 0.458214 0.461905 0.037857 0.076190
2 0.402500 0.418571 0.047857 0.096190
2 0.432143 0.131905 0.027143 0.044762
2 0.291786 0.162381 0.032143 0.050476
0 0.555714 0.124286 0.008571 0.023810
0 0.556786 0.058095 0.007857 0.028571
2 0.101786 0.796190 0.090714 0.161905
2 0.271786 0.688095 0.066429 0.147619
2 0.157857 0.610952 0.067143 0.126667
0 0.341429 0.171429 0.010000 0.032381