2 0.566786 0.914340 0.046429 0.112944
2 0.502143 0.476523 0.018571 0.046954
2 0.438214 0.448604 0.026429 0.087563
2 0.513929 0.407995 0.017857 0.036802
2 0.418214 0.329315 0.012143 0.029188
2 0.438214 0.246827 0.012143 0.021574
2 0.484643 0.231599 0.012143 0.021574
2 0.437500 0.201142 0.010714 0.016497
2 0.432500 0.149112 0.010714 0.019036
2 0.448214 0.160533 0.010714 0.016497
2 0.695714 0.736675 0.034286 0.067259
2 0.655357 0.728426 0.019286 0.055838
2 0.632143 0.631980 0.022857 0.043147
2 0.621786 0.585660 0.022143 0.049492
2 0.757857 0.599619 0.021429 0.049492
2 0.678214 0.352792 0.015000 0.030457
2 0.149643 0.370558 0.020714 0.017766
2 0.189643 0.367386 0.023571 0.021574
2 0.278214 0.302665 0.013571 0.019036
2 0.699643 0.490482 0.019286 0.036802
2 0.639643 0.309645 0.016429 0.022843
2 0.460714 0.128173 0.011429 0.017766
2 0.461429 0.109772 0.011429 0.013959
2 0.499286 0.085660 0.010000 0.013959
2 0.502143 0.073604 0.011429 0.015228
2 0.535714 0.057741 0.011429 0.013959
2 0.547857 0.074873 0.011429 0.015228
2 0.556786 0.041878 0.013571 0.012690
2 0.586071 0.029822 0.015000 0.011421
2 0.520357 0.180203 0.007857 0.015228
2 0.767500 0.135152 0.012143 0.016497
2 0.743571 0.197335 0.010000 0.016497
2 0.726071 0.193528 0.010714 0.016497
2 0.708571 0.189721 0.014286 0.019036
2 0.701429 0.343274 0.012857 0.024112
2 0.745357 0.146574 0.006429 0.011421
2 0.753214 0.147208 0.005000 0.010152
2 0.799643 0.198604 0.010714 0.013959
2 0.787857 0.195431 0.008571 0.015228
2 0.777143 0.193528 0.011429 0.016497
2 0.755000 0.199239 0.011429 0.020305
2 0.780357 0.178299 0.007857 0.011421
2 0.802143 0.176396 0.010000 0.020305
2 0.803214 0.159898 0.007857 0.012690
2 0.780000 0.131345 0.007143 0.016497
0 0.097500 0.710025 0.012143 0.024112
2 0.258929 0.482234 0.015000 0.030457
2 0.264643 0.456218 0.013571 0.026650
2 0.286071 0.454315 0.015000 0.038071
2 0.073571 0.369924 0.027143 0.021574
2 0.061429 0.380711 0.027143 0.017766
2 0.047500 0.402919 0.022143 0.019036
2 0.038571 0.375000 0.024286 0.016497
2 0.031071 0.386421 0.020714 0.011421
2 0.026429 0.395305 0.024286 0.013959
2 0.019643 0.405457 0.020714 0.016497
2 0.011429 0.421954 0.018571 0.024112
2 0.866429 0.179569 0.008571 0.016497
2 0.851786 0.203046 0.016429 0.025381
2 0.865000 0.204315 0.008571 0.022843
2 0.855357 0.223985 0.010714 0.019036
2 0.207500 0.361041 0.026429 0.021574
2 0.095000 0.423223 0.020000 0.019036
2 0.323929 0.376269 0.027857 0.026650
0 0.347857 0.399112 0.008571 0.026650
0 0.273571 0.463832 0.008571 0.021574
2 0.668214 0.333756 0.017857 0.027919