0 0.110750 0.589333 0.023500 0.033333
0 0.131750 0.563333 0.018500 0.033333
0 0.010750 0.870667 0.020500 0.044000
0 0.173250 0.563000 0.012500 0.036667
0 0.531500 0.905667 0.014000 0.044667
0 0.570250 0.953333 0.016500 0.052000
0 0.566750 0.984667 0.018500 0.030667
0 0.662500 0.960000 0.031000 0.080000
0 0.659750 0.876333 0.026500 0.076667
0 0.627500 0.864333 0.027000 0.071333
0 0.592250 0.751333 0.020500 0.049333
0 0.591250 0.612000 0.013500 0.029333
0 0.600000 0.590333 0.015000 0.031333
0 0.675000 0.609333 0.008000 0.016000
0 0.646750 0.613000 0.012500 0.047333
0 0.674000 0.595333 0.014000 0.042667
0 0.622250 0.502333 0.014500 0.028667
2 0.398500 0.154000 0.017000 0.009333
2 0.481750 0.210333 0.027500 0.014000
2 0.547000 0.164667 0.020000 0.012000
0 0.502250 0.418333 0.011500 0.034000
0 0.630250 0.424000 0.007500 0.034667
0 0.641500 0.416000 0.009000 0.036000
0 0.818000 0.469000 0.015000 0.039333
0 0.884500 0.487000 0.015000 0.036667
0 0.818500 0.438333 0.016000 0.016667
0 0.894000 0.434333 0.013000 0.016667
0 0.832500 0.426333 0.017000 0.016667
2 0.598000 0.358000 0.055000 0.025333
2 0.601750 0.338000 0.055500 0.028000
2 0.616500 0.326333 0.055000 0.031333
2 0.627250 0.319667 0.052500 0.028667
2 0.740000 0.374667 0.044000 0.046667
0 0.686250 0.333000 0.008500 0.016667
0 0.718750 0.348333 0.007500 0.032667
0 0.723250 0.352667 0.005500 0.030667
0 0.749000 0.349667 0.007000 0.031333
0 0.773000 0.345333 0.007000 0.028000
0 0.789750 0.327000 0.008500 0.031333
0 0.824250 0.313667 0.005500 0.026000
0 0.877500 0.380333 0.009000 0.039333
2 0.737500 0.331667 0.023000 0.043333
2 0.730750 0.310667 0.030500 0.033333
2 0.734000 0.286000 0.022000 0.029333
2 0.541750 0.257000 0.029500 0.020667
2 0.590000 0.259667 0.040000 0.027333
2 0.631000 0.259667 0.043000 0.019333
0 0.662500 0.268667 0.004000 0.016000
0 0.764500 0.281667 0.005000 0.026000
2 0.764250 0.279000 0.044500 0.027333
2 0.782500 0.271333 0.035000 0.022667
2 0.839000 0.279000 0.038000 0.027333
2 0.899750 0.288333 0.038500 0.024667
2 0.573750 0.217000 0.032500 0.016667
2 0.672000 0.239000 0.038000 0.018000
2 0.624500 0.220667 0.030000 0.017333