2 0.265000 0.348571 0.017143 0.038095
2 0.277143 0.337619 0.014286 0.029524
2 0.303929 0.520476 0.013571 0.037143
2 0.207500 0.783333 0.017857 0.037143
2 0.137857 0.796190 0.028571 0.017143
2 0.139643 0.775714 0.030714 0.018095
2 0.080714 0.787143 0.030000 0.029524
2 0.308929 0.755238 0.027857 0.019048
2 0.678929 0.417143 0.015000 0.036190
2 0.693214 0.395238 0.015000 0.034286
2 0.708214 0.400952 0.013571 0.036190
2 0.723929 0.405238 0.015000 0.033333
2 0.985714 0.380476 0.020000 0.037143
2 0.570357 0.978095 0.017857 0.041905
2 0.601071 0.980476 0.016429 0.037143
2 0.367500 0.965714 0.029286 0.022857
2 0.185357 0.965238 0.035000 0.018095
2 0.066786 0.992381 0.033571 0.015238
2 0.056429 0.955238 0.031429 0.020952