2 0.091336 0.755102 0.046973 0.085343
2 0.725731 0.915584 0.042276 0.098330
2 0.492954 0.263915 0.012004 0.025046
2 0.504436 0.236549 0.007829 0.016698
2 0.463727 0.166976 0.009916 0.018553
2 0.457203 0.143321 0.008351 0.019481
2 0.498434 0.153989 0.009395 0.014842
2 0.494781 0.102968 0.007307 0.011132
2 0.487735 0.067718 0.006785 0.011132
2 0.494781 0.060297 0.006263 0.011132
2 0.490605 0.034323 0.005219 0.009276
2 0.493476 0.009276 0.004697 0.007421
2 0.485908 0.006030 0.005219 0.008349
2 0.740866 0.727273 0.051670 0.040816
2 0.731994 0.677644 0.049582 0.039889
2 0.698852 0.547774 0.042797 0.032468
2 0.706159 0.621521 0.046973 0.037106
2 0.613257 0.506030 0.019833 0.043599
2 0.637787 0.497681 0.019833 0.034323
0 0.653706 0.513915 0.003653 0.024119
0 0.658925 0.514378 0.004697 0.025046
2 0.660230 0.434137 0.032359 0.025974
2 0.658142 0.418831 0.030271 0.023191
2 0.674843 0.377087 0.032359 0.026902
2 0.639614 0.374768 0.028706 0.025974
2 0.553497 0.131725 0.008873 0.014842
2 0.547495 0.112245 0.008351 0.011132
2 0.542276 0.089054 0.008351 0.011132
2 0.540449 0.083024 0.010960 0.008349
0 0.540971 0.160019 0.002610 0.008349
0 0.672495 0.761596 0.004697 0.020408
0 0.696242 0.905844 0.006263 0.021336
0 0.590553 0.173006 0.002610 0.012059
0 0.569154 0.262987 0.003653 0.010204
0 0.344729 0.508813 0.004697 0.013915
0 0.400313 0.167440 0.002088 0.006494
0 0.414405 0.132189 0.002088 0.006494
0 0.413883 0.123840 0.002088 0.006494
0 0.514614 0.020872 0.002088 0.008349
0 0.521138 0.047774 0.001566 0.010204