2 0.361169 0.751855 0.025052 0.075139
2 0.508612 0.762523 0.028706 0.068646
2 0.567067 0.745826 0.025574 0.061224
2 0.872390 0.950835 0.069415 0.057514
2 0.395094 0.515306 0.016701 0.041744
2 0.436326 0.477273 0.016701 0.038033
2 0.411273 0.403989 0.016701 0.030612
2 0.416754 0.333024 0.013048 0.025974
2 0.363779 0.964286 0.030271 0.064007
2 0.381002 0.233766 0.011482 0.016698
2 0.399269 0.226809 0.011482 0.019481
2 0.381263 0.169295 0.009916 0.013915
2 0.340553 0.192950 0.010960 0.018553
2 0.375000 0.137291 0.007829 0.012987
2 0.328810 0.062152 0.007307 0.012987
2 0.365344 0.083024 0.006263 0.010204
2 0.328549 0.027829 0.005741 0.009276
2 0.350209 0.031540 0.005219 0.009276
2 0.356472 0.017625 0.005219 0.007421
2 0.324896 0.011596 0.005741 0.010204
2 0.331681 0.003247 0.005741 0.006494
2 0.597338 0.444805 0.033925 0.026902
2 0.543580 0.393321 0.032881 0.025974
2 0.504697 0.282004 0.025052 0.018553
2 0.464248 0.264378 0.012004 0.024119
2 0.477296 0.226345 0.024530 0.018553
2 0.477035 0.214750 0.020877 0.012059
2 0.439979 0.174861 0.008351 0.015770
2 0.453549 0.154453 0.018789 0.010204
2 0.453288 0.149351 0.018267 0.011132
2 0.466075 0.135900 0.017745 0.013915
2 0.445981 0.138683 0.017223 0.012059
0 0.451461 0.373840 0.004175 0.012987
0 0.284447 0.176252 0.004175 0.014842
0 0.289405 0.167904 0.002610 0.007421
0 0.273486 0.663265 0.008351 0.024119
0 0.282620 0.663265 0.007829 0.016698
0 0.228601 0.766234 0.011482 0.022263
0 0.560021 0.571892 0.004175 0.013915
0 0.590031 0.635436 0.004697 0.016698
0 0.500000 0.403989 0.006263 0.019481
0 0.766962 0.762059 0.006785 0.019481
0 0.800626 0.755102 0.005219 0.016698
0 0.413622 0.118275 0.002610 0.010204
0 0.834029 0.752319 0.010438 0.024119