2 0.811071 0.968909 0.055000 0.059645
2 0.825357 0.923858 0.047857 0.063452
2 0.908571 0.929569 0.061429 0.069797
2 0.778571 0.643401 0.040000 0.063452
2 0.726071 0.227157 0.029286 0.068528
2 0.747857 0.149112 0.020000 0.036802
2 0.833214 0.014594 0.015000 0.029188
2 0.473571 0.532995 0.041429 0.048223
2 0.482857 0.505076 0.042857 0.045685
0 0.522143 0.482868 0.010000 0.021574
2 0.515000 0.449239 0.042857 0.050761
2 0.433929 0.468909 0.040714 0.049492
2 0.397857 0.435279 0.032857 0.043147
2 0.313214 0.587563 0.040714 0.050761