2 0.488571 0.971447 0.020000 0.054569
2 0.763571 0.953046 0.027143 0.071066
2 0.788929 0.875000 0.033571 0.062183
2 0.287143 0.682107 0.017143 0.052030
2 0.548929 0.695431 0.016429 0.058376
2 0.542143 0.538071 0.014286 0.043147
2 0.640714 0.655457 0.015714 0.052030
2 0.482500 0.479695 0.013571 0.040609
2 0.453571 0.458122 0.012857 0.038071
2 0.538214 0.337563 0.012143 0.030457
0 0.265714 0.413071 0.004286 0.013959
2 0.266071 0.305203 0.012143 0.021574
2 0.286786 0.318528 0.013571 0.025381
2 0.311786 0.322335 0.013571 0.022843
2 0.366429 0.288706 0.011429 0.024112
2 0.414286 0.283629 0.011429 0.024112
2 0.333571 0.330584 0.014286 0.024112
2 0.295714 0.386421 0.015714 0.029188
2 0.289286 0.433376 0.015714 0.029188
2 0.346071 0.413706 0.013571 0.030457
2 0.462857 0.283629 0.010000 0.021574
2 0.485000 0.282360 0.010000 0.024112
2 0.509643 0.281726 0.009286 0.022843
2 0.018929 0.232234 0.027857 0.017766
2 0.051786 0.229061 0.026429 0.019036
2 0.037143 0.220178 0.028571 0.019036
2 0.046786 0.207487 0.027857 0.016497
2 0.088571 0.227157 0.028571 0.020305
2 0.161429 0.199239 0.027143 0.017766
2 0.248929 0.195431 0.026429 0.017766
2 0.087500 0.182107 0.017857 0.016497
2 0.272857 0.081853 0.015714 0.013959
0 0.232500 0.159898 0.005000 0.015228
0 0.277500 0.119289 0.003571 0.010152
0 0.272857 0.117386 0.002857 0.013959
0 0.243214 0.156091 0.003571 0.012690
0 0.276071 0.120558 0.002143 0.010152
0 0.321071 0.078046 0.002143 0.011421
0 0.390000 0.119924 0.002857 0.008883
2 0.484286 0.025381 0.010000 0.010152
2 0.446071 0.071066 0.012143 0.012690
2 0.483214 0.114848 0.007857 0.019036
2 0.512143 0.116751 0.007143 0.017766
2 0.496429 0.053934 0.008571 0.013959
2 0.504286 0.088832 0.008571 0.015228
2 0.518214 0.095178 0.007857 0.015228
2 0.513929 0.055203 0.009286 0.013959
2 0.738214 0.006345 0.009286 0.010152
0 0.736429 0.006345 0.002857 0.012690
2 0.765714 0.060279 0.011429 0.019036
2 0.777857 0.098350 0.011429 0.019036
2 0.788214 0.152919 0.015000 0.021574
2 0.801071 0.200508 0.029286 0.020305
0 0.758929 0.442893 0.005000 0.015228
0 0.964643 0.244289 0.005000 0.019036
2 0.805000 0.092005 0.011429 0.019036
0 0.958929 0.146574 0.006429 0.016497
0 0.980000 0.145305 0.007143 0.013959
0 0.986071 0.151015 0.005000 0.015228
0 0.991786 0.146574 0.005000 0.013959