2 0.172500 0.660476 0.026429 0.044762
2 0.538571 0.009048 0.007143 0.012381
2 0.537143 0.039524 0.008571 0.010476
2 0.536429 0.189048 0.015714 0.021905
2 0.483929 0.162381 0.029286 0.016190
2 0.448214 0.224762 0.026429 0.015238
2 0.537143 0.078571 0.010000 0.014286
2 0.536786 0.128571 0.012143 0.015238
2 0.536786 0.155714 0.009286 0.016190
0 0.547500 0.072857 0.003571 0.006667
0 0.552500 0.166667 0.003571 0.007619
0 0.558929 0.010476 0.003571 0.007619
2 0.483571 0.170000 0.028571 0.016190
2 0.483571 0.190952 0.031429 0.014286
2 0.449643 0.237143 0.029286 0.017143
2 0.536786 0.263810 0.015000 0.024762
2 0.467500 0.300952 0.037857 0.022857
0 0.552857 0.292381 0.005714 0.015238
2 0.453929 0.464762 0.007857 0.019048
2 0.462857 0.367619 0.008571 0.022857
0 0.553929 0.364286 0.003571 0.004762
2 0.551071 0.505238 0.017857 0.029524
2 0.543214 0.460952 0.015000 0.022857
2 0.600000 0.780476 0.045714 0.086667
2 0.681071 0.661429 0.033571 0.080952
2 0.664286 0.555238 0.025714 0.055238
2 0.652857 0.495238 0.024286 0.049524
2 0.643214 0.443810 0.023571 0.043810
2 0.686786 0.354286 0.022143 0.030476
2 0.635714 0.158571 0.012857 0.020000
2 0.709643 0.204762 0.016429 0.019048
2 0.718214 0.227143 0.015000 0.018095
2 0.703929 0.182857 0.013571 0.019048
2 0.653214 0.048095 0.007857 0.014286
2 0.647500 0.032381 0.010714 0.009524
2 0.641429 0.014762 0.008571 0.012381
0 0.642143 0.040476 0.002857 0.004762
2 0.701429 0.087619 0.012857 0.017143