2 0.087944 0.314007 0.034969 0.076994
2 0.117432 0.311224 0.031315 0.071429
2 0.149530 0.312152 0.031837 0.075139
2 0.176670 0.314007 0.033925 0.076994
2 0.232255 0.327922 0.036534 0.073284
2 0.260960 0.336271 0.031315 0.075139
2 0.288361 0.337199 0.031837 0.073284
2 0.317328 0.345083 0.031315 0.077922
2 0.348643 0.346939 0.029228 0.070501
2 0.402662 0.358998 0.028706 0.076067
2 0.429802 0.357143 0.023486 0.081633
2 0.456681 0.360853 0.024008 0.074212
2 0.639875 0.398423 0.025052 0.080705
2 0.680324 0.447124 0.053758 0.044527
2 0.688152 0.495826 0.058977 0.043599
2 0.703027 0.538961 0.063674 0.048237
2 0.607777 0.511596 0.058977 0.052876
2 0.821242 0.581633 0.069415 0.053803
2 0.498956 0.488868 0.059499 0.048237
2 0.384395 0.474026 0.062109 0.046382
2 0.371868 0.557514 0.058977 0.051948
2 0.261221 0.532004 0.061065 0.051020
2 0.174322 0.434137 0.056367 0.044527
2 0.063674 0.415584 0.061587 0.048237
2 0.036013 0.493970 0.061587 0.051020
0 0.391441 0.656772 0.008351 0.020408
0 0.455376 0.706865 0.009916 0.022263
0 0.726775 0.651206 0.010960 0.025974