2 0.520000 0.824239 0.024286 0.054569
2 0.647857 0.455584 0.021429 0.038071
2 0.592500 0.236041 0.009286 0.022843
2 0.470357 0.443528 0.017857 0.024112
2 0.603929 0.196066 0.010714 0.016497
2 0.676071 0.131980 0.010714 0.010152
2 0.780714 0.092640 0.010000 0.010152
2 0.848214 0.217005 0.013571 0.015228
2 0.864643 0.156726 0.007857 0.011421
2 0.875000 0.153553 0.007143 0.010152
2 0.872857 0.097716 0.008571 0.010152
2 0.892500 0.085660 0.007857 0.008883
2 0.873571 0.066624 0.008571 0.011421
2 0.888571 0.063452 0.007143 0.010152