2 0.167143 0.862944 0.051429 0.060914
2 0.010000 0.867386 0.020000 0.054569
2 0.006429 0.342640 0.012857 0.032995
2 0.383214 0.528553 0.042143 0.039340
2 0.505357 0.479061 0.039286 0.039340
0 0.275357 0.213198 0.005000 0.017766
0 0.277143 0.206218 0.004286 0.019036
0 0.280357 0.201777 0.005000 0.012690
0 0.283214 0.195431 0.005000 0.015228
0 0.236786 0.331218 0.005000 0.015228
0 0.243571 0.321701 0.005714 0.013959
0 0.245000 0.305838 0.004286 0.015228
0 0.249643 0.326142 0.006429 0.015228
0 0.257500 0.324873 0.006429 0.017766
0 0.253571 0.304569 0.005714 0.017766
0 0.248214 0.293782 0.005000 0.016497
0 0.251429 0.285533 0.005714 0.017766
0 0.256429 0.289340 0.005714 0.020305
0 0.258214 0.281091 0.005000 0.016497
0 0.262143 0.281091 0.005714 0.019036
0 0.265000 0.291878 0.005714 0.017766
0 0.263929 0.310279 0.005000 0.016497
0 0.288571 0.262056 0.005714 0.019036
0 0.291429 0.258249 0.005714 0.019036
0 0.411429 0.116751 0.004286 0.015228
0 0.552857 0.113579 0.004286 0.016497
0 0.557857 0.110406 0.002857 0.012690
0 0.552857 0.166878 0.002857 0.016497
0 0.557143 0.168782 0.004286 0.017766
2 0.617500 0.242386 0.020714 0.055838
2 0.666786 0.368020 0.026429 0.063452