0 0.021786 0.379442 0.020714 0.027919
0 0.010000 0.436548 0.018571 0.030457
0 0.007500 0.455584 0.013571 0.022843
0 0.019643 0.463832 0.017857 0.029188
0 0.022500 0.455584 0.022143 0.032995
0 0.146429 0.471447 0.020000 0.024112
0 0.175000 0.373096 0.014286 0.027919
0 0.233571 0.516497 0.011429 0.020305
0 0.234643 0.496193 0.016429 0.020305
0 0.268571 0.450508 0.017143 0.027919
0 0.359286 0.496827 0.010000 0.021574
0 0.387500 0.494289 0.015000 0.024112
0 0.403571 0.513325 0.008571 0.021574
0 0.445000 0.515863 0.011429 0.021574
0 0.504286 0.497462 0.012857 0.025381
0 0.510714 0.466371 0.007143 0.029188
0 0.862857 0.855330 0.015714 0.022843
0 0.797500 0.782360 0.017857 0.021574
0 0.902500 0.692893 0.016429 0.022843
0 0.680357 0.316624 0.009286 0.031726
0 0.896429 0.149112 0.012857 0.034264
0 0.905357 0.135787 0.012143 0.027919
0 0.911429 0.144670 0.010000 0.022843
0 0.875357 0.102157 0.013571 0.031726
2 0.730000 0.131980 0.028571 0.101523
0 0.699286 0.173858 0.011429 0.030457