0 0.641071 0.735238 0.010714 0.017143
0 0.647143 0.749524 0.008571 0.020952
0 0.468214 0.843810 0.010714 0.017143
0 0.348214 0.988571 0.013571 0.015238
0 0.528929 0.909524 0.009286 0.019048
0 0.382143 0.955714 0.008571 0.018095
0 0.356071 0.922381 0.012143 0.016190
0 0.353571 0.914762 0.008571 0.020000
0 0.198214 0.917143 0.012143 0.020952
0 0.172857 0.926190 0.012857 0.016190
0 0.164643 0.934286 0.015000 0.019048
0 0.662857 0.519524 0.010000 0.016190
2 0.380357 0.396667 0.026429 0.035238
2 0.508929 0.315714 0.036429 0.020000
2 0.505000 0.327619 0.035714 0.019048
2 0.501429 0.343810 0.035714 0.019048
2 0.596786 0.288095 0.015000 0.021905
2 0.604643 0.265238 0.015000 0.018095
0 0.678929 0.359524 0.007857 0.012381
0 0.818571 0.391429 0.005714 0.009524
0 0.820357 0.396190 0.006429 0.013333
0 0.688571 0.294762 0.005714 0.008571
0 0.688929 0.292381 0.005000 0.009524
0 0.693571 0.248095 0.004286 0.010476
0 0.688571 0.240000 0.004286 0.011429
0 0.675714 0.276190 0.004286 0.011429
2 0.615000 0.222857 0.014286 0.020952
2 0.360357 0.088571 0.017857 0.009524
2 0.325357 0.091905 0.013571 0.012381
2 0.717857 0.005714 0.007143 0.007619
2 0.715714 0.068571 0.007143 0.015238
0 0.756786 0.161905 0.003571 0.009524
0 0.767857 0.164286 0.004286 0.012381