0 0.496071 0.004286 0.006429 0.008571
2 0.482143 0.029524 0.014286 0.026667
2 0.458571 0.039524 0.015714 0.033333
2 0.458929 0.097619 0.019286 0.039048
2 0.516071 0.080000 0.019286 0.026667
2 0.517143 0.113810 0.021429 0.035238
2 0.419286 0.078095 0.018571 0.036190
0 0.437500 0.080476 0.007857 0.014286
0 0.548929 0.099524 0.007857 0.023810
0 0.557143 0.156190 0.007143 0.022857
2 0.611071 0.142381 0.049286 0.025714
2 0.604286 0.128571 0.044286 0.024762
2 0.410714 0.188095 0.022857 0.046667
2 0.520357 0.231905 0.023571 0.052381
2 0.398214 0.287143 0.026429 0.056190
2 0.387143 0.347143 0.027143 0.065714
0 0.491786 0.255714 0.007857 0.014286
0 0.608571 0.373333 0.010000 0.028571
0 0.580357 0.398571 0.010714 0.027619
0 0.562500 0.357143 0.009286 0.026667
0 0.652857 0.223810 0.010000 0.020952
2 0.640714 0.341905 0.064286 0.041905
2 0.663214 0.434286 0.072143 0.043810
2 0.688214 0.551905 0.080714 0.048571
2 0.531429 0.550952 0.032857 0.090476
2 0.546429 0.844286 0.042857 0.132381
2 0.737857 0.907619 0.117143 0.070476
0 0.677857 0.962381 0.017143 0.037143
2 0.548929 0.972857 0.047857 0.052381
2 0.312143 0.978095 0.050000 0.041905
2 0.334643 0.847143 0.047857 0.140000
0 0.407500 0.543810 0.010714 0.022857
2 0.371786 0.500952 0.037857 0.083810