2 0.322250 0.748333 0.101500 0.082000
2 0.473250 0.542333 0.060500 0.039333
2 0.393750 0.512333 0.056500 0.046000
2 0.453500 0.476000 0.052000 0.044000
2 0.575250 0.469667 0.046500 0.032667
2 0.526250 0.503000 0.053500 0.042000
2 0.091500 0.672667 0.085000 0.044000
2 0.018000 0.669667 0.036000 0.046000
2 0.594250 0.394333 0.044500 0.035333
2 0.636750 0.371333 0.038500 0.037333
0 0.644250 0.400667 0.009500 0.025333
0 0.723750 0.351667 0.005500 0.011333
0 0.725000 0.360667 0.005000 0.025333
0 0.730500 0.360667 0.004000 0.009333
0 0.732500 0.364333 0.005000 0.023333
2 0.659750 0.416667 0.045500 0.032000
2 0.704750 0.387000 0.042500 0.030000
2 0.763500 0.364333 0.050000 0.030000
0 0.750750 0.369000 0.008500 0.020667
2 0.803500 0.346667 0.042000 0.030667
2 0.799250 0.288000 0.030500 0.024000
2 0.827250 0.274333 0.030500 0.028667
2 0.857750 0.305000 0.031500 0.022000
2 0.881500 0.289667 0.034000 0.020667
2 0.894750 0.248000 0.027500 0.021333
2 0.400000 0.095333 0.013000 0.009333
2 0.419250 0.097000 0.014500 0.011333
2 0.442250 0.099667 0.013500 0.011333
2 0.451250 0.100333 0.012500 0.012667
2 0.459250 0.100667 0.012500 0.013333
2 0.443500 0.112000 0.014000 0.010667
2 0.454500 0.114000 0.013000 0.012000