0 0.819643 0.960952 0.017857 0.055238
0 0.823929 0.952857 0.013571 0.050476
2 0.788214 0.922381 0.052143 0.067619
0 0.457500 0.865238 0.009286 0.040952
0 0.226071 0.842857 0.009286 0.036190
0 0.217500 0.842857 0.009286 0.038095
0 0.122143 0.694286 0.005714 0.022857
0 0.147857 0.624286 0.004286 0.016190
0 0.153214 0.624286 0.003571 0.014286
0 0.158929 0.616667 0.003571 0.014286
0 0.162500 0.618571 0.002143 0.008571
0 0.165714 0.616190 0.002857 0.013333
0 0.086429 0.605714 0.004286 0.013333
0 0.077500 0.602857 0.005000 0.015238
0 0.053214 0.545714 0.002143 0.007619
0 0.051071 0.546190 0.002143 0.004762
0 0.044643 0.542381 0.002143 0.006667
0 0.042857 0.542857 0.001429 0.005714
2 0.285000 0.747619 0.054286 0.030476
2 0.321071 0.682857 0.037857 0.020952
2 0.311429 0.680476 0.038571 0.021905
2 0.300357 0.677143 0.037857 0.020952
2 0.294643 0.670476 0.037857 0.020952
2 0.270714 0.654286 0.035714 0.020952
2 0.251429 0.651429 0.028571 0.019048
2 0.246071 0.645714 0.027857 0.017143
2 0.241429 0.642381 0.032857 0.018095
2 0.232857 0.637143 0.032857 0.017143
2 0.227143 0.631905 0.032857 0.018095
2 0.220357 0.627619 0.033571 0.017143
2 0.215357 0.624762 0.033571 0.017143
2 0.211071 0.621429 0.033571 0.018095
0 0.195714 0.724286 0.007143 0.021905
2 0.223571 0.719524 0.054286 0.025714
2 0.210714 0.714286 0.045714 0.026667
2 0.207500 0.704286 0.049286 0.025714
2 0.194643 0.696667 0.049286 0.025714
2 0.189286 0.685714 0.041429 0.022857
2 0.191429 0.681905 0.041429 0.022857
2 0.190000 0.676190 0.041429 0.022857
2 0.106786 0.663810 0.037857 0.019048
2 0.100714 0.659524 0.038571 0.016190
2 0.101429 0.652857 0.038571 0.016190
2 0.099643 0.649048 0.039286 0.016190
2 0.128214 0.638571 0.039286 0.016190
2 0.126786 0.633810 0.039286 0.016190
2 0.122143 0.632857 0.038571 0.016190
2 0.120000 0.627143 0.038571 0.016190
2 0.117500 0.623333 0.039286 0.016190
2 0.113571 0.620476 0.038571 0.016190
2 0.110000 0.616667 0.038571 0.016190
2 0.106786 0.614762 0.039286 0.016190
2 0.102857 0.610952 0.035714 0.016190
2 0.179643 0.608571 0.027857 0.015238
2 0.170714 0.600952 0.021429 0.013333
2 0.065714 0.622381 0.031429 0.014286
2 0.065000 0.616667 0.027143 0.014286
2 0.041071 0.588571 0.023571 0.009524
2 0.067500 0.584762 0.025000 0.011429
2 0.038571 0.585238 0.022857 0.012381
2 0.038571 0.580476 0.022857 0.012381
2 0.034286 0.576667 0.022857 0.012381
2 0.031429 0.574762 0.022857 0.012381
2 0.029286 0.572857 0.022857 0.012381
2 0.027857 0.570000 0.022857 0.012381
2 0.066071 0.578571 0.022143 0.010476
2 0.061786 0.578571 0.022143 0.010476
2 0.059643 0.576190 0.022143 0.011429
2 0.057857 0.574286 0.022857 0.011429
2 0.054286 0.570952 0.018571 0.010476
2 0.052857 0.569048 0.018571 0.010476
2 0.130714 0.581905 0.021429 0.009524
2 0.126429 0.579524 0.021429 0.010476
2 0.123571 0.577619 0.021429 0.010476
2 0.121429 0.576190 0.021429 0.009524
2 0.119286 0.574286 0.021429 0.009524
2 0.112857 0.570000 0.021429 0.010476
2 0.115000 0.571429 0.021429 0.009524
2 0.106429 0.566667 0.021429 0.009524
2 0.108571 0.567619 0.021429 0.009524
2 0.098214 0.562857 0.015000 0.009524
2 0.094643 0.560000 0.015000 0.009524
2 0.091071 0.558095 0.015000 0.009524
2 0.088214 0.557143 0.015000 0.009524
2 0.086071 0.555238 0.015000 0.009524
2 0.083929 0.553333 0.015000 0.009524
2 0.080357 0.552381 0.015000 0.009524
0 0.071071 0.550000 0.002143 0.008571
0 0.066786 0.549048 0.002143 0.006667
0 0.058214 0.550000 0.002143 0.006667
2 0.016071 0.604286 0.013571 0.010476
2 0.016071 0.611429 0.013571 0.011429
2 0.033571 0.642857 0.017143 0.017143
2 0.003214 0.654762 0.006429 0.020000
2 0.050357 0.849524 0.040714 0.049524