0 0.478214 0.397143 0.002143 0.007619
2 0.454643 0.437143 0.006429 0.009524
2 0.452143 0.463810 0.007143 0.011429
2 0.517143 0.495714 0.011429 0.016190
2 0.461786 0.504286 0.009286 0.014286
2 0.456071 0.489048 0.009286 0.014286
2 0.451429 0.539524 0.011429 0.016190
2 0.516071 0.564286 0.013571 0.021905
2 0.455714 0.559048 0.011429 0.017143
2 0.447857 0.499048 0.008571 0.015238
2 0.443214 0.621429 0.013571 0.029524
2 0.472500 0.634762 0.015000 0.025714
2 0.515357 0.705238 0.016429 0.031429
2 0.523929 0.750000 0.019286 0.035238
2 0.493929 0.727619 0.017857 0.036190
2 0.541071 0.804286 0.020714 0.044762
2 0.526429 0.873333 0.024286 0.053333
2 0.497500 0.934286 0.023571 0.062857
2 0.463571 0.967143 0.024286 0.063810
0 0.570000 0.637619 0.004286 0.012381
0 0.567143 0.627143 0.002857 0.010476
0 0.569286 0.613333 0.004286 0.011429
2 0.511786 0.543810 0.013571 0.019048
0 0.431429 0.702381 0.005714 0.010476
0 0.439286 0.767143 0.005714 0.012381
0 0.443214 0.843810 0.005000 0.015238
0 0.461071 0.867619 0.007857 0.015238
2 0.410714 0.360952 0.004286 0.007619
0 0.318929 0.440000 0.002143 0.007619
0 0.295000 0.388571 0.001429 0.005714
2 0.470357 0.356190 0.006429 0.005714