2 0.136429 0.978426 0.067143 0.040609
2 0.118929 0.949873 0.073571 0.097716
2 0.102500 0.904822 0.069286 0.098985
2 0.088214 0.850888 0.080714 0.102792
2 0.317143 0.741117 0.048571 0.098985
2 0.043571 0.777919 0.042857 0.101523
2 0.076071 0.744924 0.049286 0.114213
2 0.111429 0.720812 0.047143 0.114213
2 0.143214 0.688452 0.047857 0.110406
2 0.204643 0.645305 0.046429 0.097716
2 0.208929 0.548858 0.036429 0.069797
2 0.236786 0.526650 0.039286 0.076142
2 0.088214 0.634518 0.037857 0.083756
2 0.121786 0.607868 0.037857 0.076142
2 0.050000 0.513325 0.062857 0.069797
2 0.028929 0.427665 0.055000 0.065990
2 0.343571 0.476523 0.057143 0.072335
2 0.367857 0.538071 0.055714 0.073604
2 0.385714 0.566624 0.055714 0.079949
2 0.413214 0.630711 0.057857 0.091371
2 0.447500 0.702411 0.067857 0.105330
2 0.461071 0.752538 0.069286 0.104061
2 0.419286 0.968909 0.047143 0.059645
2 0.502857 0.834391 0.067143 0.102792
2 0.080357 0.361041 0.049286 0.046954
2 0.045357 0.251269 0.049286 0.048223
2 0.133571 0.171320 0.042857 0.050761
2 0.217143 0.386421 0.057143 0.079949
2 0.268929 0.350254 0.049286 0.063452
2 0.172143 0.263959 0.042857 0.055838
2 0.266071 0.111041 0.042143 0.052030
2 0.334286 0.134518 0.041429 0.043147
2 0.364286 0.282360 0.040000 0.049492
2 0.204286 0.364848 0.058571 0.064721
2 0.197857 0.335025 0.050000 0.060914
2 0.188214 0.310279 0.049286 0.059645
2 0.163214 0.248096 0.052143 0.057107
2 0.152857 0.228426 0.047143 0.055838
2 0.148571 0.205584 0.041429 0.045685
2 0.258571 0.324239 0.051429 0.052030
2 0.236786 0.277284 0.049286 0.052030
2 0.229286 0.256345 0.050000 0.045685
2 0.221786 0.237310 0.046429 0.043147
2 0.213214 0.217005 0.047857 0.055838
2 0.203929 0.196701 0.052143 0.045685
2 0.192143 0.178934 0.040000 0.040609
2 0.345714 0.256980 0.045714 0.057107
2 0.334286 0.236041 0.047143 0.060914
2 0.320714 0.211929 0.047143 0.071066
2 0.316429 0.190355 0.042857 0.058376
2 0.301786 0.179569 0.040714 0.049492
2 0.291429 0.157995 0.034286 0.046954
2 0.279643 0.140228 0.040714 0.046954
0 0.268571 0.168782 0.005714 0.025381
0 0.272143 0.166244 0.007143 0.022843
2 0.326429 0.114848 0.041429 0.041878
2 0.353929 0.170685 0.033571 0.044416
2 0.407857 0.084391 0.032857 0.046954
2 0.426429 0.116751 0.040000 0.043147
2 0.463929 0.161168 0.042143 0.053299
0 0.908929 0.491751 0.009286 0.034264
0 0.732500 0.248731 0.007857 0.035533
0 0.740357 0.246827 0.006429 0.029188
2 0.247857 0.079315 0.045714 0.044416
2 0.143929 0.063452 0.042143 0.045685
2 0.101786 0.065355 0.036429 0.039340