0 0.422500 0.811333 0.035000 0.118667
0 0.533000 0.686333 0.025000 0.094000
0 0.654750 0.693000 0.037500 0.080667
0 0.390000 0.636000 0.025000 0.089333
0 0.371500 0.593667 0.024000 0.064667
0 0.563500 0.588333 0.019000 0.075333
0 0.702500 0.550000 0.030000 0.076000
0 0.690000 0.551667 0.019000 0.054000
0 0.495500 0.491000 0.025000 0.078000
0 0.979750 0.538667 0.029500 0.082667
0 0.945000 0.502333 0.021000 0.047333
0 0.807500 0.584333 0.026000 0.054000
0 0.799750 0.532000 0.030500 0.060000
0 0.617250 0.520000 0.026500 0.068000
0 0.395000 0.416667 0.024000 0.061333
0 0.490000 0.447000 0.016000 0.051333
2 0.921250 0.459000 0.157500 0.103333
2 0.530000 0.494000 0.028000 0.053333
2 0.267000 0.491333 0.174000 0.088000
0 0.069500 0.624000 0.043000 0.072000
0 0.046500 0.593333 0.029000 0.096000
0 0.017750 0.537667 0.035500 0.074000
0 0.599250 0.502333 0.016500 0.078000
0 0.490000 0.446667 0.016000 0.054667
0 0.492750 0.418000 0.013500 0.046667
0 0.448250 0.365667 0.014500 0.050000
0 0.407000 0.359667 0.014000 0.038000
2 0.136500 0.145667 0.031000 0.015333
2 0.224500 0.145333 0.032000 0.016000
2 0.269750 0.143667 0.028500 0.016667
2 0.160500 0.164667 0.035000 0.017333
2 0.171000 0.157333 0.033000 0.016000
2 0.203250 0.162667 0.030500 0.020000
2 0.166250 0.203000 0.044500 0.023333
2 0.171500 0.194667 0.035000 0.024000
2 0.189250 0.192000 0.037500 0.024000
2 0.205250 0.187667 0.038500 0.023333
2 0.231250 0.169333 0.040500 0.029333
2 0.252500 0.162000 0.027000 0.020000
0 0.232750 0.187667 0.008500 0.026000
0 0.241250 0.186000 0.007500 0.024000
0 0.253750 0.181000 0.006500 0.019333
0 0.301000 0.231333 0.011000 0.026667
0 0.307000 0.217667 0.008000 0.015333
0 0.267000 0.214667 0.007000 0.028000
0 0.227000 0.600333 0.029000 0.048667
0 0.413500 0.292000 0.011000 0.044000
0 0.422250 0.297333 0.007500 0.032000
0 0.426250 0.284000 0.010500 0.041333
0 0.471500 0.230333 0.008000 0.031333
0 0.645750 0.384000 0.016500 0.052000
0 0.661250 0.393333 0.017500 0.057333
0 0.779500 0.383333 0.015000 0.050667