2 0.299286 0.972716 0.032857 0.052030
2 0.523214 0.843274 0.027857 0.095178
2 0.405714 0.684645 0.025714 0.077411
2 0.363929 0.358503 0.023571 0.052030
2 0.422500 0.177665 0.017857 0.040609
2 0.376786 0.206853 0.020714 0.043147
2 0.111071 0.580584 0.025000 0.057107
2 0.218214 0.501269 0.030714 0.027919
2 0.210714 0.395939 0.021429 0.048223
2 0.243929 0.351523 0.030714 0.032995
2 0.247143 0.330584 0.032857 0.031726
2 0.259286 0.269670 0.031429 0.031726
2 0.262500 0.248096 0.029286 0.029188
2 0.292143 0.113579 0.012857 0.029188
2 0.285714 0.055838 0.014286 0.025381
2 0.305357 0.029188 0.013571 0.025381
0 0.039643 0.055838 0.006429 0.020305
0 0.025000 0.133249 0.007143 0.015228
0 0.287857 0.424492 0.008571 0.021574
0 0.253214 0.537437 0.007857 0.016497
0 0.207143 0.636421 0.008571 0.021574
0 0.185000 0.682741 0.007143 0.015228
0 0.246429 0.731599 0.008571 0.013959
0 0.241071 0.767766 0.010714 0.020305
0 0.251786 0.875000 0.007857 0.019036
0 0.188929 0.852792 0.006429 0.015228
0 0.246429 0.874365 0.005714 0.017766
0 0.240714 0.752538 0.007143 0.017766
0 0.248929 0.723350 0.010714 0.015228
0 0.203571 0.641497 0.005714 0.019036
0 0.208929 0.526650 0.007857 0.022843
2 0.395357 0.007614 0.015000 0.015228
2 0.272500 0.197970 0.026429 0.030457