0 0.732143 0.483333 0.011429 0.016190
0 0.722857 0.498571 0.011429 0.014286
0 0.492857 0.487619 0.008571 0.013333
0 0.612857 0.437143 0.008571 0.015238
0 0.463571 0.569048 0.007143 0.014286
0 0.609643 0.900000 0.009286 0.009524
0 0.595000 0.893810 0.008571 0.010476
0 0.950000 0.678095 0.021429 0.013333
0 0.704643 0.909048 0.015000 0.016190
0 0.700357 0.923810 0.013571 0.013333
0 0.764286 0.731429 0.011429 0.015238
0 0.047143 0.620952 0.020000 0.015238
0 0.258214 0.504286 0.010714 0.008571
0 0.263214 0.492381 0.009286 0.011429
0 0.358571 0.468095 0.008571 0.010476
0 0.349286 0.500476 0.014286 0.012381
0 0.380357 0.464762 0.012143 0.015238
0 0.480357 0.530000 0.010714 0.020000
0 0.844643 0.261905 0.010714 0.017143
0 0.239643 0.354286 0.013571 0.015238
0 0.225357 0.356667 0.010714 0.012381
0 0.505000 0.637619 0.011429 0.018095