2 0.713929 0.910952 0.205000 0.166667
2 0.641071 0.616190 0.177857 0.129524
2 0.662500 0.430476 0.152143 0.108571
2 0.673929 0.343810 0.146429 0.099048
2 0.499643 0.204286 0.073571 0.124762
2 0.526786 0.072857 0.055000 0.113333
2 0.411429 0.469524 0.094286 0.194286
2 0.343214 0.716190 0.127857 0.219048
2 0.129643 0.335238 0.110714 0.171429
2 0.233929 0.144762 0.083571 0.123810
2 0.129286 0.170000 0.102857 0.140000
2 0.057143 0.146667 0.105714 0.135238
0 0.577857 0.048095 0.018571 0.052381
0 0.588929 0.052381 0.012143 0.055238
2 0.708571 0.053333 0.120000 0.080000
2 0.040714 0.350952 0.081429 0.170476