2 0.521429 0.887056 0.021429 0.071066
2 0.496071 0.637056 0.017857 0.048223
2 0.418929 0.458756 0.013571 0.031726
2 0.462143 0.362944 0.012857 0.025381
2 0.512500 0.232868 0.010714 0.019036
2 0.478571 0.222716 0.008571 0.019036
2 0.478571 0.137056 0.007143 0.012690
2 0.529286 0.322970 0.012857 0.031726
2 0.517857 0.128807 0.008571 0.016497
2 0.520714 0.093274 0.007143 0.016497
2 0.532500 0.120558 0.007857 0.017766
2 0.498929 0.038071 0.006429 0.012690
2 0.530714 0.255076 0.010000 0.025381
2 0.533571 0.200508 0.007143 0.025381
2 0.501429 0.005711 0.005714 0.006345
2 0.524643 0.012056 0.005000 0.011421
2 0.514643 0.026015 0.006429 0.011421
2 0.512143 0.038071 0.004286 0.012690
2 0.523929 0.051396 0.003571 0.013959
2 0.522143 0.077411 0.007143 0.015228
2 0.530357 0.225254 0.007857 0.019036
2 0.476786 0.538071 0.015000 0.045685