2 0.180000 0.301429 0.020000 0.042857
2 0.575714 0.379048 0.035714 0.034286
2 0.590714 0.396190 0.034286 0.038095
2 0.478571 0.613810 0.048571 0.042857
2 0.603214 0.417143 0.035000 0.041905
2 0.620000 0.436190 0.037143 0.041905
2 0.638214 0.457619 0.033571 0.037143
2 0.659643 0.475238 0.030714 0.038095
2 0.673571 0.495714 0.032857 0.042857
2 0.691429 0.525238 0.037143 0.048571
2 0.582143 0.831429 0.042857 0.072381
2 0.562143 0.862857 0.051429 0.070476
2 0.419643 0.858571 0.037857 0.088571
2 0.448214 0.967619 0.036429 0.064762
2 0.711071 0.551429 0.039286 0.049524
2 0.578571 0.315714 0.032857 0.039048
2 0.454643 0.359524 0.033571 0.023810
2 0.464643 0.424762 0.027857 0.020952
2 0.469643 0.449048 0.033571 0.020000
2 0.473929 0.479048 0.036429 0.028571
2 0.464643 0.404286 0.032143 0.023810
2 0.459286 0.380000 0.038571 0.026667
0 0.230357 0.377619 0.007857 0.014286