2 0.041786 0.129442 0.009286 0.017766
2 0.055000 0.123731 0.010000 0.019036
2 0.067143 0.118655 0.010000 0.021574
2 0.123214 0.158629 0.009286 0.025381
2 0.040357 0.155457 0.010714 0.021574
2 0.048571 0.178299 0.010000 0.021574
2 0.061429 0.179569 0.010000 0.021574
2 0.057500 0.315990 0.010714 0.025381
0 0.187500 0.626904 0.005000 0.012690
2 0.223571 0.898477 0.031429 0.035533
0 0.698929 0.901015 0.005000 0.012690
0 0.701071 0.914975 0.005000 0.015228
0 0.707857 0.907360 0.005714 0.010152
2 0.850357 0.894670 0.027857 0.053299
2 0.834643 0.908629 0.025000 0.048223
2 0.365357 0.786802 0.029286 0.032995
0 0.510714 0.912437 0.004286 0.010152
0 0.380357 0.687183 0.003571 0.008883
0 0.379286 0.696066 0.004286 0.011421
0 0.902857 0.255711 0.004286 0.011421
0 0.908214 0.255076 0.003571 0.012690
0 0.911071 0.255711 0.003571 0.008883
0 0.916429 0.258249 0.004286 0.011421
0 0.909286 0.263959 0.002857 0.010152
0 0.912143 0.267766 0.004286 0.007614
0 0.888929 0.289975 0.005000 0.011421
0 0.817500 0.341371 0.005000 0.012690
0 0.781786 0.371193 0.005000 0.011421
0 0.711786 0.416878 0.003571 0.008883
2 0.286786 0.275381 0.010714 0.025381
2 0.392857 0.269036 0.014286 0.027919
2 0.365357 0.208122 0.012143 0.025381
2 0.423929 0.208122 0.019286 0.020305
2 0.417143 0.188452 0.018571 0.019036
2 0.400357 0.148477 0.019286 0.017766
2 0.391071 0.119924 0.019286 0.019036
2 0.386786 0.112310 0.017857 0.016497
2 0.345000 0.022208 0.010000 0.019036
2 0.386071 0.016497 0.017857 0.022843
2 0.397857 0.010787 0.014286 0.019036
2 0.332857 0.117386 0.011429 0.021574
2 0.354643 0.164975 0.012143 0.022843
2 0.326071 0.059645 0.010714 0.020305
2 0.316786 0.036168 0.012143 0.019036
2 0.308571 0.010152 0.010000 0.020305
0 0.256429 0.332487 0.002857 0.012690
0 0.257857 0.333122 0.002857 0.011421
0 0.259286 0.319162 0.002857 0.011421
0 0.262857 0.313452 0.002857 0.010152
0 0.252500 0.241117 0.003571 0.012690
0 0.240000 0.214467 0.002857 0.010152