2 0.737143 0.817893 0.024286 0.031726
2 0.818929 0.847081 0.015000 0.021574
2 0.825357 0.805203 0.017857 0.024112
2 0.791429 0.772208 0.020000 0.026650
2 0.757500 0.739848 0.022143 0.030457
2 0.806071 0.728426 0.019286 0.017766
2 0.966071 0.827411 0.013571 0.032995
2 0.949286 0.817893 0.015714 0.034264
2 0.961071 0.779188 0.015000 0.032995
2 0.975714 0.789975 0.015714 0.031726
2 0.852500 0.938452 0.029286 0.036802
2 0.573571 0.647843 0.020000 0.024112
2 0.648929 0.620558 0.019286 0.025381
2 0.502857 0.555838 0.017143 0.022843
2 0.729643 0.385152 0.012143 0.019036
2 0.715714 0.375635 0.014286 0.017766
2 0.727143 0.364213 0.012857 0.017766
2 0.737857 0.354695 0.011429 0.016497
2 0.693571 0.175761 0.012857 0.016497
2 0.721429 0.180838 0.011429 0.016497
2 0.748929 0.213198 0.015000 0.020305
2 0.751786 0.207487 0.013571 0.016497
2 0.467857 0.137690 0.012857 0.013959
2 0.247857 0.068528 0.014286 0.012690
2 0.250000 0.119924 0.010000 0.016497
2 0.251071 0.134518 0.009286 0.012690
2 0.281071 0.176396 0.010714 0.015228
2 0.257857 0.195431 0.010000 0.012690
2 0.286786 0.200508 0.010714 0.015228
2 0.302143 0.208122 0.011429 0.015228
2 0.304643 0.273477 0.009286 0.013959
2 0.321429 0.284264 0.012857 0.015228
2 0.336071 0.311548 0.012143 0.019036
2 0.215714 0.519670 0.010000 0.021574