2 0.380714 0.625238 0.052857 0.061905
2 0.452857 0.648571 0.034286 0.070476
2 0.522143 0.664286 0.038571 0.096190
2 0.558571 0.673333 0.038571 0.085714
2 0.638571 0.690952 0.037143 0.092381
2 0.677500 0.698095 0.039286 0.099048
2 0.648214 0.580476 0.066429 0.040952
2 0.790357 0.498571 0.067857 0.029524
2 0.776071 0.531429 0.070714 0.034286
2 0.070000 0.273810 0.025714 0.020000
2 0.089286 0.262857 0.024286 0.024762
2 0.154286 0.227619 0.022857 0.020952
2 0.167143 0.221905 0.028571 0.017143
2 0.251429 0.214286 0.025714 0.022857
2 0.222857 0.226667 0.025714 0.022857
2 0.181786 0.213333 0.029286 0.015238
2 0.666071 0.160000 0.023571 0.011429
2 0.656786 0.167143 0.025000 0.016190
2 0.211071 0.253810 0.032143 0.021905
2 0.135714 0.237619 0.031429 0.018095
2 0.115714 0.246190 0.028571 0.020000
2 0.207857 0.200000 0.021429 0.017143
2 0.266429 0.170952 0.024286 0.014286
2 0.360714 0.123810 0.021429 0.011429
2 0.646071 0.070952 0.007857 0.010476
2 0.737857 0.005238 0.002857 0.004762
0 0.684286 0.173810 0.002857 0.012381
0 0.688214 0.164762 0.003571 0.009524