2 0.481071 0.468571 0.019286 0.051429
2 0.521786 0.307143 0.032143 0.020000
2 0.475357 0.210952 0.010714 0.025714
2 0.450357 0.038095 0.007857 0.015238
2 0.482500 0.071905 0.009286 0.014286
2 0.510000 0.210000 0.011429 0.018095
2 0.452143 0.066667 0.010000 0.015238
2 0.488929 0.038095 0.009286 0.013333
2 0.471429 0.016667 0.007143 0.012381
2 0.486071 0.017143 0.009286 0.011429
2 0.486786 0.026667 0.007857 0.013333
2 0.452500 0.351429 0.029286 0.030476
2 0.452857 0.220476 0.011429 0.020000
0 0.565714 0.503333 0.004286 0.014286
0 0.568929 0.500952 0.003571 0.015238
0 0.573929 0.504286 0.005000 0.016190
0 0.394286 0.405714 0.007143 0.017143
0 0.386429 0.332381 0.005714 0.011429
0 0.500714 0.112381 0.002857 0.011429
0 0.505357 0.130952 0.003571 0.012381
0 0.509643 0.131429 0.002143 0.013333
0 0.512143 0.135238 0.002857 0.007619
0 0.462143 0.276190 0.004286 0.011429
0 0.371071 0.284762 0.002143 0.009524
0 0.373929 0.283333 0.005000 0.008571
0 0.401786 0.285238 0.005000 0.008571
0 0.398929 0.285238 0.005000 0.010476
0 0.470714 0.246190 0.004286 0.010476
0 0.551786 0.289048 0.005000 0.010476
0 0.554643 0.289524 0.003571 0.009524
0 0.511786 0.222381 0.003571 0.010476
0 0.488571 0.161905 0.004286 0.007619
0 0.486071 0.100000 0.002143 0.007619
0 0.474286 0.073333 0.002857 0.011429
0 0.456071 0.230952 0.005000 0.014286