2 0.044750 0.032667 0.025500 0.014667
2 0.043750 0.040000 0.025500 0.017333
2 0.056000 0.047333 0.029000 0.010667
2 0.048000 0.054667 0.024000 0.013333
0 0.072750 0.016000 0.004500 0.013333
0 0.015750 0.020667 0.004500 0.013333
2 0.070750 0.157333 0.020500 0.022667
2 0.107000 0.193000 0.038000 0.024667
0 0.113000 0.021667 0.005000 0.012667
2 0.123500 0.246333 0.030000 0.031333
2 0.117500 0.216333 0.041000 0.026000
2 0.147750 0.277000 0.031500 0.032667
2 0.220750 0.368333 0.039500 0.043333
2 0.255500 0.406000 0.047000 0.045333
2 0.190250 0.333333 0.035500 0.034667
2 0.302250 0.452000 0.056500 0.050667
0 0.435000 0.565333 0.014000 0.024000
0 0.612500 0.384333 0.008000 0.026000
2 0.681500 0.430667 0.068000 0.040000
2 0.898000 0.424667 0.064000 0.036000
2 0.969000 0.426667 0.062000 0.037333
0 0.375750 0.795667 0.015500 0.028667
2 0.277500 0.890333 0.062000 0.148667
2 0.318250 0.740000 0.061500 0.121333
2 0.537250 0.707333 0.073500 0.117333