0 0.256786 0.007619 0.013571 0.015238
0 0.273571 0.008571 0.011429 0.017143
0 0.283571 0.071429 0.012857 0.030476
0 0.300000 0.063810 0.014286 0.034286
2 0.388571 0.037619 0.032857 0.075238
2 0.522143 0.180000 0.037143 0.100952
2 0.534286 0.602381 0.032857 0.105714
2 0.535357 0.956667 0.039286 0.084762
2 0.414286 0.946190 0.035714 0.105714
2 0.350000 0.879048 0.040000 0.121905
2 0.358929 0.730952 0.037857 0.126667
2 0.322857 0.100000 0.032857 0.097143
2 0.270357 0.950476 0.045000 0.097143
0 0.155357 0.774286 0.022143 0.017143
0 0.131786 0.583333 0.022143 0.014286
0 0.283214 0.712381 0.015000 0.017143
0 0.283571 0.674762 0.015714 0.014286
0 0.299286 0.680000 0.014286 0.011429
0 0.314286 0.690952 0.007143 0.012381
0 0.311429 0.714286 0.015714 0.015238
0 0.281071 0.586667 0.015000 0.015238
0 0.288571 0.612857 0.018571 0.014286
0 0.320000 0.619048 0.012857 0.015238
0 0.323571 0.609524 0.008571 0.013333