0 0.101071 0.980476 0.026429 0.023810
2 0.055714 0.977143 0.084286 0.045714
0 0.326429 0.934762 0.018571 0.023810
0 0.469286 0.956667 0.014286 0.018095
0 0.825357 0.971429 0.020714 0.024762
2 0.933571 0.892857 0.097143 0.044762
2 0.651071 0.903333 0.090714 0.060000
0 0.352857 0.011905 0.011429 0.023810
0 0.329643 0.010476 0.009286 0.020952
0 0.346429 0.082381 0.010000 0.020000
0 0.346786 0.078095 0.015000 0.020952
0 0.396071 0.095714 0.009286 0.025714
0 0.477143 0.009524 0.007143 0.019048
0 0.454286 0.109524 0.011429 0.019048
0 0.490000 0.132381 0.007143 0.024762
0 0.474643 0.182381 0.013571 0.021905
0 0.481786 0.200952 0.007857 0.017143
0 0.502500 0.203333 0.012143 0.029524
2 0.424643 0.205238 0.033571 0.092381
2 0.336429 0.396190 0.034286 0.099048
0 0.366429 0.204286 0.011429 0.025714
0 0.430714 0.266667 0.010000 0.022857
0 0.444286 0.304762 0.011429 0.015238
0 0.489286 0.312857 0.014286 0.014286
0 0.443214 0.418095 0.009286 0.017143
0 0.462143 0.398571 0.008571 0.020000
0 0.461429 0.417143 0.011429 0.015238
0 0.461786 0.440000 0.010714 0.024762
0 0.417143 0.477619 0.008571 0.012381
0 0.418571 0.490476 0.011429 0.013333
0 0.438214 0.474286 0.016429 0.013333
0 0.508214 0.490000 0.009286 0.016190
0 0.410000 0.542857 0.011429 0.015238
0 0.493214 0.515238 0.012143 0.017143
0 0.558214 0.442857 0.013571 0.017143
0 0.555357 0.461429 0.013571 0.020000
0 0.568929 0.452381 0.009286 0.020952
0 0.533929 0.576190 0.007857 0.017143
0 0.456429 0.565714 0.011429 0.017143
0 0.460357 0.645238 0.010714 0.018095
0 0.451786 0.666190 0.013571 0.010476
0 0.617143 0.665238 0.011429 0.021905
0 0.582143 0.756667 0.012857 0.016190
0 0.315714 0.681905 0.015714 0.013333
0 0.308571 0.720952 0.012857 0.013333
0 0.312143 0.700000 0.014286 0.019048
0 0.353929 0.698095 0.016429 0.017143
0 0.368571 0.768571 0.014286 0.020952
0 0.358214 0.841429 0.013571 0.025714
0 0.413571 0.877143 0.015714 0.022857
0 0.383571 0.813810 0.012857 0.012381
0 0.439643 0.764286 0.009286 0.014286
0 0.420357 0.715714 0.007857 0.016190
0 0.421429 0.733333 0.008571 0.011429
0 0.440000 0.721429 0.021429 0.014286
0 0.435357 0.685238 0.013571 0.014286
0 0.420357 0.802857 0.009286 0.022857
0 0.464286 0.800000 0.008571 0.015238
0 0.467500 0.829524 0.010714 0.019048
0 0.468571 0.900476 0.012857 0.014286
0 0.660357 0.694762 0.012143 0.016190
0 0.867857 0.716190 0.018571 0.015238
0 0.885000 0.691429 0.022857 0.020952
0 0.925357 0.655714 0.026429 0.014286