2 0.938250 0.487000 0.042500 0.039333
2 0.982750 0.607000 0.034500 0.047333
2 0.827750 0.904000 0.136500 0.102667
2 0.729250 0.649667 0.090500 0.052667
2 0.607250 0.954000 0.141500 0.092000
2 0.430500 0.881333 0.092000 0.136000
0 0.337000 0.919667 0.022000 0.050000
2 0.566250 0.455667 0.059500 0.034000
2 0.591500 0.332333 0.033000 0.023333
2 0.524750 0.338000 0.045500 0.024000
0 0.528250 0.312667 0.006500 0.012000
0 0.523750 0.300000 0.005500 0.014667
0 0.519000 0.300667 0.005000 0.014667
2 0.466750 0.299667 0.017500 0.023333
2 0.487250 0.525667 0.033500 0.064667
0 0.207750 0.886333 0.015500 0.026000
2 0.189250 0.899000 0.069500 0.155333
0 0.218500 0.686333 0.015000 0.031333
2 0.232000 0.712000 0.057000 0.106667
0 0.351000 0.697333 0.015000 0.042667
0 0.349250 0.657333 0.013500 0.041333
0 0.336500 0.671333 0.011000 0.030667
0 0.327500 0.665333 0.014000 0.036000
0 0.330750 0.610333 0.018500 0.040667
0 0.351250 0.587000 0.007500 0.024667
0 0.359000 0.584333 0.011000 0.031333
0 0.364250 0.549667 0.007500 0.023333
0 0.311000 0.559000 0.010000 0.022000
0 0.261000 0.528000 0.012000 0.033333
2 0.268500 0.571333 0.045000 0.072000
2 0.271000 0.238667 0.027000 0.012000
2 0.308750 0.234000 0.024500 0.012000
2 0.440000 0.217667 0.018000 0.010000
2 0.388500 0.225000 0.023000 0.014000
0 0.385500 0.217333 0.004000 0.010667
0 0.381000 0.218667 0.004000 0.012000
0 0.356500 0.222667 0.005000 0.009333
0 0.382750 0.232000 0.003500 0.013333
0 0.378750 0.230667 0.003500 0.008000
0 0.361000 0.239667 0.004000 0.015333
0 0.360750 0.246333 0.004500 0.012667
0 0.383500 0.250667 0.004000 0.014667
0 0.387750 0.251667 0.003500 0.014000
0 0.388250 0.248000 0.003500 0.016000
0 0.385500 0.244000 0.004000 0.013333
0 0.286750 0.490000 0.010500 0.020000
0 0.289500 0.441000 0.008000 0.022000
0 0.294500 0.430667 0.006000 0.012000
0 0.322000 0.431333 0.010000 0.029333
0 0.327000 0.411667 0.008000 0.026000
0 0.320750 0.392000 0.007500 0.014667
0 0.338500 0.414667 0.006000 0.024000
0 0.339250 0.394333 0.006500 0.014000
0 0.339750 0.387333 0.007500 0.021333
0 0.377500 0.434667 0.007000 0.024000
0 0.370250 0.383667 0.005500 0.019333
0 0.379250 0.366667 0.006500 0.021333
0 0.382500 0.364333 0.006000 0.022000
0 0.367250 0.366000 0.006500 0.022667
0 0.345250 0.320667 0.006500 0.012000
0 0.326750 0.314667 0.005500 0.018667
0 0.331250 0.308000 0.004500 0.018667
0 0.362250 0.314667 0.005500 0.014667
0 0.354750 0.248667 0.003500 0.006667
0 0.351000 0.249333 0.005000 0.009333
0 0.359500 0.277333 0.004000 0.012000
0 0.363000 0.267000 0.004000 0.010000
0 0.384500 0.295667 0.005000 0.011333
0 0.393750 0.273000 0.004500 0.016667
0 0.390250 0.272333 0.004500 0.016667
0 0.389500 0.268000 0.004000 0.014667
0 0.387250 0.281000 0.004500 0.018000
0 0.383250 0.273667 0.004500 0.015333
0 0.379750 0.273000 0.004500 0.015333
0 0.378250 0.279667 0.003500 0.014000
0 0.380000 0.291667 0.004000 0.008667
0 0.377000 0.289000 0.003000 0.008667
0 0.376500 0.285333 0.004000 0.008000
0 0.373250 0.270667 0.005500 0.010667