2 0.415357 0.770939 0.036429 0.133249
2 0.530357 0.769036 0.035000 0.126904
2 0.528214 0.536802 0.030714 0.124365
2 0.424286 0.543147 0.028571 0.129442
2 0.495000 0.431472 0.028571 0.098985
2 0.561786 0.434645 0.029286 0.097716
2 0.423571 0.434645 0.028571 0.092640
2 0.746429 0.260787 0.031429 0.115482
2 0.773929 0.930203 0.047857 0.137056
2 0.570714 0.921954 0.035714 0.135787
2 0.151429 0.978426 0.090000 0.040609
2 0.262857 0.850888 0.078571 0.072335
2 0.176786 0.850888 0.083571 0.077411
2 0.184643 0.781091 0.085000 0.064721
2 0.274643 0.781726 0.072143 0.055838
2 0.277500 0.610406 0.070714 0.068528
2 0.285714 0.538071 0.071429 0.076142
2 0.236429 0.482234 0.071429 0.063452
2 0.190714 0.713832 0.081429 0.062183
2 0.203929 0.652284 0.082143 0.058376
2 0.191071 0.586294 0.070714 0.055838
2 0.114643 0.700508 0.036429 0.137056
2 0.067857 0.704949 0.040000 0.128173
2 0.031071 0.713832 0.033571 0.125635
2 0.032857 0.589467 0.050000 0.105330
2 0.942500 0.209391 0.046429 0.086294
2 0.919286 0.102157 0.034286 0.072335