0 0.043214 0.164286 0.019286 0.025714
0 0.007143 0.207619 0.014286 0.019048
0 0.025000 0.201905 0.015714 0.022857
0 0.012857 0.193333 0.018571 0.026667
0 0.033214 0.194762 0.017857 0.021905
0 0.037143 0.220952 0.014286 0.020952
0 0.051071 0.216667 0.013571 0.023810
0 0.123571 0.199048 0.015714 0.019048
0 0.115714 0.190000 0.011429 0.025714
0 0.205357 0.179048 0.016429 0.024762
0 0.216071 0.185714 0.012143 0.020952
0 0.177500 0.212857 0.013571 0.021905
0 0.152143 0.239048 0.017143 0.022857
2 0.057143 0.270952 0.062857 0.033333
0 0.070714 0.398571 0.021429 0.021905
0 0.061071 0.410000 0.019286 0.020000
0 0.163929 0.415238 0.016429 0.022857
0 0.166071 0.370000 0.013571 0.021905
0 0.130000 0.497619 0.017143 0.016190
2 0.216429 0.405238 0.047143 0.077143
2 0.246071 0.496190 0.037857 0.083810
2 0.218929 0.057619 0.049286 0.054286
0 0.281429 0.211905 0.012857 0.018095
2 0.333571 0.025238 0.025714 0.050476
0 0.486786 0.219048 0.009286 0.022857
0 0.502143 0.222857 0.007143 0.020952
0 0.496429 0.213333 0.008571 0.020952
0 0.510000 0.265238 0.008571 0.018095
2 0.597143 0.281905 0.064286 0.040000
0 0.539643 0.420476 0.010714 0.012381
2 0.288214 0.907143 0.045000 0.122857
0 0.230714 0.931429 0.015714 0.019048