2 0.570357 0.616667 0.037857 0.033333
2 0.527143 0.589048 0.025714 0.037143
0 0.531071 0.642857 0.005000 0.017143
0 0.480000 0.536190 0.005714 0.011429
2 0.276429 0.503333 0.027143 0.021905
2 0.422143 0.598571 0.032857 0.027619
2 0.382500 0.572381 0.032143 0.030476
2 0.343214 0.549048 0.030714 0.031429
2 0.311786 0.524762 0.027857 0.022857
0 0.835000 0.803333 0.010000 0.018095
0 0.934286 0.837619 0.012857 0.018095
2 0.230357 0.270476 0.017857 0.013333
2 0.130357 0.408095 0.022143 0.016190
2 0.150714 0.266667 0.010000 0.015238
2 0.162500 0.262381 0.009286 0.014286
2 0.174286 0.261905 0.011429 0.011429
2 0.201071 0.252857 0.012143 0.010476
2 0.137857 0.270952 0.008571 0.012381
2 0.124286 0.274286 0.008571 0.013333
2 0.188214 0.270000 0.019286 0.016190
2 0.122500 0.314286 0.017857 0.017143
2 0.212143 0.247619 0.008571 0.015238
2 0.151071 0.252381 0.015000 0.013333
2 0.160357 0.249524 0.015000 0.011429
2 0.170357 0.245238 0.015000 0.010476
2 0.178571 0.240000 0.014286 0.009524
2 0.206071 0.230952 0.013571 0.010476
0 0.078571 0.366190 0.007143 0.010476
0 0.091429 0.320476 0.005714 0.010476
0 0.145714 0.350952 0.007143 0.006667
0 0.052500 0.346667 0.003571 0.009524
0 0.037143 0.349524 0.007143 0.011429
2 0.040000 0.300476 0.025714 0.012381
2 0.060357 0.283333 0.016429 0.012381
2 0.839643 0.842857 0.062143 0.049524
2 0.926786 0.901905 0.066429 0.051429
2 0.773214 0.780952 0.052143 0.040000
0 0.936786 0.770952 0.009286 0.016190
0 0.751071 0.678571 0.007857 0.012381
0 0.645000 0.614762 0.007143 0.010476
0 0.735357 0.657619 0.005000 0.014286
2 0.724286 0.500476 0.018571 0.031429
2 0.732857 0.572381 0.020000 0.030476
2 0.722500 0.602381 0.017857 0.031429
0 0.095714 0.625714 0.011429 0.017143
0 0.049286 0.640952 0.008571 0.013333
0 0.040714 0.643810 0.005714 0.011429