2 0.616429 0.124286 0.027143 0.067619
0 0.652500 0.099048 0.006429 0.026667
0 0.628214 0.281429 0.009286 0.020000
0 0.448929 0.670952 0.007857 0.014286
0 0.461071 0.662381 0.012143 0.012381
0 0.140000 0.783333 0.015714 0.012381
0 0.058571 0.799048 0.012857 0.015238
0 0.608214 0.754762 0.012143 0.014286
0 0.024286 0.842381 0.008571 0.010476
0 0.029643 0.834762 0.019286 0.016190
2 0.247500 0.643333 0.073571 0.040952
2 0.413214 0.638571 0.069286 0.040952
2 0.810000 0.618095 0.071429 0.041905
2 0.886429 0.612857 0.065714 0.040952
2 0.970357 0.605714 0.059286 0.040000
2 0.555357 0.452381 0.023571 0.081905
2 0.623929 0.200476 0.027857 0.073333
2 0.577500 0.107619 0.037857 0.055238