2 0.850714 0.990000 0.062857 0.020000
2 0.757143 0.968571 0.067143 0.045714
2 0.833571 0.955238 0.061429 0.045714
2 0.748214 0.914762 0.053571 0.042857
2 0.741786 0.871905 0.057857 0.040952
2 0.794286 0.825714 0.055714 0.036190
2 0.724643 0.794286 0.053571 0.038095
2 0.775357 0.764762 0.047857 0.034286
2 0.765714 0.728571 0.047143 0.030476
2 0.714643 0.756667 0.049286 0.035238
2 0.707857 0.729048 0.048571 0.031429
2 0.500714 0.253810 0.010000 0.016190
2 0.586786 0.654286 0.043571 0.026667
2 0.602143 0.769524 0.044286 0.034286
2 0.604643 0.817143 0.046429 0.032381
2 0.607143 0.920476 0.052857 0.037143
0 0.441786 0.595238 0.005000 0.019048
0 0.461786 0.350000 0.003571 0.010476
0 0.468214 0.313333 0.003571 0.007619
0 0.506786 0.224286 0.002143 0.006667
0 0.505357 0.219048 0.003571 0.007619
0 0.498214 0.227619 0.002143 0.009524
0 0.798571 0.210952 0.004286 0.006667