2 0.980000 0.986667 0.040000 0.026667
2 0.746000 0.673333 0.050000 0.033333
2 0.758000 0.734667 0.053000 0.034667
2 0.766000 0.772333 0.051000 0.032667
2 0.783750 0.814333 0.057500 0.039333
0 0.535250 0.413667 0.004500 0.015333
2 0.549500 0.403333 0.017000 0.025333
2 0.490000 0.434000 0.013000 0.018667
2 0.543500 0.377667 0.015000 0.024667
2 0.523250 0.229000 0.010500 0.014000
2 0.522750 0.214000 0.009500 0.013333
2 0.523250 0.185000 0.009500 0.012667
2 0.523000 0.173667 0.009000 0.012667
0 0.538000 0.100000 0.002000 0.010667
0 0.506250 0.064000 0.002500 0.006667
2 0.490000 0.003667 0.005000 0.007333
2 0.473250 0.002667 0.006500 0.005333
2 0.485250 0.022667 0.006500 0.009333
2 0.480250 0.043333 0.006500 0.009333
2 0.490500 0.031000 0.006000 0.008667
2 0.509250 0.016333 0.005500 0.007333
2 0.488500 0.050000 0.006000 0.010667
0 0.454750 0.104333 0.002500 0.010000
0 0.452250 0.104333 0.002500 0.008667
2 0.436250 0.136333 0.007500 0.012667
2 0.430250 0.157667 0.010500 0.015333
2 0.288500 0.293333 0.014000 0.017333
2 0.264750 0.332667 0.015500 0.025333
0 0.346500 0.398000 0.005000 0.014667
0 0.362000 0.537000 0.005000 0.015333
0 0.346500 0.549333 0.004000 0.013333
0 0.346500 0.558667 0.006000 0.013333
0 0.351250 0.555667 0.005500 0.011333
0 0.424000 0.205667 0.003000 0.011333
0 0.421250 0.204000 0.003500 0.012000
2 0.414500 0.209000 0.011000 0.016667
2 0.412000 0.223667 0.010000 0.018000
2 0.407750 0.252667 0.011500 0.018667
2 0.442750 0.256000 0.010500 0.020000
2 0.404750 0.291667 0.011500 0.022000
2 0.402250 0.315000 0.012500 0.024667
2 0.400250 0.348667 0.013500 0.028000
2 0.388500 0.533333 0.018000 0.037333
2 0.460000 0.499000 0.017000 0.035333
2 0.389000 0.612333 0.024000 0.042000
0 0.375250 0.674000 0.006500 0.012000
2 0.388000 0.739000 0.034000 0.060667
0 0.415250 0.744333 0.007500 0.014000
0 0.330250 0.673000 0.005500 0.016667
2 0.304250 0.896667 0.028500 0.070667
0 0.340500 0.965333 0.013000 0.017333
2 0.382750 0.923000 0.051500 0.076667
0 0.385000 0.948667 0.007000 0.018667
2 0.716250 0.386000 0.030500 0.020000
2 0.626750 0.123333 0.008500 0.010667