2 0.448571 0.338832 0.025714 0.068528
2 0.407857 0.364848 0.028571 0.069797
2 0.458929 0.712563 0.029286 0.107868
2 0.334286 0.963832 0.051429 0.069797
2 0.368571 0.835660 0.038571 0.130711
2 0.376786 0.714467 0.027857 0.101523
2 0.385714 0.626904 0.028571 0.086294
2 0.391786 0.500000 0.029286 0.104061
2 0.423929 0.496827 0.029286 0.097716
2 0.404286 0.428934 0.025714 0.071066
2 0.441071 0.408629 0.025000 0.088832
0 0.502857 0.241751 0.007143 0.026650
0 0.500357 0.235406 0.009286 0.024112
2 0.375357 0.307107 0.040714 0.040609