0 0.055357 0.308095 0.019286 0.029524
0 0.059643 0.300952 0.022143 0.032381
0 0.142500 0.242857 0.017857 0.026667
0 0.173214 0.331905 0.015000 0.027619
0 0.206429 0.387143 0.012857 0.025714
0 0.578214 0.745238 0.009286 0.018095
0 0.732500 0.588571 0.015000 0.022857
0 0.495357 0.471905 0.009286 0.020000
0 0.518214 0.465238 0.009286 0.027619
0 0.526071 0.462381 0.007857 0.025714
0 0.626786 0.759048 0.009286 0.020952
0 0.645357 0.784286 0.017857 0.010476
0 0.601429 0.721429 0.010000 0.020000
0 0.698929 0.944286 0.006429 0.020000
0 0.667857 0.941905 0.007143 0.019048
0 0.506071 0.067619 0.006429 0.028571
0 0.510714 0.068095 0.005714 0.029524
0 0.516429 0.065714 0.005714 0.026667
2 0.373214 0.182857 0.062143 0.045714