2 0.286795 0.973098 0.061065 0.051948
2 0.337944 0.420686 0.026618 0.023191
2 0.350992 0.319109 0.026618 0.020408
2 0.390397 0.286178 0.019833 0.021336
0 0.496608 0.416976 0.003653 0.015770
2 0.530010 0.292208 0.013048 0.018553
2 0.556367 0.272727 0.012526 0.016698
2 0.606472 0.234694 0.012526 0.014842
0 0.614562 0.237013 0.002610 0.010204
2 0.637004 0.209647 0.012004 0.012987
2 0.645877 0.202226 0.009916 0.014842
2 0.568894 0.500000 0.017745 0.024119
2 0.421973 0.280612 0.012004 0.015770
2 0.375783 0.282931 0.010438 0.018553
2 0.348904 0.296382 0.017223 0.015770
2 0.326461 0.283395 0.018267 0.015770
0 0.196242 0.266234 0.002088 0.009276
2 0.094990 0.211967 0.015658 0.015770