2 0.577143 0.679569 0.028571 0.049492
2 0.485714 0.646574 0.028571 0.064721
2 0.506429 0.359772 0.020000 0.034264
2 0.498214 0.317259 0.019286 0.025381
2 0.471071 0.303299 0.017857 0.025381
2 0.477143 0.282360 0.017143 0.021574
2 0.491786 0.267132 0.015000 0.021574
2 0.442143 0.258249 0.014286 0.024112
2 0.421429 0.231599 0.014286 0.016497
2 0.445000 0.213198 0.012857 0.017766
2 0.474286 0.226523 0.014286 0.019036
2 0.377143 0.193528 0.014286 0.016497
2 0.355714 0.163071 0.014286 0.019036
2 0.324286 0.168782 0.012857 0.015228
2 0.316786 0.151650 0.012143 0.013959
2 0.329286 0.150381 0.011429 0.013959