2 0.128214 0.614286 0.112143 0.081905
2 0.230357 0.339524 0.066429 0.124762
2 0.172500 0.341429 0.065000 0.113333
2 0.078571 0.301429 0.067143 0.111429
0 0.060357 0.471905 0.036429 0.029524
0 0.138214 0.286667 0.023571 0.034286
0 0.135357 0.340476 0.016429 0.023810
0 0.209286 0.217143 0.020000 0.040000
0 0.192500 0.194286 0.019286 0.038095
0 0.026071 0.388095 0.022143 0.025714
0 0.052500 0.363810 0.032143 0.034286
0 0.032143 0.346190 0.028571 0.039048
0 0.098571 0.440952 0.025714 0.028571
0 0.393214 0.075714 0.013571 0.040952
2 0.410000 0.045714 0.052857 0.091429
0 0.468571 0.080476 0.017143 0.031429
2 0.373571 0.951905 0.067143 0.096190
2 0.146429 0.944286 0.084286 0.111429
2 0.060357 0.966667 0.073571 0.062857
2 0.021071 0.893810 0.042143 0.159048
2 0.030357 0.541429 0.060714 0.067619
0 0.461071 0.009048 0.013571 0.018095