0 0.371347 0.856679 0.007829 0.026902
0 0.346555 0.882189 0.007307 0.033395
0 0.354384 0.888683 0.012526 0.044527
0 0.498173 0.835807 0.010960 0.037106
2 0.477296 0.848794 0.067328 0.074212
0 0.338205 0.824675 0.006263 0.016698
0 0.558716 0.463358 0.006785 0.028757
0 0.577505 0.490260 0.006785 0.021336
0 0.575157 0.494434 0.005219 0.018553
0 0.512526 0.967532 0.015658 0.031540
0 0.790710 0.948516 0.006263 0.025046
0 0.783403 0.924397 0.011482 0.038033
0 0.915188 0.478664 0.006785 0.016698
2 0.703288 0.278293 0.014092 0.027829
0 0.619781 0.311224 0.006785 0.017625
0 0.740866 0.232839 0.002610 0.012987
0 0.737213 0.228664 0.004697 0.012059
0 0.778706 0.229128 0.004175 0.016698
0 0.731994 0.214286 0.003653 0.018553
0 0.835334 0.235158 0.005741 0.010204
0 0.576722 0.135436 0.007307 0.020408
0 0.579593 0.132189 0.004697 0.025046
0 0.817850 0.226345 0.004175 0.014842
0 0.816545 0.252783 0.003653 0.013915
0 0.848643 0.233302 0.004175 0.013915
0 0.905532 0.157699 0.004175 0.014842
0 0.886482 0.162338 0.003653 0.011132
0 0.731211 0.003711 0.002088 0.005566