2 0.049286 0.300000 0.055714 0.040000
0 0.164286 0.283810 0.014286 0.020952
0 0.173571 0.271429 0.012857 0.017143
0 0.264286 0.136190 0.010000 0.020952
0 0.286071 0.118095 0.009286 0.022857
0 0.277500 0.122381 0.006429 0.014286
0 0.277143 0.053810 0.008571 0.023810
0 0.423929 0.089524 0.009286 0.017143
0 0.336071 0.142857 0.010714 0.028571
2 0.330714 0.081429 0.037143 0.056190
2 0.356071 0.143333 0.027857 0.061905
2 0.421786 0.216190 0.035000 0.070476
0 0.341786 0.313810 0.010714 0.021905
0 0.341071 0.435714 0.009286 0.020000
0 0.342500 0.427619 0.007857 0.017143
0 0.243214 0.522381 0.012143 0.020000
0 0.222143 0.603810 0.015714 0.020952
0 0.219286 0.619048 0.018571 0.007619
0 0.218214 0.619524 0.007857 0.008571
2 0.290000 0.539048 0.037143 0.085714
0 0.265000 0.937619 0.014286 0.021905
0 0.593214 0.099524 0.009286 0.016190
2 0.570714 0.040000 0.050000 0.041905
2 0.525000 0.320952 0.025714 0.064762
2 0.907143 0.022381 0.060000 0.039048