2 0.047143 0.553934 0.017143 0.036802
2 0.457143 0.759518 0.022857 0.054569
2 0.578929 0.860406 0.045000 0.043147
2 0.530714 0.607234 0.021429 0.046954
2 0.520714 0.487310 0.021429 0.050761
2 0.450000 0.368020 0.020000 0.038071
2 0.397500 0.434645 0.016429 0.034264
2 0.316071 0.539340 0.020714 0.043147
2 0.367143 0.291244 0.015714 0.031726
2 0.324286 0.180838 0.011429 0.024112
2 0.416786 0.124365 0.010714 0.020305
2 0.786071 0.982234 0.037857 0.032995
2 0.985357 0.060279 0.010714 0.019036
2 0.958929 0.013959 0.010714 0.015228