2 0.371602 0.974237 0.122318 0.047710
2 0.019671 0.202767 0.039342 0.037214
2 0.289700 0.534351 0.107296 0.070611
2 0.566166 0.644084 0.126609 0.103053
2 0.721030 0.710401 0.138770 0.104008
2 0.909514 0.781011 0.156652 0.123092
0 0.430615 0.484256 0.020029 0.039122
0 0.608727 0.501908 0.015737 0.049618
0 0.596924 0.479962 0.016452 0.045802
0 0.928112 0.684160 0.025036 0.049618
0 0.813305 0.586355 0.031474 0.046756
0 0.638054 0.467080 0.014306 0.048664
0 0.494278 0.426527 0.015737 0.043893
0 0.416309 0.428435 0.015737 0.040076
0 0.470672 0.431298 0.010014 0.047710
0 0.017883 0.269561 0.015737 0.027672
0 0.075823 0.300095 0.017167 0.029580
0 0.368741 0.343034 0.009299 0.033397
2 0.094063 0.442271 0.065093 0.052481
0 0.467454 0.406011 0.009299 0.027672
0 0.468526 0.392176 0.012876 0.032443
0 0.378040 0.417462 0.016452 0.037214
0 0.380901 0.561069 0.016452 0.034351
0 0.623033 0.435115 0.008584 0.041985
0 0.551502 0.490458 0.010014 0.047710
0 0.686695 0.532443 0.017167 0.053435
0 0.615522 0.421279 0.015021 0.035305
0 0.683476 0.428435 0.009299 0.034351
0 0.856223 0.545324 0.028612 0.046756
0 0.992489 0.706107 0.013591 0.022901