2 0.293571 0.790000 0.131429 0.124762
2 0.360000 0.675238 0.107143 0.091429
2 0.375000 0.619524 0.098571 0.075238
2 0.399286 0.580000 0.098571 0.053333
2 0.423929 0.533333 0.086429 0.043810
2 0.470000 0.470952 0.070000 0.042857
2 0.548571 0.505714 0.044286 0.068571
0 0.493929 0.720000 0.015000 0.055238
2 0.731429 0.548095 0.090000 0.058095
2 0.702500 0.500476 0.086429 0.054286
2 0.707143 0.481905 0.080000 0.043810
0 0.379286 0.333333 0.005714 0.019048
0 0.382143 0.332857 0.005714 0.020000
2 0.515714 0.369524 0.045714 0.026667
2 0.465714 0.352857 0.041429 0.021905
0 0.473571 0.313333 0.007143 0.011429
2 0.834643 0.204762 0.019286 0.007619
0 0.421429 0.322381 0.005714 0.016190