2 0.508929 0.670000 0.022143 0.052381
2 0.545357 0.450476 0.012143 0.019048
2 0.522500 0.401429 0.016429 0.010476
2 0.578929 0.422857 0.020714 0.013333
2 0.550714 0.416190 0.020000 0.013333
0 0.428214 0.525238 0.003571 0.014286
2 0.596071 0.431905 0.019286 0.016190
2 0.629286 0.428095 0.024286 0.014286
2 0.645357 0.370000 0.013571 0.008571
2 0.655357 0.380476 0.013571 0.008571
2 0.641429 0.468095 0.012857 0.016190
2 0.623929 0.507619 0.013571 0.017143
2 0.624286 0.532857 0.014286 0.021905
2 0.627857 0.564286 0.017143 0.021905
2 0.695357 0.439048 0.022143 0.013333
2 0.671071 0.429524 0.026429 0.011429
2 0.561071 0.390952 0.016429 0.012381
2 0.697857 0.392857 0.012857 0.012381
0 0.790714 0.661429 0.004286 0.021905
0 0.725357 0.539048 0.005000 0.015238
0 0.718929 0.535714 0.005000 0.014286
0 0.717500 0.813810 0.005000 0.010476
0 0.696071 0.814286 0.007857 0.015238
0 0.579643 0.690952 0.009286 0.008571
0 0.688929 0.620952 0.005000 0.009524
0 0.653571 0.459524 0.002857 0.004762
0 0.655357 0.470952 0.003571 0.006667
2 0.622143 0.491429 0.011429 0.013333