2 0.379286 0.793333 0.021429 0.017143
2 0.378214 0.780476 0.022143 0.016190
2 0.382857 0.767619 0.021429 0.013333
2 0.387143 0.743333 0.021429 0.014286
2 0.411071 0.326667 0.005000 0.007619
2 0.420000 0.282857 0.005714 0.005714
2 0.423214 0.277619 0.005000 0.006667
2 0.293214 0.281429 0.009286 0.006667
2 0.425357 0.270952 0.005000 0.006667
2 0.514286 0.314762 0.010000 0.006667
2 0.581071 0.302381 0.006429 0.008571
2 0.580714 0.313333 0.007143 0.005714
2 0.612500 0.314286 0.007857 0.005714
2 0.588214 0.306190 0.005000 0.008571
2 0.648571 0.311905 0.008571 0.006667
2 0.661071 0.313810 0.007857 0.006667
2 0.641429 0.307143 0.008571 0.006667
2 0.667500 0.280000 0.003571 0.005714
2 0.668571 0.276190 0.005714 0.005714
2 0.433214 0.217619 0.003571 0.006667
2 0.464286 0.152857 0.004286 0.006667