2 0.027500 0.453333 0.055000 0.060952
2 0.037857 0.138095 0.050000 0.112381
2 0.691429 0.041429 0.044286 0.082857
2 0.627143 0.337143 0.084286 0.097143
0 0.805357 0.319048 0.016429 0.036190
2 0.642143 0.428571 0.085714 0.102857
0 0.775000 0.509048 0.012857 0.021905
0 0.765357 0.520476 0.012143 0.020000
0 0.773571 0.539048 0.012857 0.019048
0 0.787857 0.545238 0.014286 0.018095
0 0.804286 0.539524 0.017143 0.020000
0 0.789286 0.504762 0.014286 0.020952
0 0.807143 0.516190 0.018571 0.022857
0 0.846786 0.513333 0.016429 0.020952
0 0.855000 0.541905 0.021429 0.022857
0 0.736786 0.589524 0.016429 0.020952
0 0.730714 0.610952 0.018571 0.031429
0 0.748214 0.647143 0.019286 0.025714
0 0.852143 0.584286 0.011429 0.029524
0 0.826429 0.608571 0.022857 0.019048
0 0.830714 0.629524 0.021429 0.022857
0 0.695714 0.755238 0.021429 0.019048
0 0.890357 0.731905 0.016429 0.018095
0 0.897143 0.750476 0.017143 0.019048
0 0.924643 0.722381 0.020714 0.020000
0 0.929643 0.745238 0.020714 0.020000
0 0.956429 0.827143 0.020000 0.021905
0 0.965000 0.854762 0.021429 0.021905
0 0.928214 0.844762 0.015000 0.020952
0 0.933571 0.867619 0.014286 0.019048
0 0.885000 0.879048 0.014286 0.024762
0 0.857143 0.878095 0.017143 0.019048
0 0.847143 0.898095 0.025714 0.020952
0 0.893214 0.937143 0.022143 0.019048
0 0.916429 0.952381 0.020000 0.028571
0 0.926071 0.981429 0.020714 0.029524
0 0.881786 0.956667 0.020714 0.031429