2 0.396429 0.644762 0.174286 0.121905
2 0.482857 0.543810 0.125714 0.083810
2 0.581429 0.556190 0.128571 0.108571
2 0.332143 0.491905 0.092857 0.060000
2 0.477857 0.461905 0.078571 0.053333
2 0.189286 0.456190 0.098571 0.049524
2 0.308929 0.432381 0.085000 0.047619
2 0.398214 0.410476 0.089286 0.040000
2 0.020357 0.443810 0.040714 0.041905
2 0.130357 0.429524 0.047857 0.041905
2 0.219286 0.353810 0.044286 0.023810
2 0.196429 0.351905 0.038571 0.023810
2 0.076786 0.321905 0.013571 0.013333
2 0.070714 0.315238 0.027143 0.015238
2 0.207143 0.413810 0.035714 0.033333
2 0.192143 0.382857 0.038571 0.030476
2 0.239643 0.403333 0.037857 0.033333
2 0.275714 0.396190 0.041429 0.032381
2 0.046429 0.410952 0.085714 0.031429
2 0.036786 0.404762 0.072143 0.030476
2 0.028929 0.399048 0.057857 0.032381
2 0.030357 0.392381 0.059286 0.034286
2 0.022857 0.379524 0.044286 0.029524
2 0.019643 0.370476 0.039286 0.030476
2 0.110357 0.360952 0.025000 0.022857
0 0.453571 0.386667 0.007143 0.020952
0 0.471071 0.394762 0.006429 0.031429
2 0.486071 0.370952 0.030714 0.031429
0 0.548571 0.353810 0.007143 0.025714
0 0.601429 0.363810 0.005714 0.028571
0 0.606071 0.364762 0.005000 0.028571
2 0.920714 0.379048 0.061429 0.038095
2 0.968571 0.365238 0.037143 0.033333
2 0.991429 0.353810 0.017143 0.031429