0 0.643214 0.961429 0.052143 0.067619
2 0.933214 0.693810 0.082143 0.060000
0 0.846786 0.672381 0.019286 0.049524
0 0.818214 0.682857 0.019286 0.051429
0 0.453929 0.605238 0.009286 0.021905
0 0.771429 0.821905 0.028571 0.074286
2 0.961429 0.789048 0.077143 0.075238
2 0.908214 0.821429 0.183571 0.141905
2 0.835357 0.835714 0.182143 0.138095
2 0.706071 0.860476 0.163571 0.136190
2 0.612143 0.766667 0.154286 0.085714
2 0.668929 0.707619 0.112143 0.057143
2 0.622500 0.685714 0.090714 0.049524
2 0.582857 0.896667 0.144286 0.174286
2 0.462857 0.921905 0.151429 0.156190
2 0.278571 0.938571 0.121429 0.122857
2 0.113571 0.916190 0.227143 0.163810
0 0.346429 0.719524 0.014286 0.058095
2 0.368571 0.755714 0.151429 0.077143
2 0.240714 0.723333 0.068571 0.071429
2 0.130000 0.688095 0.071429 0.050476
2 0.375357 0.714762 0.130714 0.060000
2 0.385357 0.692857 0.110714 0.046667
2 0.370000 0.678571 0.087143 0.048571
2 0.382143 0.662857 0.081429 0.045714
2 0.342500 0.661905 0.067857 0.041905
2 0.343929 0.646190 0.073571 0.039048
2 0.428929 0.625714 0.039286 0.034286
2 0.291429 0.634762 0.032857 0.037143
2 0.257857 0.672381 0.048571 0.045714
2 0.371071 0.598095 0.042143 0.022857
2 0.361429 0.591429 0.035714 0.015238
2 0.362143 0.580952 0.032857 0.019048
2 0.394643 0.587619 0.016429 0.017143
2 0.410357 0.584762 0.032143 0.015238
2 0.549286 0.585714 0.012857 0.015238
2 0.553571 0.577619 0.031429 0.014286
2 0.171071 0.590000 0.025000 0.020000
2 0.237143 0.601429 0.027143 0.023810
2 0.288214 0.615714 0.023571 0.025714
2 0.256786 0.580952 0.017857 0.015238
2 0.222500 0.570952 0.015000 0.018095
0 0.237500 0.558095 0.002143 0.009524
0 0.317500 0.568571 0.003571 0.015238
0 0.314643 0.561429 0.003571 0.010476
0 0.344643 0.547143 0.002143 0.008571
2 0.255357 0.558095 0.009286 0.007619
2 0.267857 0.550476 0.005714 0.005714
2 0.271071 0.550000 0.006429 0.006667
2 0.290714 0.548571 0.008571 0.005714
2 0.304286 0.543810 0.005714 0.005714
2 0.295000 0.543810 0.004286 0.003810
2 0.297500 0.540952 0.005000 0.003810
2 0.302143 0.539524 0.004286 0.002857