2 0.191429 0.719524 0.121429 0.143810
2 0.055714 0.425238 0.077143 0.067619
2 0.294286 0.672857 0.120000 0.128571
2 0.578929 0.707143 0.142143 0.143810
2 0.616071 0.651905 0.143571 0.132381
2 0.665357 0.613333 0.123571 0.114286
2 0.696429 0.559048 0.125714 0.116190
2 0.731429 0.528571 0.110000 0.089524
2 0.747857 0.494286 0.105714 0.078095
2 0.771786 0.470476 0.105000 0.080000
2 0.796786 0.415238 0.089286 0.072381
2 0.819286 0.398571 0.084286 0.063810
2 0.831786 0.386190 0.085000 0.058095
2 0.835000 0.368095 0.081429 0.056190
2 0.258571 0.427619 0.072857 0.066667
2 0.383571 0.490952 0.051429 0.100000
2 0.510000 0.499524 0.047143 0.088571
0 0.295357 0.526667 0.016429 0.059048
0 0.405714 0.821905 0.021429 0.068571
0 0.441429 0.809524 0.027143 0.074286
0 0.410000 0.714762 0.020000 0.065714
0 0.243571 0.521429 0.017143 0.050476
0 0.130000 0.432381 0.024286 0.060952
0 0.030000 0.284286 0.012857 0.039048
0 0.020714 0.284286 0.011429 0.035238
0 0.011071 0.287143 0.012143 0.033333
0 0.661786 0.476190 0.015000 0.055238
0 0.681071 0.474762 0.013571 0.054286
0 0.710714 0.447143 0.011429 0.023810
0 0.613929 0.452857 0.016429 0.046667
0 0.617143 0.432381 0.010000 0.038095
0 0.608571 0.421429 0.010000 0.046667
0 0.392143 0.400000 0.012857 0.045714
0 0.373571 0.383810 0.012857 0.045714
0 0.395000 0.364286 0.010000 0.025714
0 0.497143 0.365714 0.011429 0.038095
0 0.485357 0.363810 0.010714 0.030476
0 0.568929 0.271429 0.006429 0.051429
0 0.580714 0.276190 0.010000 0.041905
0 0.586429 0.268571 0.007143 0.038095
0 0.651071 0.265238 0.013571 0.040952
2 0.831786 0.947143 0.106429 0.105714
2 0.968214 0.831429 0.063571 0.081905
0 0.937500 0.661429 0.026429 0.054286
0 0.955714 0.450476 0.020000 0.047619
2 0.936071 0.256190 0.052143 0.034286
2 0.939643 0.248571 0.046429 0.030476
2 0.947857 0.229048 0.051429 0.025714
2 0.946429 0.235714 0.045714 0.027619
0 0.480357 0.533333 0.015000 0.055238
0 0.620357 0.550476 0.016429 0.053333
0 0.288929 0.253333 0.013571 0.032381
0 0.303571 0.261905 0.012857 0.030476
0 0.288214 0.363333 0.012143 0.027619
0 0.298214 0.371905 0.013571 0.029524
0 0.307143 0.371429 0.010000 0.030476
0 0.303929 0.361429 0.009286 0.037143
0 0.403214 0.412381 0.010714 0.032381
0 0.416429 0.287619 0.014286 0.036190
0 0.418571 0.279524 0.011429 0.035238
0 0.442143 0.285238 0.011429 0.039048
0 0.464286 0.283810 0.014286 0.043810
0 0.487143 0.284286 0.020000 0.042857
0 0.512500 0.286190 0.015000 0.040952
0 0.630714 0.286667 0.015714 0.030476
0 0.605000 0.287143 0.014286 0.031429
0 0.604286 0.286667 0.012857 0.040000
0 0.627143 0.283333 0.017143 0.033333
0 0.637857 0.409048 0.012857 0.027619
0 0.513214 0.409048 0.012143 0.033333
0 0.516786 0.417143 0.010714 0.028571
0 0.491429 0.414286 0.014286 0.030476
0 0.467500 0.413810 0.013571 0.035238
0 0.448214 0.416667 0.013571 0.040952
0 0.405714 0.367619 0.010000 0.030476
0 0.423571 0.360952 0.010000 0.026667
0 0.421786 0.380952 0.010714 0.024762
0 0.426429 0.384762 0.011429 0.024762
0 0.443571 0.385238 0.010000 0.027619
0 0.452500 0.384286 0.010714 0.027619
0 0.453929 0.382381 0.013571 0.033333