0 0.252871 0.133117 0.008873 0.038033
0 0.209551 0.166512 0.007829 0.030612
0 0.213466 0.171614 0.010438 0.037106
2 0.088727 0.160946 0.069937 0.051020
0 0.207463 0.178108 0.009916 0.025974
0 0.217380 0.181818 0.009916 0.031540
0 0.237474 0.175325 0.008351 0.033395
0 0.249478 0.175788 0.008351 0.028757
0 0.258090 0.177180 0.009916 0.033395
0 0.245042 0.173933 0.009916 0.028757
0 0.290710 0.175788 0.009395 0.028757
2 0.302192 0.164193 0.062630 0.055659
2 0.323069 0.138683 0.054280 0.049165
0 0.333246 0.101113 0.012004 0.037106
2 0.439979 0.120594 0.049061 0.038961
0 0.419363 0.297310 0.014092 0.034323
0 0.420668 0.350649 0.011482 0.050093
0 0.422756 0.376160 0.019833 0.032468
0 0.400313 0.378015 0.014614 0.028757
0 0.389092 0.362245 0.012004 0.036178
0 0.417015 0.423469 0.012526 0.045455
0 0.408403 0.443878 0.012004 0.051020
0 0.407359 0.459647 0.012004 0.051020
0 0.423539 0.545455 0.017223 0.035250
0 0.404749 0.534323 0.015136 0.033395
0 0.395616 0.548701 0.014614 0.034323
0 0.324374 0.896104 0.022443 0.033395
0 0.324896 0.912338 0.020355 0.034323
0 0.383351 0.916048 0.019311 0.058442
0 0.406054 0.745362 0.021921 0.056586
0 0.491388 0.617811 0.013048 0.044527
0 0.501305 0.613636 0.017223 0.064007
0 0.491649 0.667440 0.020877 0.067718
0 0.513048 0.663729 0.017745 0.069573
0 0.493215 0.511596 0.018789 0.041744
0 0.485908 0.450371 0.014614 0.052876
0 0.482255 0.348330 0.012526 0.036178
0 0.471555 0.343228 0.012004 0.027829
0 0.461117 0.342764 0.012004 0.034323
0 0.483559 0.276902 0.008873 0.036178
0 0.508351 0.198980 0.009395 0.030612
0 0.511482 0.181818 0.010438 0.033395
0 0.497651 0.176716 0.009916 0.038033
0 0.482255 0.166512 0.008351 0.030612
0 0.469729 0.163729 0.009395 0.034323
0 0.480428 0.149351 0.006785 0.035250
0 0.478340 0.145176 0.007829 0.034323
0 0.523747 0.138219 0.007829 0.022263
0 0.519050 0.130798 0.007829 0.042672
0 0.528967 0.173006 0.009916 0.030612
0 0.500000 0.102968 0.008351 0.037106
0 0.507307 0.097866 0.009395 0.036178
0 0.494781 0.099722 0.008351 0.023191
0 0.500261 0.077922 0.007829 0.029685
0 0.508612 0.085807 0.006785 0.030612
0 0.512004 0.073748 0.008351 0.032468
0 0.507829 0.062152 0.008351 0.024119
0 0.475209 0.094156 0.006785 0.025046
0 0.457985 0.040353 0.006785 0.030612
0 0.579332 0.044527 0.006263 0.020408
0 0.585856 0.041744 0.006785 0.025974
0 0.611430 0.032468 0.006785 0.018553
0 0.619781 0.043599 0.004697 0.020408
0 0.630741 0.030612 0.007829 0.027829
0 0.614562 0.062152 0.006785 0.025974
0 0.604384 0.069573 0.007307 0.027829
0 0.632829 0.086271 0.005741 0.027829
0 0.625522 0.125232 0.012004 0.031540
0 0.616910 0.166048 0.008351 0.040816
0 0.647443 0.203618 0.008873 0.047310
0 0.575939 0.206401 0.008873 0.036178
0 0.587944 0.196660 0.009916 0.022263
0 0.593685 0.216605 0.008873 0.039889
0 0.609081 0.224026 0.009395 0.030612
0 0.693372 0.353432 0.012004 0.059369
0 0.680585 0.366419 0.015658 0.057514
0 0.619259 0.409555 0.009916 0.052876
0 0.634134 0.411874 0.014614 0.048237
0 0.624478 0.436456 0.009916 0.052876
0 0.640658 0.425325 0.014092 0.039889
0 0.735125 0.927644 0.029749 0.053803
0 0.632307 0.948052 0.026618 0.090909
2 0.509134 0.876623 0.068372 0.244898
0 0.593946 0.740724 0.022965 0.058442
0 0.592902 0.730519 0.022965 0.056586
0 0.565501 0.076531 0.006785 0.026902
0 0.581681 0.447588 0.016180 0.045455
0 0.581942 0.503711 0.018789 0.050093
0 0.551409 0.521336 0.019311 0.061224
0 0.620042 0.557050 0.019833 0.041744
0 0.605950 0.529685 0.016701 0.061224
0 0.611952 0.545455 0.014092 0.042672