2 0.985357 0.593810 0.029286 0.052381
2 0.584286 0.910952 0.047143 0.094286
2 0.279286 0.784286 0.031429 0.080952
2 0.782857 0.416190 0.035714 0.040000
2 0.809286 0.419524 0.030000 0.039048
2 0.014643 0.426190 0.020714 0.044762
2 0.542857 0.267619 0.020000 0.024762
2 0.398571 0.127619 0.011429 0.017143
2 0.428929 0.056190 0.019286 0.011429
2 0.431429 0.061905 0.015714 0.011429
2 0.182857 0.009048 0.008571 0.010476
2 0.313929 0.021429 0.010714 0.014286
2 0.321786 0.185714 0.015000 0.020952
2 0.122143 0.109524 0.011429 0.017143
0 0.139643 0.765238 0.012143 0.018095
0 0.177143 0.119048 0.005714 0.009524
0 0.376429 0.294286 0.005714 0.009524
0 0.404286 0.422857 0.007143 0.009524
0 0.431071 0.424762 0.006429 0.009524