2 0.416429 0.295714 0.007143 0.010476
2 0.423214 0.362381 0.009286 0.018095
2 0.586071 0.302857 0.006429 0.009524
2 0.418571 0.240952 0.004286 0.007619
2 0.434643 0.237143 0.005000 0.007619
2 0.351786 0.467619 0.025000 0.022857
2 0.521429 0.236667 0.004286 0.004762
2 0.530357 0.247619 0.009286 0.007619
2 0.534643 0.252381 0.009286 0.007619
2 0.555714 0.253810 0.005714 0.006667
2 0.537857 0.260476 0.010000 0.006667
2 0.543214 0.266190 0.009286 0.006667
2 0.527143 0.243810 0.008571 0.005714
2 0.521429 0.233333 0.007143 0.003810
2 0.538929 0.260000 0.010714 0.005714
2 0.261786 0.266667 0.006429 0.007619
2 0.289286 0.234762 0.005714 0.004762
2 0.442500 0.190476 0.003571 0.005714
2 0.445357 0.206190 0.005000 0.004762
2 0.449286 0.195238 0.007143 0.005714
2 0.460357 0.195714 0.005000 0.006667
0 0.421071 0.204762 0.002143 0.005714
0 0.418214 0.206667 0.002143 0.005714
2 0.301429 0.233810 0.008571 0.008571