2 0.830714 0.840736 0.038571 0.054569
2 0.987143 0.888959 0.024286 0.054569
2 0.667500 0.703046 0.029286 0.055838
2 0.628571 0.675761 0.028571 0.054569
2 0.630714 0.612944 0.021429 0.035533
2 0.610714 0.574873 0.024286 0.038071
2 0.423929 0.633883 0.016429 0.052030
2 0.335357 0.934645 0.023571 0.090102
2 0.393214 0.635152 0.017857 0.057107
2 0.324286 0.607868 0.018571 0.055838
2 0.425000 0.520939 0.020000 0.044416
2 0.336071 0.430838 0.015000 0.041878
2 0.364286 0.332487 0.014286 0.035533
2 0.397143 0.293782 0.014286 0.036802
2 0.419286 0.212563 0.011429 0.039340
2 0.365000 0.130711 0.011429 0.022843
2 0.421071 0.075508 0.010714 0.024112
2 0.401429 0.053299 0.010000 0.017766
0 0.155000 0.571701 0.008571 0.024112
0 0.168214 0.552665 0.009286 0.026650
2 0.221786 0.465102 0.022143 0.031726
2 0.415000 0.015863 0.010000 0.019036
2 0.458929 0.676396 0.026429 0.030457
2 0.454643 0.657995 0.023571 0.029188
2 0.450357 0.631980 0.023571 0.030457
2 0.475714 0.966371 0.030000 0.062183
0 0.636429 0.636421 0.005714 0.019036
0 0.558929 0.362310 0.007857 0.016497
0 0.478571 0.203046 0.005714 0.017766
0 0.461071 0.113579 0.005000 0.013959