2 0.948250 0.936667 0.058500 0.110667
2 0.823500 0.762000 0.038000 0.074667
2 0.707750 0.825333 0.064500 0.082667
2 0.685500 0.658667 0.046000 0.053333
2 0.595750 0.674667 0.042500 0.049333
2 0.631250 0.598333 0.043500 0.048667
2 0.559000 0.623333 0.039000 0.052000
2 0.526250 0.576000 0.034500 0.045333
2 0.590500 0.552667 0.041000 0.042667
0 0.592500 0.572667 0.006000 0.020000
0 0.539500 0.557667 0.007000 0.016667
0 0.548500 0.544000 0.006000 0.012000
0 0.545500 0.539000 0.007000 0.012667
2 0.500000 0.538667 0.034000 0.040000
2 0.471750 0.497333 0.030500 0.033333
2 0.503250 0.454667 0.029500 0.029333
2 0.590250 0.428667 0.036500 0.025333
2 0.448000 0.466333 0.027000 0.032667
2 0.479750 0.425667 0.027500 0.026000
2 0.425750 0.436667 0.024500 0.030667
2 0.456750 0.401000 0.024500 0.023333
2 0.408750 0.410333 0.025500 0.028667
0 0.575500 0.369000 0.007000 0.015333
0 0.529750 0.348333 0.005500 0.015333
0 0.552250 0.314667 0.004500 0.016000
0 0.579000 0.343333 0.005000 0.008000
0 0.468500 0.367667 0.004000 0.014000
0 0.443000 0.383333 0.004000 0.013333
2 0.460500 0.320667 0.028000 0.018667
2 0.366750 0.351667 0.017500 0.024667
2 0.403000 0.314000 0.014000 0.016000
2 0.386000 0.317000 0.018000 0.018000
2 0.355250 0.337000 0.024500 0.020667
2 0.374500 0.303000 0.017000 0.015333
2 0.342000 0.321333 0.018000 0.018667
0 0.313750 0.324000 0.004500 0.016000
0 0.321500 0.323000 0.006000 0.010000
2 0.330500 0.305333 0.016000 0.018667
2 0.321000 0.292000 0.014000 0.017333
2 0.349750 0.276000 0.014500 0.016000
2 0.343000 0.266000 0.014000 0.014667
2 0.313000 0.279000 0.015000 0.015333
2 0.334500 0.255667 0.012000 0.015333
2 0.325750 0.247667 0.012500 0.014000
0 0.610250 0.276000 0.003500 0.012000
0 0.614750 0.280333 0.003500 0.012667
0 0.627250 0.273333 0.002500 0.008000
0 0.623250 0.266333 0.003500 0.011333
2 0.602000 0.268667 0.022000 0.013333
2 0.589000 0.262000 0.021000 0.016000
0 0.498750 0.219667 0.002500 0.008667
0 0.496000 0.219667 0.002000 0.008667
2 0.464500 0.201667 0.011000 0.010000
0 0.228750 0.338333 0.004500 0.014000
0 0.232500 0.332000 0.006000 0.014667
0 0.257000 0.347000 0.006000 0.016667
0 0.290250 0.324667 0.005500 0.014667
0 0.285250 0.337333 0.005500 0.013333
0 0.271500 0.334667 0.006000 0.010667
0 0.182000 0.280667 0.005000 0.013333
0 0.205250 0.276000 0.004500 0.010667
0 0.201750 0.270667 0.003500 0.009333
0 0.202250 0.241333 0.004500 0.010667
2 0.312750 0.231667 0.013500 0.011333
2 0.276750 0.210333 0.010500 0.012667
2 0.284750 0.201000 0.009500 0.011333
2 0.279750 0.193667 0.009500 0.010000
2 0.255500 0.197667 0.009000 0.015333
2 0.246250 0.188000 0.009500 0.009333
2 0.264000 0.175000 0.009000 0.008667
2 0.258500 0.169667 0.008000 0.010000
2 0.255500 0.165333 0.008000 0.009333
2 0.250750 0.159667 0.007500 0.008667
2 0.246250 0.147333 0.013500 0.008000
2 0.221250 0.157667 0.013500 0.010000
2 0.237500 0.145000 0.007000 0.008667
2 0.211750 0.140333 0.007500 0.008667
2 0.228250 0.133000 0.006500 0.007333
2 0.208250 0.136333 0.006500 0.006000
2 0.206250 0.132667 0.006500 0.006667
2 0.202750 0.128000 0.006500 0.008000
2 0.225000 0.129000 0.007000 0.007333
2 0.222000 0.126000 0.006000 0.006667
2 0.218500 0.122000 0.006000 0.006667
2 0.229250 0.114000 0.009500 0.006667
2 0.221250 0.137000 0.007500 0.007333
2 0.210500 0.124333 0.007000 0.007333
2 0.204750 0.114333 0.009500 0.007333
2 0.198250 0.106667 0.009500 0.006667
0 0.207500 0.104333 0.003000 0.008667