2 0.633571 0.945714 0.107143 0.074286
2 0.506786 0.557619 0.050714 0.157143
2 0.418571 0.170476 0.050000 0.144762
2 0.493929 0.274762 0.045000 0.140000
2 0.307500 0.656667 0.046429 0.160952
2 0.301429 0.336190 0.052857 0.152381
2 0.307500 0.496190 0.053571 0.140952
2 0.291786 0.059048 0.052143 0.116190
0 0.612500 0.134286 0.017857 0.034286
0 0.729286 0.530952 0.020000 0.020000
0 0.755000 0.480476 0.021429 0.021905
0 0.682500 0.707143 0.020714 0.027619
0 0.674643 0.844762 0.020714 0.036190
0 0.336071 0.489524 0.022143 0.017143
0 0.559643 0.513333 0.012143 0.024762
0 0.555357 0.645714 0.015000 0.020952
0 0.589643 0.669524 0.013571 0.020952
0 0.595357 0.690952 0.015000 0.021905
0 0.555357 0.908571 0.016429 0.038095