0 0.257143 0.881429 0.047143 0.178095
0 0.739286 0.507143 0.027143 0.084762
0 0.720357 0.279524 0.010714 0.033333
2 0.151071 0.379524 0.077857 0.082857
2 0.625714 0.555714 0.214286 0.174286
2 0.531429 0.395714 0.112857 0.082857
2 0.411786 0.343333 0.086429 0.063810
2 0.227143 0.262381 0.045714 0.044762
2 0.171071 0.231429 0.036429 0.036190
2 0.146786 0.214286 0.029286 0.028571
2 0.109286 0.198095 0.021429 0.026667
2 0.128214 0.207143 0.023571 0.025714
2 0.093929 0.188571 0.017857 0.028571
2 0.036786 0.137619 0.015000 0.016190
2 0.071786 0.148571 0.017857 0.011429
2 0.402857 0.237143 0.047143 0.034286
2 0.510357 0.304286 0.072143 0.048571
2 0.568929 0.362857 0.109286 0.060952
0 0.312500 0.197143 0.006429 0.022857
0 0.316429 0.197619 0.007143 0.020000
0 0.386071 0.199048 0.006429 0.022857
0 0.780714 0.302857 0.012857 0.040000
0 0.043214 0.310000 0.019286 0.044762
0 0.817500 0.351905 0.023571 0.046667
0 0.468929 0.250952 0.010714 0.031429