2 0.303750 0.958333 0.130500 0.079333
2 0.627750 0.728000 0.040500 0.064000
2 0.603500 0.671333 0.032000 0.046667
2 0.582500 0.622000 0.023000 0.034667
2 0.574000 0.583333 0.023000 0.032000
2 0.376250 0.573333 0.054500 0.026667
2 0.379750 0.551000 0.042500 0.023333
2 0.384000 0.537333 0.041000 0.021333
2 0.389250 0.511667 0.032500 0.019333
2 0.475250 0.407667 0.008500 0.019333
2 0.511250 0.408000 0.007500 0.009333
2 0.519500 0.426000 0.007000 0.006667
2 0.532250 0.464333 0.010500 0.016667
2 0.543250 0.497667 0.015500 0.016667
2 0.425250 0.447667 0.010500 0.011333
2 0.412250 0.442333 0.007500 0.011333
0 0.746500 0.891667 0.016000 0.051333
0 0.730750 0.892000 0.013500 0.041333
0 0.703750 0.889333 0.017500 0.030667
0 0.382500 0.797000 0.008000 0.031333
0 0.535500 0.549000 0.006000 0.011333