0 0.242000 0.961000 0.007000 0.018000
2 0.338750 0.925000 0.029500 0.066000
0 0.225500 0.979000 0.008000 0.024667
0 0.222000 0.923333 0.006000 0.022667
0 0.276500 0.876333 0.008000 0.022000
0 0.270500 0.892000 0.010000 0.016000
0 0.508000 0.906667 0.008000 0.020000
0 0.425250 0.816333 0.006500 0.022000
0 0.539250 0.723667 0.006500 0.015333
0 0.544500 0.717333 0.006000 0.016000
0 0.536750 0.653333 0.004500 0.013333
0 0.536000 0.599667 0.005000 0.015333
0 0.538000 0.575667 0.004000 0.012667
0 0.540750 0.550000 0.004500 0.012000
0 0.538750 0.532000 0.004500 0.012000
0 0.545250 0.453667 0.003500 0.010000
0 0.530000 0.428333 0.003000 0.011333
0 0.535750 0.407000 0.003500 0.008667
0 0.544750 0.384000 0.003500 0.009333
0 0.376000 0.555000 0.004000 0.011333
0 0.404250 0.493667 0.003500 0.010000
0 0.394250 0.491000 0.002500 0.008667
0 0.344000 0.661333 0.006000 0.013333
0 0.334000 0.662333 0.005000 0.014000
0 0.317250 0.685667 0.006500 0.015333
0 0.287000 0.742667 0.005000 0.014667
0 0.307750 0.739000 0.005500 0.016667
2 0.693750 0.750000 0.044500 0.026667
2 0.682750 0.712667 0.039500 0.024000
2 0.555250 0.619667 0.013500 0.026000
2 0.384000 0.717000 0.023000 0.040667
2 0.377500 0.662000 0.018000 0.034667
2 0.416250 0.573667 0.016500 0.028667
2 0.335000 0.632000 0.019000 0.033333
2 0.345000 0.604667 0.020000 0.025333
2 0.353750 0.578333 0.017500 0.027333
2 0.363500 0.554333 0.017000 0.023333
2 0.380500 0.506333 0.016000 0.024667
2 0.392750 0.468667 0.014500 0.020000
2 0.386250 0.488667 0.015500 0.022667
2 0.401250 0.449000 0.013500 0.018000
2 0.410000 0.425000 0.011000 0.018000
2 0.416500 0.407000 0.010000 0.014000
2 0.430500 0.369333 0.010000 0.014667
2 0.499500 0.387333 0.009000 0.013333
2 0.480000 0.331333 0.008000 0.012000
2 0.556000 0.593000 0.013000 0.024667
2 0.553500 0.569000 0.014000 0.024667
2 0.554000 0.549000 0.013000 0.022000
2 0.554250 0.525333 0.013500 0.021333
2 0.554250 0.504667 0.010500 0.018667
2 0.555000 0.485667 0.011000 0.016667
2 0.554500 0.470000 0.010000 0.014667
0 0.578500 0.514333 0.004000 0.014000
0 0.572500 0.557667 0.004000 0.014000
2 0.522250 0.454000 0.010500 0.017333
2 0.553500 0.438000 0.009000 0.014667
2 0.554250 0.426000 0.009500 0.016000
2 0.554250 0.412667 0.007500 0.012000
2 0.540500 0.371000 0.010000 0.012667
2 0.552000 0.383333 0.009000 0.012000
2 0.576000 0.371333 0.008000 0.013333
2 0.554000 0.336000 0.008000 0.010667
2 0.567500 0.338000 0.016000 0.010667
2 0.554250 0.327333 0.005500 0.008000
2 0.554750 0.319000 0.006500 0.010000
2 0.555000 0.311333 0.006000 0.009333
2 0.554500 0.303333 0.007000 0.008000
2 0.554750 0.296667 0.006500 0.008000
2 0.555500 0.291667 0.007000 0.008667
2 0.554750 0.285333 0.006500 0.008000
2 0.555250 0.279333 0.005500 0.008000
2 0.555500 0.275000 0.006000 0.007333
2 0.567750 0.328000 0.013500 0.009333
2 0.570750 0.323000 0.015500 0.010000
2 0.566500 0.314667 0.012000 0.009333
2 0.567750 0.306000 0.012500 0.009333
2 0.528500 0.299667 0.007000 0.011333
2 0.462500 0.275667 0.007000 0.008667
2 0.460250 0.282000 0.006500 0.009333
2 0.458500 0.287667 0.006000 0.008667
2 0.448750 0.316667 0.008500 0.012000
0 0.460750 0.307000 0.002500 0.010000
0 0.452250 0.325333 0.002500 0.008000
0 0.552750 0.674333 0.005500 0.018000
2 0.364500 0.236000 0.006000 0.008000
2 0.348500 0.247000 0.010000 0.007333
2 0.863250 0.313333 0.019500 0.012000
2 0.249750 0.356333 0.012500 0.012667