0 0.265714 0.146190 0.011429 0.018095
0 0.331429 0.162381 0.010000 0.016190
0 0.337857 0.191905 0.005714 0.018095
0 0.347857 0.193810 0.005714 0.012381
0 0.357857 0.180476 0.007143 0.014286
0 0.361429 0.200000 0.007143 0.011429
0 0.380000 0.205238 0.005714 0.014286
0 0.360000 0.267619 0.005714 0.015238
2 0.378571 0.082857 0.035714 0.043810
0 0.357143 0.137619 0.011429 0.018095
2 0.487500 0.022381 0.042143 0.033333
2 0.485357 0.051429 0.045000 0.032381
2 0.485714 0.080952 0.048571 0.034286
2 0.456071 0.208095 0.046429 0.037143
0 0.790714 0.160000 0.010000 0.015238
0 0.658929 0.317143 0.009286 0.015238
2 0.693929 0.273810 0.045000 0.035238
2 0.639643 0.257619 0.046429 0.035238
2 0.609286 0.321905 0.044286 0.036190
2 0.581071 0.274286 0.047857 0.034286
2 0.550000 0.307619 0.052857 0.038095
2 0.488571 0.300000 0.048571 0.032381
2 0.460714 0.372381 0.050000 0.034286
2 0.453929 0.448571 0.053571 0.034286
0 0.805000 0.583333 0.010000 0.012381
2 0.950714 0.903333 0.030000 0.079048
2 0.387857 0.980952 0.057143 0.038095
2 0.408214 0.915714 0.057857 0.052381
2 0.410714 0.815714 0.055714 0.040952
2 0.420357 0.765238 0.057857 0.039048
2 0.422143 0.720476 0.054286 0.037143
0 0.368571 0.835714 0.008571 0.014286
2 0.426429 0.630000 0.058571 0.037143
2 0.425714 0.588095 0.051429 0.035238
0 0.366071 0.664762 0.009286 0.013333
0 0.318571 0.586667 0.010000 0.007619
2 0.327857 0.508095 0.055714 0.035238
0 0.414286 0.481905 0.008571 0.009524
0 0.421429 0.454762 0.005714 0.008571
0 0.404643 0.470952 0.005000 0.010476
0 0.392857 0.364286 0.008571 0.016190
0 0.401071 0.343810 0.007857 0.013333
0 0.442857 0.293333 0.005714 0.017143
0 0.386429 0.351429 0.005714 0.015238
0 0.358929 0.337143 0.007857 0.013333
0 0.413214 0.559048 0.007857 0.009524