2 0.746429 0.483333 0.018571 0.033333
2 0.758929 0.551905 0.019286 0.039048
0 0.090000 0.239048 0.002857 0.011429
2 0.259643 0.318095 0.037857 0.032381
0 0.268929 0.256190 0.005000 0.015238
0 0.522857 0.580000 0.005714 0.020952
2 0.510000 0.319524 0.024286 0.014286
2 0.628929 0.011905 0.005000 0.006667
2 0.623214 0.052857 0.005000 0.006667
2 0.628214 0.020000 0.005000 0.005714
2 0.612500 0.010000 0.005000 0.004762
2 0.621071 0.073333 0.005000 0.007619
2 0.620357 0.080952 0.005000 0.007619
2 0.619643 0.088571 0.005000 0.007619
2 0.632143 0.060476 0.004286 0.004762
0 0.629643 0.068571 0.002143 0.007619
0 0.616429 0.120952 0.001429 0.009524
2 0.612143 0.142381 0.010000 0.018095
2 0.677143 0.460000 0.015714 0.030476
2 0.698571 0.449524 0.017143 0.034286
2 0.668929 0.397143 0.016429 0.026667
2 0.647857 0.353810 0.021429 0.021905
2 0.684286 0.289524 0.017143 0.022857
2 0.664286 0.258095 0.011429 0.019048
2 0.661071 0.228095 0.010714 0.016190
2 0.660357 0.209048 0.009286 0.014286
2 0.660357 0.193333 0.009286 0.013333
2 0.660357 0.177619 0.009286 0.014286
2 0.720357 0.194762 0.009286 0.016190
2 0.669643 0.109048 0.007857 0.008571
2 0.674643 0.094286 0.006429 0.009524
2 0.664286 0.070000 0.005714 0.008571
2 0.663571 0.059048 0.005714 0.007619
2 0.652500 0.014762 0.005000 0.004762
2 0.665000 0.016667 0.004286 0.006667
2 0.668929 0.025238 0.003571 0.006667
2 0.662857 0.041429 0.004286 0.006667
2 0.662500 0.030476 0.005000 0.007619
2 0.652500 0.025238 0.005000 0.006667
2 0.647143 0.020000 0.004286 0.005714
2 0.694643 0.067143 0.003571 0.006667
2 0.707857 0.016190 0.007143 0.007619
2 0.700714 0.092857 0.005714 0.008571
2 0.760000 0.336667 0.034286 0.025714
0 0.788929 0.320952 0.003571 0.011429
2 0.796786 0.232857 0.013571 0.020000
2 0.808571 0.257143 0.014286 0.015238
2 0.752143 0.181905 0.018571 0.011429
2 0.733571 0.203810 0.007143 0.011429
2 0.753571 0.230952 0.008571 0.018095
0 0.763571 0.200000 0.002857 0.007619
2 0.714643 0.038571 0.005000 0.006667
0 0.825357 0.393810 0.006429 0.029524
2 0.873929 0.347619 0.037857 0.019048
2 0.899643 0.510000 0.049286 0.069524
0 0.823214 0.453333 0.005000 0.020952
0 0.811071 0.456190 0.005000 0.017143
2 0.864643 0.337619 0.046429 0.020000
2 0.901071 0.336190 0.026429 0.019048
2 0.896071 0.330000 0.025000 0.018095
2 0.861429 0.326667 0.035714 0.019048
2 0.944643 0.304286 0.023571 0.020000
2 0.920357 0.347619 0.032143 0.017143
0 0.682500 0.024286 0.002143 0.002857
0 0.692500 0.095714 0.002143 0.004762
0 0.700714 0.123333 0.001429 0.004762
0 0.601786 0.254762 0.003571 0.006667
0 0.736071 0.346190 0.006429 0.010476
0 0.571429 0.585238 0.004286 0.014286