2 0.703250 0.674000 0.050500 0.058667
2 0.628750 0.676333 0.046500 0.050000
2 0.590750 0.677667 0.048500 0.054000
2 0.569250 0.585667 0.048500 0.027333
2 0.571250 0.748667 0.065500 0.037333
2 0.578250 0.785667 0.066500 0.036667
2 0.582250 0.821000 0.064500 0.042000
2 0.493000 0.765667 0.027000 0.070000
2 0.381250 0.854333 0.068500 0.047333
2 0.393750 0.820667 0.068500 0.040000
2 0.409500 0.746333 0.058000 0.040667
2 0.403250 0.713000 0.053500 0.026000
2 0.385000 0.667333 0.046000 0.046667
2 0.304750 0.665667 0.038500 0.046000
2 0.267500 0.655667 0.044000 0.044667
0 0.493750 0.504667 0.006500 0.022667