0 0.166071 0.356667 0.006429 0.014286
0 0.172143 0.352857 0.008571 0.023810
0 0.206071 0.369524 0.010714 0.022857
0 0.219643 0.367143 0.009286 0.025714
0 0.224286 0.545238 0.014286 0.033333
0 0.514286 0.604762 0.011429 0.041905
0 0.526071 0.603333 0.019286 0.042857
0 0.554643 0.632381 0.013571 0.043810
0 0.561071 0.626667 0.010714 0.043810
0 0.870714 0.823810 0.024286 0.060952
0 0.956071 0.796667 0.036429 0.067619
0 0.987143 0.762381 0.024286 0.048571
0 0.751429 0.934762 0.021429 0.060000
0 0.752500 0.930000 0.020714 0.042857
0 0.976071 0.556190 0.022143 0.041905
0 0.911786 0.527143 0.017857 0.037143
2 0.961071 0.386190 0.047857 0.025714
2 0.887857 0.407143 0.047143 0.027619
2 0.851786 0.414762 0.042143 0.031429
2 0.909643 0.422381 0.059286 0.029524
2 0.895000 0.394762 0.051429 0.031429
2 0.848214 0.398095 0.039286 0.022857
2 0.835000 0.384286 0.040000 0.023810
2 0.943929 0.363333 0.022143 0.027619
0 0.992857 0.379524 0.005714 0.023810
0 0.995714 0.378571 0.007143 0.023810
0 0.923571 0.363810 0.007143 0.020952
0 0.930714 0.362857 0.007143 0.019048
0 0.893929 0.367619 0.006429 0.019048
0 0.892500 0.364286 0.009286 0.020000
2 0.897143 0.353333 0.022857 0.022857
2 0.871786 0.353810 0.025000 0.025714
2 0.848214 0.348571 0.022143 0.022857
2 0.821786 0.345714 0.025000 0.026667
2 0.796786 0.346667 0.026429 0.030476
2 0.782500 0.336190 0.026429 0.032381
0 0.854286 0.372381 0.008571 0.013333
0 0.868214 0.378095 0.007857 0.020952
2 0.705714 0.386190 0.045714 0.029524
2 0.649286 0.374762 0.040000 0.023810
2 0.658929 0.363810 0.039286 0.019048
2 0.665714 0.351905 0.032857 0.021905
2 0.619643 0.350476 0.040714 0.020952
0 0.643571 0.460476 0.012857 0.035238
2 0.640000 0.313333 0.025714 0.017143
0 0.643214 0.320476 0.006429 0.018095
2 0.662143 0.295714 0.022857 0.012381
2 0.633571 0.301429 0.024286 0.016190
2 0.631071 0.296667 0.022143 0.018095
0 0.495714 0.505238 0.008571 0.035238
0 0.550357 0.451429 0.009286 0.034286
0 0.412857 0.448571 0.010000 0.028571
0 0.558571 0.420476 0.007143 0.023810
0 0.550000 0.416190 0.007143 0.022857
0 0.544286 0.413810 0.007143 0.020000
2 0.579643 0.300000 0.025000 0.015238
2 0.616071 0.287619 0.019286 0.013333
0 0.570714 0.317143 0.005714 0.017143
0 0.568571 0.315714 0.004286 0.016190
0 0.566786 0.316190 0.003571 0.011429
0 0.560000 0.306667 0.004286 0.009524
2 0.554286 0.316667 0.027143 0.016190
2 0.542857 0.304286 0.028571 0.014286
2 0.513929 0.309524 0.026429 0.015238
2 0.500000 0.305714 0.025714 0.013333
2 0.605357 0.276667 0.016429 0.014286
2 0.595357 0.279524 0.016429 0.014286
2 0.615714 0.287619 0.017143 0.013333
2 0.587857 0.282381 0.012857 0.014286
2 0.575714 0.281429 0.018571 0.018095
2 0.565714 0.282857 0.018571 0.017143
2 0.555357 0.284286 0.019286 0.018095
2 0.551429 0.288571 0.015714 0.017143
2 0.453571 0.286190 0.012857 0.018095
2 0.469286 0.285238 0.018571 0.020000
2 0.450000 0.312381 0.027143 0.013333
2 0.416071 0.309048 0.023571 0.016190
2 0.426071 0.307619 0.022143 0.019048
0 0.409286 0.386667 0.007143 0.020952
0 0.439643 0.386190 0.007857 0.025714
0 0.428929 0.378571 0.006429 0.016190
0 0.375000 0.379048 0.008571 0.020952
0 0.344643 0.441905 0.010714 0.030476
2 0.330714 0.284762 0.015714 0.015238
2 0.321429 0.281905 0.014286 0.013333
2 0.287857 0.281429 0.015714 0.014286
2 0.300000 0.278095 0.015714 0.013333
2 0.278929 0.273810 0.017857 0.012381
2 0.219643 0.260000 0.015000 0.009524
2 0.228571 0.260000 0.014286 0.013333
2 0.194643 0.265238 0.013571 0.012381
2 0.178929 0.269524 0.015000 0.015238
2 0.137500 0.276190 0.017857 0.015238
2 0.162500 0.277143 0.020714 0.015238
2 0.131071 0.257619 0.012143 0.012381
2 0.113214 0.259048 0.013571 0.013333
2 0.107857 0.253810 0.012857 0.012381
2 0.106786 0.242381 0.015000 0.010476
2 0.127500 0.236190 0.010714 0.007619
2 0.148571 0.246190 0.011429 0.010476
2 0.146786 0.240952 0.010714 0.009524
2 0.165714 0.245714 0.011429 0.009524
2 0.171071 0.238095 0.010714 0.009524
2 0.147500 0.231429 0.010714 0.009524
2 0.141071 0.229524 0.007857 0.007619
2 0.137143 0.233810 0.008571 0.008571
2 0.109643 0.226667 0.007857 0.007619
2 0.106071 0.223333 0.007857 0.008571
2 0.092143 0.220952 0.008571 0.007619
2 0.085357 0.218095 0.007857 0.009524