2 0.300000 0.894670 0.038571 0.058376
2 0.357500 0.796320 0.030714 0.054569
2 0.467500 0.778553 0.016429 0.057107
0 0.268571 0.768401 0.007143 0.019036
0 0.501429 0.641497 0.007143 0.021574
2 0.525714 0.562817 0.014286 0.046954
2 0.552500 0.539340 0.012143 0.040609
2 0.503214 0.510152 0.012143 0.032995
2 0.531429 0.473985 0.012857 0.034264
2 0.503214 0.276650 0.010714 0.022843
2 0.530714 0.269036 0.011429 0.025381
2 0.577143 0.169416 0.010000 0.026650
0 0.624286 0.218909 0.004286 0.013959
2 0.949643 0.465736 0.029286 0.025381
2 0.892857 0.427665 0.031429 0.025381
2 0.926786 0.432741 0.033571 0.030457
2 0.960000 0.440355 0.028571 0.022843
2 0.991071 0.446066 0.017857 0.021574
0 0.960714 0.325508 0.005714 0.016497
0 0.678214 0.503173 0.005000 0.019036
0 0.687143 0.444797 0.005714 0.019036
2 0.521786 0.162437 0.010714 0.022843
2 0.531429 0.123731 0.010000 0.019036
2 0.540357 0.095178 0.009286 0.017766
2 0.529286 0.089467 0.008571 0.016497
2 0.546786 0.072335 0.009286 0.015228
2 0.537500 0.063452 0.009286 0.015228
2 0.543571 0.042513 0.008571 0.016497
2 0.553214 0.043782 0.009286 0.016497
2 0.547857 0.019036 0.008571 0.015228
0 0.318571 0.319797 0.004286 0.017766