2 0.197500 0.012857 0.030714 0.025714
2 0.197857 0.036667 0.031429 0.039048
2 0.193929 0.070952 0.036429 0.060000
2 0.201786 0.128095 0.050714 0.058095
0 0.222500 0.074762 0.012143 0.040952
0 0.242143 0.079048 0.015714 0.040000
0 0.267500 0.063810 0.012143 0.022857
0 0.291786 0.158095 0.010714 0.028571
0 0.237857 0.386190 0.021429 0.042857
2 0.185714 0.492857 0.057143 0.138095
2 0.180357 0.658095 0.070714 0.173333
2 0.165000 0.903810 0.087143 0.190476
2 0.483929 0.796667 0.099286 0.223810
2 0.501429 0.428095 0.074286 0.122857
2 0.355357 0.229048 0.045000 0.088571
0 0.530000 0.230476 0.011429 0.028571
2 0.456429 0.110476 0.045714 0.057143
2 0.514286 0.145238 0.050000 0.060000
2 0.331071 0.066667 0.036429 0.064762
2 0.476786 0.067619 0.036429 0.053333
0 0.440357 0.017619 0.009286 0.025714
2 0.489643 0.010000 0.036429 0.020000
2 0.535357 0.093810 0.046429 0.048571
2 0.629286 0.024286 0.048571 0.048571
2 0.606071 0.208571 0.075000 0.064762
2 0.693571 0.166667 0.085714 0.059048
2 0.684643 0.267143 0.076429 0.090476
2 0.632500 0.287143 0.062143 0.086667
2 0.736071 0.194286 0.092143 0.062857
2 0.756786 0.363810 0.086429 0.097143
2 0.703214 0.433333 0.090714 0.116190
2 0.747857 0.814286 0.132857 0.201905
0 0.825357 0.770952 0.019286 0.046667
2 0.878214 0.764286 0.139286 0.202857
2 0.971786 0.679048 0.052143 0.129524