2 0.517500 0.592857 0.067857 0.050476
2 0.563214 0.480476 0.065000 0.050476
2 0.650357 0.749048 0.046429 0.098095
2 0.792500 0.696667 0.045000 0.094286
2 0.762143 0.883333 0.055714 0.107619
2 0.879286 0.835714 0.065714 0.107619
2 0.954643 0.808571 0.066429 0.108571
2 0.978929 0.787619 0.042143 0.099048
2 0.843571 0.673810 0.044286 0.090476
2 0.928929 0.640000 0.037857 0.087619
2 0.977500 0.627619 0.040714 0.087619
2 0.738571 0.580952 0.062857 0.047619
2 0.815357 0.550952 0.069286 0.054286
2 0.765000 0.504762 0.060000 0.047619
2 0.830357 0.480000 0.063571 0.045714
2 0.756786 0.414286 0.062143 0.051429
2 0.875714 0.376667 0.055714 0.050476
2 0.935714 0.356667 0.064286 0.046667
2 0.889643 0.525714 0.069286 0.053333
2 0.956429 0.499048 0.064286 0.045714