2 0.308571 0.152857 0.018571 0.010476
2 0.343214 0.147619 0.009286 0.011429
2 0.353929 0.146190 0.009286 0.012381
2 0.366786 0.148571 0.010714 0.013333
2 0.379643 0.149048 0.012143 0.012381
2 0.392500 0.149524 0.012143 0.011429
2 0.440000 0.270000 0.028571 0.020000
2 0.328571 0.313810 0.034286 0.016190
2 0.314643 0.147619 0.022143 0.011429
2 0.352143 0.266190 0.027143 0.012381
2 0.348571 0.274762 0.028571 0.012381
2 0.442857 0.262381 0.027143 0.014286
2 0.331786 0.300000 0.029286 0.013333
2 0.337143 0.291905 0.031429 0.014286
2 0.341786 0.282857 0.027857 0.013333
2 0.270000 0.323333 0.032857 0.016190
2 0.271429 0.307143 0.030000 0.016190
2 0.285357 0.289048 0.027857 0.014286
2 0.293929 0.271905 0.029286 0.014286
2 0.305357 0.256667 0.029286 0.016190
2 0.311071 0.248571 0.027857 0.015238
2 0.268571 0.202381 0.025714 0.012381
2 0.239286 0.200000 0.022857 0.013333
2 0.340000 0.256667 0.027143 0.016190
2 0.375357 0.240000 0.026429 0.013333
2 0.346071 0.193810 0.013571 0.014286
2 0.326786 0.188571 0.016429 0.019048
0 0.461429 0.315238 0.004286 0.007619
0 0.357857 0.579524 0.005714 0.014286
0 0.267500 0.610000 0.012143 0.018095
2 0.266786 0.435238 0.039286 0.020952
2 0.273929 0.416190 0.040714 0.020952
2 0.279643 0.401905 0.037857 0.019048
2 0.287143 0.388571 0.037143 0.019048
2 0.295357 0.375238 0.035000 0.017143
2 0.226429 0.385238 0.044286 0.016190
2 0.196786 0.429048 0.037857 0.020000
2 0.232857 0.370000 0.037143 0.016190
2 0.167500 0.389048 0.023571 0.031429
2 0.146071 0.416190 0.029286 0.036190
0 0.120714 0.475714 0.010000 0.021905
2 0.129643 0.890476 0.070714 0.099048
2 0.524643 0.027143 0.005000 0.006667
0 0.480714 0.267143 0.004286 0.010476
0 0.557500 0.475714 0.006429 0.010476
0 0.605357 0.437143 0.006429 0.011429
0 0.475000 0.585714 0.007143 0.019048
0 0.491429 0.581429 0.004286 0.016190
0 0.484286 0.507619 0.004286 0.013333
2 0.668571 0.023810 0.007143 0.007619
0 0.672143 0.018571 0.002857 0.004762
0 0.831786 0.184286 0.003571 0.014286
2 0.691429 0.002381 0.004286 0.004762
2 0.766786 0.040476 0.007857 0.008571
2 0.775714 0.094762 0.012857 0.010476
2 0.779286 0.087143 0.017143 0.008571
2 0.838929 0.086667 0.013571 0.009524
2 0.838929 0.147619 0.009286 0.013333
2 0.854643 0.127143 0.016429 0.012381
2 0.886071 0.124762 0.017857 0.011429
2 0.901786 0.111905 0.017857 0.014286
2 0.909286 0.121905 0.018571 0.013333
2 0.846429 0.172857 0.022857 0.012381
2 0.854286 0.148571 0.011429 0.015238
0 0.796071 0.120952 0.003571 0.007619
0 0.802857 0.129524 0.002857 0.009524
0 0.806429 0.134286 0.002857 0.009524
0 0.775357 0.152381 0.003571 0.009524
2 0.699643 0.009048 0.009286 0.008571
2 0.924643 0.219048 0.013571 0.017143
2 0.912143 0.221429 0.011429 0.020000
2 0.937857 0.220952 0.017143 0.022857
2 0.967857 0.303810 0.028571 0.028571
2 0.986071 0.257619 0.022143 0.018095
2 0.966786 0.255238 0.022143 0.019048
2 0.982143 0.270476 0.024286 0.026667
2 0.990000 0.305238 0.020000 0.020000
2 0.994643 0.271905 0.010714 0.020000
2 0.986786 0.224762 0.022143 0.020952