2 0.516786 0.212563 0.015000 0.034264
2 0.500357 0.164975 0.013571 0.027919
2 0.522857 0.147208 0.010000 0.025381
2 0.542857 0.105964 0.014286 0.024112
2 0.554286 0.032360 0.015714 0.024112
2 0.532143 0.036802 0.011429 0.017766
2 0.589286 0.015228 0.011429 0.022843
2 0.602857 0.269036 0.015714 0.038071
2 0.484643 0.267132 0.015000 0.036802
2 0.408929 0.741117 0.027857 0.068528
2 0.360357 0.777919 0.036429 0.076142
2 0.714643 0.464467 0.030714 0.050761
0 0.652143 0.164975 0.004286 0.020305
0 0.600357 0.034898 0.003571 0.013959