2 0.307250 0.240000 0.036500 0.022667
2 0.394500 0.244667 0.037000 0.022667
2 0.452750 0.178000 0.018500 0.041333
0 0.498750 0.095333 0.003500 0.014667
0 0.072250 0.311333 0.006500 0.008000
2 0.192750 0.345667 0.042500 0.023333
2 0.411750 0.581000 0.043500 0.046000
0 0.547000 0.581667 0.004000 0.010000
2 0.755750 0.582333 0.024500 0.058000
0 0.855000 0.578333 0.011000 0.008667
0 0.861000 0.592667 0.013000 0.008000
2 0.884250 0.561667 0.028500 0.050000
2 0.061000 0.733000 0.032000 0.070000
2 0.138500 0.734667 0.031000 0.070667
2 0.216750 0.729000 0.027500 0.068667
2 0.320000 0.735000 0.025000 0.067333
2 0.345250 0.741333 0.024500 0.070667
2 0.376250 0.738333 0.024500 0.059333
2 0.416250 0.738333 0.026500 0.076667
2 0.646500 0.722000 0.028000 0.069333
2 0.702500 0.724667 0.031000 0.068000
2 0.734000 0.730667 0.027000 0.058667
2 0.808750 0.716667 0.038500 0.072000
2 0.844750 0.716000 0.043500 0.062667
2 0.929500 0.708333 0.032000 0.066000
2 0.988500 0.687333 0.023000 0.072000
2 0.711500 0.805667 0.059000 0.042000
2 0.506250 0.937333 0.024500 0.085333
2 0.543500 0.947333 0.026000 0.089333
2 0.638750 0.928333 0.028500 0.088667