2 0.463929 0.876904 0.046429 0.111675
2 0.369643 0.809010 0.035000 0.079949
2 0.542143 0.945431 0.058571 0.106599
2 0.503929 0.689086 0.025000 0.048223
2 0.431786 0.622462 0.032143 0.067259
2 0.373929 0.569162 0.026429 0.062183
2 0.254643 0.409264 0.023571 0.046954
2 0.336071 0.342640 0.022143 0.038071
2 0.316429 0.288706 0.020000 0.044416
2 0.297500 0.296954 0.017857 0.043147
2 0.276786 0.242386 0.016429 0.025381
2 0.217857 0.218274 0.014286 0.025381
2 0.253571 0.145939 0.012857 0.027919
2 0.234643 0.081218 0.010714 0.022843
2 0.207857 0.093909 0.012857 0.022843
2 0.191071 0.059645 0.010714 0.017766
2 0.172143 0.082487 0.015714 0.015228
2 0.213214 0.371193 0.013571 0.026650
2 0.217143 0.399112 0.015714 0.029188
2 0.221429 0.428299 0.014286 0.029188
2 0.226786 0.456853 0.013571 0.025381
0 0.225714 0.684010 0.008571 0.027919
0 0.216786 0.737310 0.007857 0.025381
0 0.212500 0.728426 0.006429 0.020305
0 0.241071 0.795051 0.007857 0.021574
0 0.234643 0.798858 0.007857 0.026650
2 0.517857 0.750635 0.024286 0.059645
0 0.459643 0.314086 0.006429 0.013959
0 0.380000 0.186548 0.005714 0.015228
0 0.355357 0.190990 0.007857 0.016497
0 0.360714 0.241751 0.005714 0.016497
0 0.379643 0.236675 0.005000 0.016497
0 0.348214 0.262056 0.006429 0.016497
0 0.341786 0.250000 0.006429 0.022843
0 0.351429 0.251904 0.008571 0.019036