2 0.243250 0.926000 0.064500 0.148000
2 0.235750 0.616333 0.068500 0.091333
2 0.729500 0.676333 0.073000 0.122000
2 0.669000 0.562667 0.054000 0.082667
0 0.750250 0.673333 0.015500 0.048000
2 0.782000 0.560667 0.074000 0.068000
2 0.898500 0.327667 0.037000 0.040667
2 0.791750 0.296667 0.030500 0.046667
2 0.748000 0.281333 0.033000 0.045333
2 0.796250 0.211333 0.044500 0.033333
2 0.734500 0.176667 0.048000 0.032000
2 0.664250 0.149667 0.043500 0.026000
2 0.582500 0.169333 0.046000 0.024000
2 0.603500 0.131667 0.034000 0.024667
2 0.579000 0.114000 0.024000 0.025333
2 0.568000 0.073000 0.017000 0.023333
2 0.567500 0.046667 0.014000 0.017333
2 0.567000 0.027333 0.013000 0.018667
2 0.418250 0.064333 0.016500 0.020667
2 0.409000 0.097667 0.021000 0.026000
2 0.392250 0.112667 0.024500 0.026667
2 0.357250 0.129333 0.040500 0.028000
2 0.316500 0.142333 0.036000 0.030000
2 0.297250 0.179667 0.044500 0.039333
2 0.189000 0.191667 0.046000 0.035333
2 0.235250 0.617000 0.067500 0.094000
0 0.185750 0.471667 0.015500 0.027333
0 0.126000 0.185000 0.008000 0.022000
0 0.548750 0.022333 0.005500 0.012667