2 0.236429 0.054762 0.018571 0.040952
2 0.276071 0.058571 0.017857 0.042857
2 0.336071 0.098095 0.016429 0.043810
2 0.292857 0.097143 0.017143 0.045714
2 0.214643 0.095238 0.016429 0.040000
2 0.193214 0.093810 0.016429 0.035238
2 0.300357 0.173810 0.035000 0.023810
2 0.300000 0.196667 0.038571 0.023810
2 0.298214 0.220476 0.039286 0.025714
2 0.300357 0.249048 0.036429 0.023810
2 0.295357 0.273333 0.040714 0.022857
2 0.297143 0.302857 0.038571 0.024762
2 0.294643 0.332381 0.043571 0.024762
2 0.439286 0.057619 0.012857 0.040952
2 0.478571 0.055238 0.012857 0.038095
2 0.497500 0.057143 0.015000 0.038095
2 0.497500 0.094762 0.013571 0.039048
2 0.517143 0.096190 0.014286 0.038095
2 0.578571 0.102857 0.015714 0.040000
2 0.577143 0.059048 0.014286 0.045714
2 0.558214 0.055238 0.016429 0.040000
2 0.517857 0.050476 0.015714 0.043810
2 0.457857 0.098571 0.015714 0.042857
2 0.437143 0.101905 0.015714 0.040000
2 0.469643 0.176190 0.036429 0.024762
2 0.465357 0.199524 0.039286 0.027619
2 0.465357 0.226190 0.037857 0.023810
2 0.462143 0.250000 0.038571 0.027619
2 0.464643 0.273333 0.040714 0.026667
2 0.465714 0.300000 0.038571 0.024762
2 0.047143 0.543810 0.048571 0.024762
0 0.168929 0.410952 0.007857 0.016190
0 0.295714 0.426667 0.007143 0.009524
2 0.583571 0.536667 0.041429 0.025714
2 0.671786 0.385714 0.043571 0.028571
0 0.773214 0.509524 0.007857 0.011429
0 0.988571 0.495714 0.007143 0.012381