2 0.605357 0.875635 0.027857 0.091371
2 0.485000 0.517766 0.037143 0.038071
2 0.487500 0.494924 0.032143 0.027919
2 0.479286 0.450508 0.034286 0.040609
2 0.476429 0.432107 0.032857 0.029188
2 0.468214 0.415609 0.033571 0.034264
2 0.447143 0.360406 0.032857 0.043147
2 0.441071 0.350254 0.026429 0.030457
2 0.352857 0.618655 0.037143 0.046954
2 0.363929 0.597081 0.035000 0.044416
2 0.382143 0.464467 0.035714 0.038071
2 0.365714 0.393401 0.030000 0.045685
2 0.409643 0.321066 0.023571 0.038071
2 0.612500 0.087563 0.012143 0.022843