2 0.327857 0.159264 0.028571 0.024112
2 0.368929 0.250635 0.016429 0.026650
2 0.378929 0.288706 0.019286 0.039340
2 0.497143 0.055203 0.010000 0.026650
2 0.763214 0.718909 0.052143 0.039340
2 0.527143 0.032995 0.010000 0.030457
2 0.371429 0.383249 0.014286 0.035533
2 0.371071 0.341371 0.015000 0.035533
2 0.377143 0.502538 0.014286 0.038071
2 0.381786 0.640863 0.016429 0.043147
0 0.545714 0.039340 0.004286 0.017766
0 0.546786 0.020305 0.003571 0.012690
0 0.541429 0.052030 0.004286 0.015228
0 0.600714 0.462563 0.005714 0.021574
0 0.589643 0.498096 0.006429 0.024112
0 0.600714 0.590102 0.005714 0.027919
0 0.810357 0.718274 0.009286 0.020305