2 0.564750 0.548000 0.096500 0.066667
2 0.790000 0.562000 0.070000 0.073333
2 0.070500 0.474000 0.095000 0.042667
2 0.245500 0.459333 0.076000 0.036000
2 0.274750 0.438333 0.068500 0.030000
2 0.357500 0.453667 0.068000 0.036667
2 0.371250 0.428667 0.053500 0.032000
2 0.295750 0.514667 0.107500 0.060000
2 0.849750 0.440667 0.068500 0.034667
2 0.853750 0.429333 0.065500 0.026667
2 0.862250 0.397667 0.048500 0.026000
2 0.874500 0.387000 0.045000 0.030000
2 0.840500 0.361667 0.016000 0.018000
2 0.829000 0.354000 0.012000 0.016000
2 0.896750 0.353000 0.016500 0.016667
2 0.899500 0.347333 0.017000 0.014667
2 0.897000 0.342667 0.024000 0.014667
2 0.910000 0.339000 0.010000 0.010000
2 0.899250 0.330000 0.008500 0.010667
2 0.913000 0.333000 0.011000 0.010000
2 0.914250 0.329000 0.008500 0.011333
2 0.892500 0.313333 0.006000 0.005333
0 0.880750 0.334667 0.004500 0.009333
0 0.869500 0.337333 0.005000 0.006667
0 0.777750 0.425333 0.011500 0.026667
0 0.622000 0.375000 0.007000 0.012667
0 0.248250 0.489667 0.015500 0.039333
2 0.741000 0.337333 0.013000 0.009333
2 0.649750 0.362000 0.022500 0.016000
0 0.813250 0.420667 0.007500 0.030667
2 0.772000 0.333000 0.011000 0.008667
2 0.759500 0.335000 0.013000 0.011333
2 0.781000 0.330000 0.009000 0.009333
2 0.784750 0.328333 0.007500 0.010000
2 0.791000 0.326667 0.008000 0.009333
2 0.803750 0.322000 0.013500 0.009333
2 0.816750 0.320000 0.006500 0.009333
2 0.644500 0.343333 0.021000 0.013333
2 0.594500 0.375667 0.028000 0.019333
0 0.565250 0.383333 0.007500 0.024000
0 0.483250 0.385667 0.005500 0.018000
0 0.487000 0.382000 0.007000 0.021333
0 0.507750 0.379000 0.005500 0.018000
2 0.714000 0.338333 0.013000 0.010000
0 0.709250 0.339333 0.005500 0.013333
2 0.528750 0.392000 0.034500 0.022667
0 0.539750 0.399667 0.005500 0.018000
0 0.545250 0.401333 0.007500 0.018667