0 0.236429 0.435714 0.015714 0.048571
0 0.254286 0.437619 0.011429 0.042857
0 0.262500 0.438095 0.012143 0.045714
0 0.481071 0.354762 0.007857 0.023810
0 0.496071 0.362381 0.007857 0.023810
0 0.516429 0.356190 0.007143 0.026667
0 0.520000 0.358571 0.005714 0.023810
0 0.529286 0.354286 0.007143 0.024762
0 0.541786 0.325238 0.005000 0.018095
0 0.535357 0.471429 0.015000 0.047619
0 0.574643 0.463810 0.009286 0.043810
0 0.590714 0.463810 0.008571 0.043810
0 0.608571 0.523810 0.011429 0.053333
0 0.625000 0.510000 0.012857 0.058095
0 0.652857 0.524286 0.015714 0.054286
0 0.678214 0.540000 0.015000 0.055238
0 0.668571 0.508095 0.010000 0.046667
0 0.677857 0.508095 0.012857 0.042857
0 0.658929 0.499048 0.012143 0.049524
0 0.654286 0.481429 0.014286 0.046667
0 0.662857 0.471905 0.008571 0.048571
0 0.639643 0.443333 0.016429 0.037143
2 0.521786 0.309048 0.030714 0.016190
2 0.456071 0.297619 0.027857 0.012381