0 0.169885 0.404453 0.008873 0.022263
0 0.176148 0.398887 0.008873 0.014842
2 0.357777 0.410946 0.046451 0.037106
0 0.382307 0.460575 0.008873 0.021336
0 0.620303 0.334416 0.007829 0.025046
0 0.539405 0.341837 0.008873 0.026902
0 0.511743 0.349722 0.006785 0.027829
0 0.554280 0.394712 0.007307 0.025046
0 0.485125 0.402597 0.009916 0.020408
0 0.456681 0.365492 0.008351 0.027829
0 0.451722 0.356215 0.006785 0.029685
0 0.445981 0.343228 0.006785 0.022263
0 0.437370 0.470315 0.009395 0.022263
0 0.439979 0.459184 0.009395 0.022263
0 0.474426 0.506957 0.007307 0.032468
0 0.493215 0.581169 0.008351 0.038033
0 0.505480 0.626160 0.012004 0.042672
0 0.438152 0.711967 0.015136 0.025046
0 0.418841 0.849722 0.015136 0.050093
0 0.397443 0.871058 0.012004 0.046382
0 0.292797 0.724954 0.016701 0.026902
0 0.723121 0.393785 0.006785 0.026902
2 0.716336 0.352041 0.040188 0.028757
0 0.982777 0.330705 0.008351 0.025046
0 0.733559 0.312616 0.005741 0.012987
0 0.731994 0.303803 0.006785 0.019481
0 0.735125 0.320965 0.005741 0.016698
0 0.738779 0.314935 0.004697 0.013915
0 0.750000 0.314007 0.005219 0.019481