0 0.401879 0.706865 0.009395 0.037106
0 0.388309 0.689239 0.011482 0.022263
0 0.401096 0.690631 0.009916 0.034323
0 0.396921 0.678108 0.010960 0.027829
0 0.407359 0.685993 0.007829 0.038033
2 0.421973 0.658163 0.029749 0.045455
2 0.424582 0.627087 0.017223 0.035250
0 0.399269 0.644712 0.008351 0.033395
0 0.460334 0.504174 0.005219 0.023191
2 0.522704 0.503711 0.017223 0.035250
0 0.481211 0.401670 0.004175 0.020408
2 0.520877 0.423933 0.013570 0.022263
0 0.486169 0.301020 0.002610 0.008349
2 0.496868 0.252783 0.004175 0.006494
0 0.510699 0.270408 0.002610 0.004638
2 0.513048 0.263915 0.004175 0.010204
2 0.510960 0.258813 0.005219 0.007421
2 0.513048 0.251855 0.004175 0.010204
2 0.922495 0.505102 0.027662 0.028757
0 0.774269 0.506494 0.008873 0.022263
0 0.907620 0.521336 0.007307 0.011132
0 0.574374 0.603896 0.009916 0.025974