2 0.054286 0.133810 0.034286 0.063810
2 0.094643 0.130000 0.033571 0.073333
2 0.044286 0.332381 0.067143 0.060952
2 0.122143 0.337143 0.055714 0.041905
2 0.199643 0.354762 0.069286 0.044762
0 0.266071 0.350476 0.017857 0.020952
0 0.385357 0.320952 0.007857 0.022857
0 0.393929 0.336667 0.007857 0.018095
0 0.401786 0.320952 0.009286 0.020952
0 0.415357 0.317619 0.007857 0.020000
0 0.441429 0.320476 0.011429 0.021905
0 0.447500 0.311905 0.009286 0.020000
0 0.453929 0.321429 0.007857 0.021905
0 0.477143 0.303810 0.011429 0.030476
0 0.453929 0.348571 0.012143 0.022857
0 0.579643 0.244762 0.009286 0.026667
0 0.584643 0.259524 0.009286 0.020000
0 0.641786 0.201429 0.007857 0.027619
0 0.717500 0.216667 0.010714 0.014286
0 0.762500 0.230476 0.012143 0.020952
0 0.918571 0.149524 0.018571 0.022857
0 0.890714 0.160476 0.017143 0.021905
0 0.818214 0.201429 0.010714 0.023810
0 0.831786 0.210000 0.013571 0.021905
2 0.861786 0.290476 0.066429 0.047619
0 0.836429 0.352857 0.010000 0.021905
0 0.815000 0.395714 0.012857 0.016190
0 0.717143 0.415714 0.014286 0.014286
0 0.664286 0.463333 0.011429 0.020000
0 0.647857 0.598095 0.012857 0.015238
0 0.621071 0.631429 0.009286 0.019048
0 0.630000 0.625238 0.010000 0.010476
2 0.502500 0.563810 0.046429 0.093333
0 0.065357 0.592381 0.019286 0.015238
0 0.062143 0.620000 0.011429 0.015238
0 0.197857 0.572381 0.017143 0.015238
0 0.338929 0.549048 0.013571 0.018095
0 0.315357 0.621429 0.012143 0.012381
0 0.397857 0.610000 0.011429 0.018095
0 0.304643 0.840476 0.012143 0.012381
0 0.298214 0.886190 0.016429 0.014286
0 0.385357 0.852857 0.012143 0.016190
2 0.485714 0.837143 0.040000 0.129524
2 0.544643 0.844762 0.040714 0.120000
2 0.606786 0.960476 0.046429 0.077143