2 0.519572 0.615492 0.020355 0.056586
2 0.551670 0.558442 0.016701 0.038961
2 0.533664 0.502319 0.014092 0.039889
2 0.556628 0.390074 0.010960 0.019481
2 0.538361 0.386364 0.009916 0.021336
2 0.523747 0.382653 0.009916 0.021336
2 0.557933 0.351113 0.008351 0.015770
2 0.494520 0.339518 0.007829 0.012987
2 0.478340 0.341837 0.009916 0.021336
2 0.558194 0.294527 0.006785 0.010204
2 0.543058 0.313544 0.006785 0.018553
2 0.546190 0.296382 0.005741 0.013915
2 0.545407 0.271800 0.005219 0.011132
2 0.556889 0.269017 0.005219 0.011132
2 0.544885 0.258349 0.004175 0.010204
2 0.554280 0.257885 0.006263 0.009276
2 0.549322 0.237941 0.002610 0.010204
2 0.554541 0.229592 0.006785 0.010204
2 0.545929 0.230056 0.006263 0.005566
0 0.403967 0.721243 0.006263 0.012059
0 0.753914 0.623840 0.007829 0.015770
0 0.776618 0.687384 0.009395 0.012987
0 0.748173 0.642857 0.007829 0.016698
0 0.670929 0.448980 0.004697 0.014842
0 0.718163 0.541280 0.004175 0.010204
2 0.489040 0.308905 0.010438 0.016698
2 0.493737 0.295455 0.008351 0.010204
0 0.504175 0.318646 0.003132 0.002783
0 0.509656 0.316790 0.003653 0.006494
0 0.507568 0.301484 0.003653 0.011132
2 0.502610 0.242115 0.007307 0.007421
2 0.503653 0.237941 0.009395 0.006494