2 0.222857 0.460476 0.061429 0.140000
2 0.402143 0.533333 0.051429 0.146667
2 0.347500 0.235714 0.052143 0.141905
0 0.336786 0.507619 0.017857 0.024762
0 0.315000 0.558095 0.018571 0.026667
0 0.315000 0.491905 0.020000 0.025714
2 0.388929 0.725714 0.059286 0.161905
0 0.269643 0.950476 0.027857 0.030476
0 0.170000 0.438571 0.028571 0.021905
0 0.866429 0.644286 0.027143 0.025714
0 0.883214 0.530000 0.026429 0.027619
0 0.878571 0.493333 0.030000 0.026667
0 0.860357 0.514286 0.026429 0.022857
0 0.830357 0.477619 0.023571 0.033333
0 0.632500 0.523810 0.017857 0.026667
2 0.645000 0.244286 0.052857 0.124762
0 0.470000 0.479048 0.018571 0.038095
2 0.434643 0.041905 0.042143 0.083810