2 0.519311 0.943414 0.061587 0.050093
2 0.583246 0.919295 0.058977 0.050093
2 0.582985 0.872449 0.059499 0.051020
2 0.584551 0.696197 0.021921 0.051020
2 0.639614 0.699443 0.022443 0.061224
2 0.665449 0.700835 0.025052 0.060297
2 0.725470 0.711039 0.030271 0.054731
2 0.351253 0.519481 0.019833 0.037106
2 0.370303 0.464750 0.015136 0.031540
2 0.389875 0.412338 0.015658 0.028757
0 0.567589 0.720779 0.006785 0.029685
0 0.553236 0.703618 0.005219 0.015770
0 0.566545 0.714750 0.003653 0.012059
2 0.532098 0.566327 0.037056 0.030612
2 0.537056 0.543135 0.033403 0.028757
2 0.532881 0.525974 0.032359 0.025974
2 0.559238 0.314007 0.009916 0.023191
2 0.729123 0.474026 0.024008 0.020408
2 0.743737 0.500464 0.030271 0.021336
2 0.751566 0.533395 0.034447 0.027829
2 0.760438 0.555659 0.036534 0.027829