2 0.285714 0.729695 0.024286 0.063452
2 0.276071 0.449873 0.020714 0.044416
2 0.441071 0.193528 0.023571 0.026650
2 0.465000 0.170685 0.022857 0.029188
0 0.323214 0.137690 0.005000 0.019036
0 0.329286 0.128807 0.004286 0.016497
0 0.340714 0.143401 0.004286 0.017766
0 0.342857 0.123731 0.004286 0.019036
2 0.857857 0.076142 0.011429 0.025381
2 0.842857 0.086294 0.011429 0.027919
2 0.858214 0.117386 0.012143 0.029188
0 0.948571 0.217005 0.007143 0.017766
2 0.737500 0.526650 0.017857 0.050761
2 0.687143 0.868655 0.024286 0.059645