2 0.572143 0.550000 0.002857 0.002857
2 0.556786 0.554762 0.002143 0.002857
2 0.558571 0.564762 0.002857 0.003810
2 0.578571 0.555714 0.002857 0.002857
2 0.595714 0.584286 0.004286 0.004762
2 0.588214 0.587619 0.003571 0.005714
2 0.584286 0.595238 0.004286 0.005714
2 0.598929 0.570952 0.003571 0.002857
2 0.523571 0.632381 0.007143 0.007619
2 0.572857 0.680000 0.008571 0.011429
2 0.585714 0.691905 0.010000 0.012381
0 0.543214 0.723810 0.003571 0.005714
0 0.373571 0.910000 0.008571 0.021905
2 0.412500 0.894762 0.030714 0.046667
2 0.435000 0.935238 0.031429 0.055238
2 0.481786 0.937143 0.027857 0.051429
2 0.496071 0.886667 0.023571 0.041905
2 0.468214 0.880476 0.023571 0.039048
2 0.397500 0.862857 0.027857 0.032381
2 0.423571 0.827143 0.022857 0.033333
2 0.442857 0.835714 0.022857 0.033333
2 0.462143 0.798571 0.018571 0.027619
2 0.444286 0.792381 0.020000 0.028571
2 0.457857 0.770000 0.017143 0.021905
2 0.475714 0.767619 0.014286 0.020952