2 0.087143 0.089524 0.042857 0.064762
2 0.076071 0.150476 0.047857 0.072381
2 0.047500 0.314286 0.056429 0.102857
2 0.113214 0.344762 0.057857 0.112381
2 0.221786 0.264286 0.046429 0.101905
0 0.262857 0.267143 0.020000 0.056190
0 0.255714 0.126190 0.018571 0.039048
0 0.265714 0.115714 0.017143 0.040952
2 0.030000 0.449048 0.060000 0.128571
2 0.353929 0.197619 0.043571 0.079048
2 0.435714 0.108571 0.041429 0.059048
2 0.472857 0.098571 0.038571 0.056190
2 0.535357 0.030000 0.067857 0.039048
2 0.563571 0.060000 0.065714 0.051429
2 0.534643 0.328095 0.065000 0.096190
2 0.482500 0.442857 0.056429 0.116190
2 0.622500 0.396190 0.067857 0.100952
2 0.658929 0.330952 0.072143 0.109524
2 0.652500 0.178095 0.076429 0.059048
2 0.678571 0.216667 0.078571 0.056190
2 0.845714 0.511905 0.114286 0.149524
2 0.707143 0.765238 0.120000 0.195238
2 0.577143 0.666190 0.081429 0.159048
0 0.571786 0.796667 0.023571 0.054286
2 0.023214 0.585714 0.046429 0.123810
2 0.015357 0.741905 0.030714 0.194286
2 0.012857 0.932381 0.025714 0.131429
0 0.879643 0.670476 0.026429 0.036190
2 0.687857 0.941905 0.105714 0.116190
2 0.798571 0.970476 0.098571 0.057143