2 0.522143 0.803333 0.072857 0.155238
2 0.612143 0.541905 0.030000 0.038095
2 0.646071 0.440952 0.026429 0.034286
2 0.053929 0.424762 0.035000 0.019048
2 0.018214 0.450476 0.033571 0.020952
2 0.032143 0.452381 0.030000 0.020952
2 0.045000 0.451429 0.028571 0.022857
2 0.065714 0.495714 0.047143 0.029524
2 0.086071 0.496667 0.035000 0.027619
2 0.105357 0.497143 0.035000 0.024762
2 0.126786 0.506190 0.042143 0.039048
2 0.090357 0.453810 0.037857 0.027619
2 0.108214 0.454762 0.036429 0.023810
2 0.128929 0.458571 0.036429 0.031429
2 0.170357 0.463333 0.046429 0.031429
2 0.083214 0.434762 0.035000 0.021905
2 0.117857 0.437619 0.028571 0.016190
2 0.400714 0.560476 0.044286 0.044762
2 0.495714 0.472381 0.018571 0.022857
0 0.412500 0.499048 0.009286 0.022857
0 0.401429 0.516667 0.010000 0.027619
0 0.362143 0.518095 0.014286 0.022857
2 0.325714 0.515238 0.028571 0.028571
2 0.343571 0.473810 0.032857 0.027619
2 0.391071 0.475714 0.016429 0.031429
2 0.318571 0.450952 0.034286 0.018095
2 0.321071 0.467143 0.026429 0.025714
0 0.400357 0.431429 0.006429 0.019048
0 0.435000 0.414762 0.004286 0.014286
0 0.460714 0.473333 0.008571 0.017143
0 0.453929 0.401905 0.005000 0.015238
0 0.483214 0.386190 0.005000 0.016190
0 0.486071 0.384762 0.003571 0.013333
2 0.486429 0.419048 0.034286 0.015238
2 0.486429 0.413333 0.034286 0.017143
2 0.494286 0.407143 0.025714 0.018095
0 0.470714 0.407619 0.007143 0.019048
2 0.512857 0.396667 0.025714 0.018095
2 0.541071 0.381905 0.026429 0.017143
2 0.532857 0.389048 0.025714 0.016190
0 0.566786 0.342857 0.003571 0.011429
0 0.546071 0.346667 0.005000 0.013333
2 0.635357 0.396667 0.015000 0.020000
2 0.637143 0.384286 0.014286 0.014286
2 0.644286 0.380952 0.011429 0.017143
2 0.649643 0.364762 0.012143 0.015238
2 0.655357 0.358571 0.009286 0.016190
2 0.657143 0.352381 0.011429 0.013333
2 0.661429 0.350476 0.008571 0.009524
2 0.676429 0.330952 0.007143 0.008571
0 0.716786 0.473810 0.010714 0.027619
0 0.622500 0.457143 0.007857 0.017143
0 0.475357 0.455714 0.007857 0.020000
0 0.478214 0.481429 0.006429 0.018095
2 0.957500 0.654286 0.066429 0.068571
2 0.920357 0.600000 0.059286 0.053333
2 0.892500 0.552857 0.050714 0.046667
2 0.871071 0.510952 0.053571 0.050476