2 0.283500 0.862000 0.158000 0.096000
2 0.438500 0.857000 0.129000 0.123333
0 0.732500 0.917333 0.026000 0.046667
2 0.832250 0.905000 0.092500 0.190000
0 0.908750 0.903667 0.040500 0.031333
0 0.982750 0.936000 0.033500 0.029333
0 0.961250 0.784667 0.039500 0.022667
2 0.850500 0.728333 0.137000 0.084667
2 0.893250 0.635667 0.148500 0.082000
2 0.939750 0.536333 0.118500 0.088667
2 0.820750 0.523333 0.079500 0.137333
2 0.738500 0.532000 0.089000 0.142667
0 0.681000 0.553333 0.027000 0.026667
0 0.705750 0.433667 0.027500 0.036667
0 0.518000 0.086333 0.012000 0.034000
0 0.042500 0.076667 0.040000 0.048000
0 0.052250 0.023000 0.025500 0.044667
0 0.223250 0.066000 0.022500 0.044000
0 0.139750 0.126667 0.026500 0.040000
0 0.153000 0.104667 0.021000 0.037333
0 0.216250 0.114667 0.019500 0.036000
0 0.282000 0.032333 0.022000 0.051333
0 0.280000 0.019333 0.018000 0.037333
0 0.322750 0.077333 0.015500 0.049333
0 0.316750 0.069667 0.011500 0.016667
0 0.318500 0.125667 0.010000 0.035333
0 0.354500 0.097667 0.025000 0.042000
0 0.364500 0.020333 0.016000 0.040667
0 0.380750 0.146333 0.014500 0.042000
0 0.440000 0.128667 0.016000 0.037333
0 0.414000 0.196667 0.014000 0.038667
0 0.479250 0.092667 0.014500 0.037333
0 0.551750 0.182000 0.019500 0.033333
0 0.515750 0.195667 0.018500 0.039333
0 0.478250 0.204667 0.008500 0.022667
0 0.490000 0.214000 0.014000 0.033333
0 0.601750 0.167667 0.012500 0.044667
0 0.622000 0.179667 0.013000 0.032667
0 0.632250 0.179333 0.013500 0.038667
0 0.589500 0.553333 0.017000 0.028000
0 0.668250 0.606667 0.021500 0.020000
0 0.643000 0.609667 0.023000 0.026000
2 0.750500 0.670333 0.133000 0.103333
0 0.591750 0.812000 0.018500 0.021333
0 0.625250 0.900000 0.023500 0.028000
0 0.639000 0.984667 0.021000 0.029333
2 0.436000 0.594667 0.130000 0.081333
2 0.265000 0.612333 0.117000 0.128667
0 0.143000 0.552667 0.029000 0.040000