0 0.154286 0.257143 0.015714 0.026667
0 0.172500 0.329524 0.022143 0.030476
2 0.159286 0.373333 0.035714 0.028571
2 0.088571 0.303810 0.038571 0.028571
2 0.131786 0.397619 0.040714 0.027619
2 0.130714 0.314286 0.034286 0.028571
0 0.067500 0.420476 0.025000 0.012381
0 0.091429 0.349048 0.030000 0.031429
0 0.095714 0.331429 0.027143 0.032381
0 0.079643 0.332381 0.027857 0.032381
0 0.084286 0.577143 0.035714 0.032381
0 0.337500 0.026667 0.012143 0.034286
0 0.491071 0.019048 0.010714 0.036190
0 0.514286 0.011429 0.010000 0.022857
0 0.440357 0.418095 0.022143 0.030476
0 0.479643 0.450476 0.016429 0.030476
0 0.544286 0.395714 0.011429 0.031429
0 0.591071 0.421905 0.012143 0.040000
0 0.617143 0.362381 0.014286 0.037143
0 0.432857 0.641429 0.020000 0.029524
0 0.439286 0.620000 0.020000 0.028571
2 0.308214 0.721429 0.062143 0.166667
0 0.021786 0.933333 0.043571 0.024762
0 0.010000 0.911429 0.020000 0.022857
2 0.030000 0.849524 0.060000 0.093333