2 0.117857 0.769036 0.051429 0.116751
2 0.154286 0.786168 0.041429 0.107868
2 0.345000 0.864848 0.072857 0.069797
2 0.350000 0.796320 0.070000 0.067259
2 0.370714 0.713198 0.037143 0.106599
2 0.337857 0.694797 0.044286 0.123096
2 0.305714 0.684010 0.041429 0.116751
2 0.225357 0.572335 0.039286 0.096447
2 0.191071 0.566624 0.040714 0.105330
2 0.534643 0.820431 0.072143 0.092640
2 0.519643 0.763959 0.050714 0.078680
2 0.502500 0.714467 0.062143 0.093909
2 0.483929 0.669416 0.056429 0.082487
2 0.459286 0.630711 0.055714 0.076142
2 0.426786 0.541244 0.053571 0.072335
2 0.411786 0.505711 0.055000 0.072335
2 0.399286 0.463832 0.060000 0.082487
2 0.381071 0.427665 0.055000 0.078680
2 0.367143 0.399112 0.047143 0.069797
2 0.355000 0.370558 0.054286 0.065990
2 0.347500 0.342005 0.046429 0.052030
2 0.336071 0.311548 0.046429 0.064721
2 0.326071 0.288071 0.043571 0.058376
2 0.319643 0.255711 0.042143 0.064721
2 0.308929 0.370558 0.039286 0.086294
2 0.287143 0.291878 0.034286 0.088832
2 0.267857 0.329315 0.031429 0.095178
2 0.250000 0.487944 0.041429 0.087563
2 0.218571 0.482234 0.035714 0.078680
2 0.191429 0.473985 0.037143 0.087563
2 0.134643 0.561548 0.046429 0.115482
2 0.164286 0.564086 0.044286 0.102792
2 0.200000 0.327411 0.038571 0.098985
2 0.227500 0.331853 0.036429 0.100254
2 0.250357 0.245558 0.030714 0.105330
2 0.219286 0.248731 0.041429 0.086294
2 0.519286 0.368020 0.054286 0.073604
2 0.523571 0.255711 0.038571 0.059645
2 0.529643 0.206853 0.043571 0.065990
2 0.486786 0.189721 0.039286 0.069797
2 0.490714 0.096447 0.027143 0.053299
2 0.541071 0.053934 0.047857 0.044416
2 0.688214 0.072970 0.042143 0.057107
2 0.728214 0.126269 0.040714 0.067259
2 0.777500 0.188452 0.049286 0.074873
2 0.835357 0.276015 0.049286 0.069797
0 0.617500 0.317893 0.009286 0.039340
0 0.447857 0.951142 0.010000 0.021574
0 0.456429 0.965102 0.010000 0.026650
0 0.452857 0.981599 0.011429 0.019036
0 0.176429 0.876904 0.017143 0.027919
0 0.188214 0.885152 0.017857 0.024112
0 0.205000 0.890863 0.012857 0.032995
0 0.180357 0.860406 0.010714 0.020305
2 0.064286 0.960025 0.088571 0.067259
2 0.187500 0.966371 0.040714 0.064721