2 0.060000 0.253807 0.014286 0.015228
0 0.275714 0.090102 0.004286 0.010152
2 0.436429 0.003807 0.007143 0.007614
2 0.443214 0.025381 0.006429 0.010152
2 0.380714 0.093909 0.008571 0.012690
2 0.375714 0.131980 0.008571 0.015228
2 0.349643 0.145939 0.009286 0.015228
2 0.333571 0.221447 0.010000 0.016497
2 0.452500 0.228426 0.023571 0.017766
0 0.370000 0.080584 0.002857 0.006345
0 0.359643 0.092005 0.002143 0.006345
0 0.630714 0.092640 0.002857 0.010152
2 0.600357 0.016497 0.009286 0.012690
2 0.654286 0.006980 0.012857 0.011421
0 0.601786 0.385152 0.003571 0.016497
0 0.625714 0.497462 0.002857 0.017766
0 0.632500 0.501269 0.005000 0.015228
0 0.972143 0.140228 0.004286 0.016497
0 0.967857 0.141497 0.002857 0.013959
0 0.962143 0.145939 0.002857 0.010152
2 0.961071 0.176396 0.023571 0.017766
2 0.770714 0.419416 0.020000 0.026650
2 0.981429 0.359137 0.025714 0.032995
2 0.963571 0.361675 0.022857 0.030457
2 0.612500 0.849619 0.020714 0.052030
2 0.518571 0.627538 0.012857 0.041878
2 0.458929 0.920685 0.019286 0.069797
2 0.446786 0.773477 0.016429 0.062183
2 0.390714 0.747462 0.015714 0.055838
2 0.418214 0.678934 0.013571 0.048223
2 0.116429 0.873096 0.021429 0.050761
2 0.382857 0.438452 0.011429 0.029188
0 0.226786 0.577411 0.006429 0.017766
2 0.338214 0.323604 0.012143 0.022843
2 0.315714 0.322335 0.010000 0.027919
2 0.152500 0.367386 0.015000 0.026650
2 0.256786 0.437817 0.012143 0.027919