0 0.488518 0.978200 0.015658 0.030612
2 0.499217 0.450371 0.023486 0.056586
2 0.566023 0.512059 0.030793 0.053803
0 0.577244 0.540353 0.008351 0.028757
0 0.581681 0.533859 0.005741 0.032468
2 0.628653 0.738404 0.065240 0.072356
0 0.534186 0.243506 0.007829 0.021336
2 0.534708 0.241187 0.027662 0.018553
2 0.570459 0.211039 0.013570 0.026902
0 0.642484 0.297774 0.004175 0.012987
0 0.602035 0.303803 0.006785 0.015770
0 0.564979 0.151206 0.003653 0.011132
0 0.542276 0.152134 0.006263 0.022263
0 0.586378 0.159091 0.003653 0.013915
0 0.579332 0.153061 0.004175 0.016698
0 0.573852 0.154453 0.003653 0.010204
0 0.559238 0.142857 0.004697 0.018553
0 0.563674 0.141466 0.003132 0.015770
0 0.571503 0.126623 0.004175 0.013915
0 0.594468 0.115955 0.003132 0.016698
0 0.591075 0.108998 0.003653 0.012059
0 0.611430 0.095083 0.002610 0.010204
0 0.620303 0.175325 0.003653 0.012987
0 0.573852 0.261596 0.004697 0.016698
0 0.649008 0.185529 0.003653 0.018553
0 0.650835 0.098794 0.003132 0.013915
0 0.638048 0.063544 0.002610 0.010204
0 0.627349 0.049629 0.003132 0.010204
0 0.654749 0.059833 0.002610 0.010204
0 0.657881 0.060761 0.003653 0.008349
0 0.654489 0.048701 0.003132 0.010204
2 0.621086 0.050557 0.008351 0.012059
0 0.618737 0.046846 0.002610 0.008349
0 0.614823 0.047774 0.002088 0.012059
0 0.648225 0.024119 0.002088 0.005566
0 0.638570 0.024583 0.001566 0.006494
0 0.638309 0.018553 0.002088 0.007421
0 0.671451 0.008813 0.001566 0.010204
0 0.673539 0.008349 0.002610 0.011132
0 0.634395 0.009740 0.002610 0.006494
2 0.642223 0.010668 0.006785 0.008349