2 0.642143 0.542381 0.035714 0.058095
2 0.448929 0.664762 0.025000 0.087619
2 0.507857 0.389524 0.021429 0.047619
2 0.532500 0.200476 0.017857 0.031429
2 0.875714 0.859048 0.061429 0.118095
2 0.778214 0.618095 0.043571 0.068571
2 0.675714 0.346190 0.025714 0.050476
2 0.643214 0.259048 0.017857 0.028571
2 0.433929 0.411429 0.016429 0.057143
0 0.362857 0.036190 0.002857 0.011429
0 0.329643 0.228095 0.005000 0.018095
0 0.452143 0.339524 0.007143 0.025714
0 0.448929 0.304762 0.006429 0.019048
0 0.427857 0.270476 0.008571 0.022857
0 0.431786 0.079524 0.003571 0.018095
0 0.418929 0.036190 0.005000 0.013333
2 0.409286 0.038095 0.017143 0.019048
2 0.411429 0.078095 0.020000 0.022857
2 0.407500 0.057619 0.016429 0.016190
2 0.627143 0.223810 0.021429 0.028571
2 0.946429 0.353810 0.041429 0.029524