2 0.491786 0.738579 0.077857 0.101523
0 0.607143 0.928934 0.012857 0.048223
0 0.575357 0.964467 0.020714 0.038071
0 0.839286 0.399746 0.012857 0.040609
0 0.827143 0.380076 0.011429 0.031726
0 0.804643 0.389594 0.012143 0.035533
0 0.787143 0.432107 0.011429 0.031726
0 0.822143 0.414340 0.015714 0.039340
0 0.383929 0.602157 0.010714 0.041878
0 0.332143 0.616117 0.014286 0.039340
0 0.304643 0.624365 0.017857 0.040609
0 0.108929 0.713832 0.016429 0.041878
0 0.350000 0.432741 0.007143 0.027919
0 0.465000 0.079315 0.005714 0.024112
0 0.460000 0.076142 0.005714 0.022843
0 0.189643 0.287437 0.007857 0.029188
0 0.178214 0.281726 0.007857 0.022843
0 0.703929 0.169416 0.007857 0.026650
0 0.694286 0.173223 0.007143 0.024112
0 0.709286 0.157360 0.007143 0.025381
0 0.705714 0.253173 0.007143 0.024112
0 0.750357 0.201777 0.006429 0.022843
0 0.329286 0.576142 0.008571 0.030457
0 0.340714 0.415609 0.011429 0.024112
0 0.879286 0.796954 0.015714 0.040609