2 0.475000 0.982667 0.026000 0.034667
2 0.191750 0.876000 0.055500 0.033333
0 0.100750 0.854667 0.012500 0.022667
0 0.157500 0.789667 0.010000 0.020667
0 0.146250 0.804000 0.011500 0.020000
0 0.141000 0.810000 0.010000 0.020000
0 0.149250 0.783667 0.008500 0.019333
0 0.141750 0.780000 0.011500 0.024000
0 0.075500 0.679000 0.009000 0.019333
0 0.066750 0.598333 0.009500 0.015333
0 0.066500 0.595667 0.005000 0.010000
0 0.078250 0.577667 0.009500 0.015333
2 0.667500 0.967333 0.057000 0.046667
2 0.647000 0.912333 0.056000 0.047333
2 0.647750 0.867667 0.049500 0.044667
2 0.650000 0.822000 0.052000 0.040000
2 0.631000 0.789667 0.049000 0.039333
2 0.634500 0.738333 0.044000 0.038000
2 0.598750 0.659667 0.043500 0.028667
2 0.594500 0.633000 0.036000 0.031333
2 0.558000 0.643667 0.018000 0.039333
2 0.463250 0.679667 0.041500 0.032667
2 0.476250 0.659000 0.036500 0.027333
2 0.491000 0.613667 0.036000 0.030000
2 0.574750 0.593000 0.027500 0.026000
2 0.566250 0.569000 0.030500 0.027333
2 0.563000 0.542333 0.029000 0.027333
2 0.489500 0.569000 0.033000 0.026000
2 0.492750 0.553667 0.031500 0.023333
2 0.492500 0.536667 0.032000 0.022667
2 0.493250 0.519333 0.031500 0.021333
2 0.493750 0.500000 0.028500 0.022667
2 0.493250 0.486667 0.025500 0.017333
2 0.495500 0.475667 0.030000 0.019333
2 0.495000 0.465333 0.026000 0.021333
2 0.499250 0.452667 0.025500 0.016000
2 0.495750 0.439667 0.023500 0.015333
2 0.497250 0.429333 0.023500 0.017333
2 0.495750 0.414333 0.023500 0.015333
2 0.566500 0.500333 0.015000 0.024667
2 0.558750 0.472333 0.016500 0.020667
2 0.557250 0.453667 0.020500 0.020667
2 0.552750 0.428333 0.017500 0.018000
2 0.550000 0.389667 0.011000 0.015333
2 0.493750 0.397667 0.010500 0.019333
0 0.515750 0.495333 0.005500 0.016000
0 0.523250 0.501333 0.004500 0.016000
2 0.547500 0.373667 0.016000 0.014000
2 0.544250 0.363000 0.015500 0.012667
2 0.543250 0.352667 0.015500 0.013333
2 0.543750 0.328333 0.009500 0.012667
2 0.499000 0.309333 0.008000 0.014667
2 0.541750 0.290000 0.007500 0.009333
2 0.501250 0.274000 0.007500 0.009333
2 0.515250 0.237667 0.006500 0.010000