2 0.517500 0.846190 0.095000 0.145714
2 0.466429 0.671905 0.075714 0.098095
2 0.272857 0.853333 0.068571 0.156190
2 0.372143 0.587619 0.047143 0.070476
2 0.350000 0.470952 0.038571 0.050476
2 0.232500 0.647143 0.056429 0.109524
2 0.069643 0.873333 0.067857 0.161905
2 0.084286 0.572857 0.047143 0.071429
0 0.932500 0.195714 0.006429 0.018095
0 0.944643 0.188095 0.007857 0.018095
0 0.930714 0.180000 0.004286 0.017143
0 0.692857 0.573810 0.022857 0.033333
0 0.636071 0.598571 0.012143 0.033333
0 0.586429 0.463333 0.010000 0.033333
0 0.596071 0.485238 0.010714 0.039048
0 0.611429 0.485238 0.007143 0.029524
0 0.632143 0.573333 0.014286 0.038095
2 0.098214 0.144286 0.012143 0.016190
2 0.118571 0.145714 0.014286 0.013333
2 0.215000 0.209048 0.017143 0.016190
2 0.225000 0.250476 0.022857 0.020952
2 0.270357 0.250952 0.022143 0.027619
2 0.241786 0.209524 0.013571 0.019048
2 0.220357 0.131905 0.013571 0.010476
2 0.195714 0.173333 0.014286 0.015238
2 0.181071 0.124286 0.010714 0.010476
2 0.175714 0.070476 0.007143 0.009524
2 0.331071 0.201429 0.022143 0.020000
2 0.439643 0.207619 0.019286 0.022857
2 0.475357 0.238095 0.025000 0.022857
2 0.977143 0.087143 0.022857 0.014286
2 0.955357 0.080952 0.017857 0.019048
2 0.886786 0.088095 0.022143 0.010476
2 0.870357 0.101429 0.020714 0.018095
2 0.772143 0.197619 0.030000 0.016190
2 0.989643 0.070476 0.019286 0.009524
2 0.977143 0.061429 0.021429 0.008571
2 0.897857 0.084286 0.021429 0.016190
0 0.847143 0.179524 0.004286 0.016190
0 0.853214 0.177143 0.006429 0.013333
0 0.796071 0.242857 0.006429 0.020952
0 0.709643 0.267619 0.005000 0.020952
0 0.704286 0.206667 0.004286 0.015238
2 0.417143 0.193810 0.022857 0.023810
0 0.422143 0.380952 0.007143 0.022857
0 0.482857 0.454286 0.012857 0.019048
0 0.409643 0.359524 0.007857 0.027619
2 0.360000 0.156667 0.024286 0.012381
2 0.312857 0.157143 0.020000 0.015238
2 0.308929 0.152381 0.020714 0.013333
2 0.288571 0.162381 0.017143 0.020000
2 0.289286 0.145714 0.015714 0.022857
2 0.320714 0.121429 0.014286 0.016190
2 0.319643 0.112381 0.012143 0.011429
2 0.016071 0.121905 0.023571 0.015238
0 0.038214 0.115238 0.006429 0.009524
0 0.333214 0.304286 0.006429 0.016190
0 0.355714 0.337143 0.007143 0.017143
0 0.375000 0.340952 0.011429 0.009524
0 0.371786 0.340952 0.003571 0.017143
0 0.342857 0.295238 0.010000 0.019048
0 0.226429 0.152381 0.007143 0.011429
0 0.235714 0.152381 0.005714 0.011429
0 0.268214 0.198095 0.007857 0.009524
0 0.210000 0.142381 0.004286 0.006667
0 0.078571 0.148095 0.004286 0.008571
0 0.322500 0.250952 0.010714 0.018095