0 0.212143 0.029822 0.008571 0.024112
2 0.271071 0.299492 0.027857 0.071066
2 0.221429 0.341371 0.032857 0.073604
2 0.342857 0.670685 0.037143 0.074873
2 0.408929 0.682107 0.035000 0.082487
2 0.302500 0.792513 0.035000 0.085025
2 0.464286 0.835025 0.035714 0.091371
2 0.462500 0.976523 0.030714 0.044416
2 0.455000 0.099619 0.024286 0.054569
2 0.475714 0.469543 0.045714 0.053299
2 0.524643 0.731599 0.045000 0.062183
2 0.537143 0.771574 0.045714 0.060914
2 0.571071 0.909264 0.039286 0.049492
2 0.593571 0.949873 0.051429 0.069797
2 0.780000 0.495558 0.032857 0.079949
0 0.833571 0.008249 0.010000 0.016497