2 0.685021 0.061688 0.017223 0.017625
2 0.479906 0.035714 0.021399 0.013915
2 0.453549 0.032004 0.021921 0.017625
2 0.424322 0.025046 0.021921 0.016698
0 0.631785 0.238868 0.005741 0.021336
2 0.612735 0.270872 0.026096 0.029685
0 0.622912 0.314935 0.006785 0.021336
2 0.605689 0.375232 0.034969 0.032468
0 0.610908 0.620594 0.004697 0.024119
0 0.553497 0.702226 0.007829 0.024119
2 0.525313 0.634972 0.049582 0.049165
2 0.460595 0.623840 0.046451 0.039889
2 0.412578 0.722171 0.051670 0.049165
2 0.401879 0.795455 0.051148 0.052876
2 0.516180 0.809833 0.055324 0.051948
2 0.359342 0.972171 0.066284 0.053803
2 0.948591 0.941095 0.067328 0.073284
2 0.877871 0.723562 0.041754 0.042672
2 0.025313 0.599258 0.038100 0.055659
0 0.030010 0.233766 0.005741 0.014842
2 0.327244 0.384045 0.035491 0.035250
2 0.343685 0.313544 0.033925 0.035250
2 0.352296 0.296382 0.035491 0.034323
2 0.374217 0.280148 0.032359 0.033395
2 0.711900 0.064935 0.021921 0.018553
2 0.741910 0.069109 0.023486 0.017625
2 0.898747 0.087199 0.019833 0.018553
2 0.926148 0.091837 0.027662 0.018553
2 0.961900 0.095083 0.025052 0.019481