2 0.845000 0.570476 0.052857 0.036190
0 0.796786 0.538095 0.006429 0.017143
0 0.793571 0.546667 0.007143 0.019048
0 0.723571 0.562381 0.007143 0.021905
0 0.729643 0.563333 0.006429 0.021905
0 0.764643 0.569048 0.007857 0.020000
0 0.755000 0.615714 0.008571 0.020000
2 0.825714 0.603810 0.051429 0.038095
2 0.812857 0.613333 0.058571 0.043810
0 0.663214 0.755238 0.009286 0.030476
0 0.622143 0.621905 0.010000 0.024762
2 0.107143 0.570476 0.031429 0.049524
0 0.130714 0.553810 0.010000 0.023810
2 0.265000 0.644286 0.064286 0.040952
2 0.277500 0.608571 0.063571 0.038095
0 0.303929 0.429524 0.006429 0.019048
2 0.498214 0.500952 0.029286 0.034286
2 0.503929 0.606190 0.032143 0.050476
0 0.679286 0.870952 0.012857 0.031429
0 0.458929 0.737143 0.005000 0.019048
0 0.298929 0.884286 0.015000 0.031429
0 0.287857 0.837619 0.010000 0.037143
0 0.285714 0.707143 0.008571 0.029524
0 0.282500 0.689048 0.007857 0.020000