2 0.035357 0.348350 0.062143 0.067259
2 0.860714 0.476523 0.042857 0.100254
0 0.228929 0.274746 0.012143 0.036802
0 0.445000 0.190355 0.010000 0.035533
0 0.086429 0.185914 0.010000 0.024112
0 0.205357 0.204949 0.010714 0.041878
0 0.068214 0.210025 0.012143 0.029188
0 0.057143 0.210660 0.015714 0.030457
0 0.057143 0.218909 0.008571 0.021574
0 0.161786 0.241751 0.007857 0.026650
0 0.084286 0.229061 0.011429 0.031726
0 0.245000 0.013325 0.010000 0.026650
0 0.530357 0.484137 0.007857 0.024112
0 0.497143 0.557107 0.007143 0.027919
0 0.412143 0.591371 0.011429 0.027919
0 0.491429 0.548858 0.007143 0.024112
0 0.513214 0.553299 0.009286 0.027919
0 0.531786 0.557107 0.006429 0.027919
0 0.575357 0.562817 0.006429 0.021574
0 0.678571 0.497462 0.008571 0.027919
0 0.683929 0.507614 0.009286 0.030457
0 0.702143 0.427030 0.010000 0.029188
0 0.718571 0.384518 0.011429 0.027919
0 0.728929 0.414975 0.009286 0.027919
0 0.723571 0.411802 0.007143 0.036802
0 0.786429 0.223985 0.010000 0.024112
0 0.577143 0.477157 0.011429 0.022843
0 0.510357 0.521574 0.009286 0.030457
0 0.509286 0.519036 0.007143 0.022843
0 0.528571 0.542513 0.010000 0.021574
0 0.727143 0.393401 0.008571 0.027919
0 0.751786 0.297589 0.007857 0.026650
0 0.748571 0.310279 0.005714 0.011421
2 0.964643 0.097716 0.025000 0.058376
2 0.971786 0.023477 0.027857 0.046954
0 0.468571 0.873731 0.011429 0.019036
0 0.457500 0.862944 0.009286 0.015228