2 0.495000 0.008095 0.034286 0.016190
2 0.494286 0.020000 0.032857 0.019048
2 0.500357 0.033333 0.030714 0.020952
2 0.496429 0.044762 0.030000 0.019048
2 0.495714 0.058571 0.034286 0.018095
2 0.493571 0.070952 0.034286 0.014286
2 0.494643 0.084762 0.036429 0.017143
2 0.497857 0.102381 0.034286 0.020000
2 0.522857 0.063810 0.014286 0.032381
2 0.500000 0.150000 0.040000 0.021905
2 0.501429 0.165238 0.037143 0.018095
2 0.512857 0.406190 0.048571 0.029524
2 0.515000 0.435238 0.055714 0.032381
2 0.523214 0.463333 0.055000 0.033333
2 0.517143 0.540476 0.054286 0.031429
2 0.522143 0.594762 0.057143 0.039048
2 0.532500 0.716667 0.063571 0.040952
0 0.521786 0.779048 0.007857 0.011429
2 0.531786 0.802381 0.066429 0.040952
2 0.533571 0.905238 0.074286 0.046667
2 0.536429 0.964762 0.070000 0.051429
2 0.440357 0.976190 0.032143 0.047619
0 0.537143 0.178571 0.004286 0.018095
0 0.436071 0.115714 0.006429 0.020000
0 0.541786 0.079048 0.005000 0.019048
0 0.547143 0.081429 0.004286 0.020000
0 0.560714 0.051905 0.005714 0.020000
2 0.465000 0.065238 0.015714 0.025714
2 0.523929 0.019524 0.015000 0.029524
2 0.540357 0.025238 0.016429 0.027619
2 0.460714 0.090952 0.015714 0.029524
2 0.469643 0.126667 0.017857 0.030476
0 0.570357 0.084762 0.003571 0.020952
2 0.575357 0.167619 0.017857 0.034286
2 0.609643 0.160952 0.029286 0.020952
0 0.585000 0.464762 0.005714 0.017143