2 0.058214 0.722857 0.045000 0.059048
2 0.019286 0.572381 0.038571 0.022857
0 0.328214 0.901429 0.007857 0.016190
2 0.103571 0.493333 0.021429 0.040000
0 0.120714 0.525714 0.010000 0.020952
0 0.165000 0.523810 0.010000 0.019048
0 0.845357 0.440952 0.006429 0.017143
0 0.810714 0.449524 0.005714 0.015238
0 0.809286 0.445714 0.005714 0.015238
0 0.807500 0.441429 0.006429 0.010476
0 0.021786 0.323333 0.005000 0.012381
0 0.010357 0.324762 0.006429 0.011429
0 0.054643 0.339524 0.006429 0.008571
0 0.004643 0.326190 0.005000 0.010476
2 0.006429 0.343333 0.012857 0.016190
0 0.376786 0.280476 0.005000 0.006667
0 0.366786 0.276190 0.003571 0.005714