0 0.530793 0.694341 0.006263 0.030612
0 0.526879 0.931818 0.013048 0.028757
0 0.539405 0.903989 0.008873 0.019481
0 0.588466 0.881262 0.006785 0.033395
0 0.556628 0.602505 0.006785 0.017625
0 0.569415 0.592301 0.006263 0.015770
0 0.526357 0.573284 0.006785 0.012987
0 0.526879 0.566790 0.006785 0.012987
0 0.539144 0.537106 0.006263 0.018553
0 0.549061 0.531540 0.005219 0.016698
0 0.531054 0.550557 0.004697 0.012059
0 0.528967 0.543135 0.004697 0.010204
0 0.526879 0.501391 0.005741 0.017625
0 0.513570 0.488868 0.007307 0.016698
0 0.524008 0.656772 0.006263 0.014842
0 0.525574 0.648887 0.007307 0.013915
2 0.551670 0.370130 0.011482 0.022263
2 0.549061 0.355288 0.010438 0.020408
0 0.524791 0.345547 0.004697 0.010204
0 0.524269 0.400278 0.003653 0.017625
0 0.521921 0.397495 0.004175 0.015770
0 0.516441 0.400742 0.003653 0.016698
0 0.551409 0.414657 0.004697 0.011132
0 0.557933 0.416512 0.004175 0.011132
0 0.516962 0.416048 0.003653 0.012059
0 0.453027 0.422078 0.006263 0.018553
0 0.548278 0.411874 0.003653 0.012987
0 0.545668 0.414193 0.004697 0.012059