2 0.280000 0.854061 0.024286 0.045685
2 0.354286 0.923223 0.020000 0.052030
2 0.400714 0.895305 0.017143 0.052030
2 0.394643 0.822970 0.016429 0.052030
2 0.413214 0.826777 0.016429 0.052030
2 0.443214 0.666244 0.017857 0.048223
2 0.533571 0.727157 0.025714 0.022843
2 0.571786 0.738579 0.025000 0.022843
2 0.619286 0.788071 0.027143 0.032995
0 0.883214 0.679569 0.005000 0.006345
0 0.862500 0.725888 0.003571 0.007614
0 0.870357 0.712563 0.003571 0.003807
2 0.843214 0.664975 0.025000 0.025381
2 0.928929 0.618655 0.025000 0.024112
2 0.986071 0.248096 0.020714 0.019036
2 0.948571 0.213832 0.020000 0.016497
2 0.920714 0.194162 0.020000 0.022843
2 0.869643 0.237944 0.020714 0.019036
2 0.785000 0.403553 0.021429 0.017766
2 0.902500 0.059010 0.020714 0.016497
2 0.792500 0.068528 0.017857 0.020305
2 0.749286 0.161168 0.018571 0.020305
2 0.768571 0.187183 0.015714 0.019036
2 0.716786 0.301396 0.022143 0.016497
0 0.590714 0.337563 0.005714 0.007614
2 0.612143 0.370558 0.020000 0.017766
2 0.601786 0.130711 0.020714 0.020305
2 0.547500 0.255711 0.020714 0.021574
2 0.478214 0.276650 0.013571 0.038071
2 0.523214 0.218909 0.012143 0.036802
2 0.524643 0.037437 0.012143 0.031726
2 0.492143 0.063452 0.020000 0.020305
2 0.491429 0.118655 0.020000 0.021574
2 0.466429 0.079949 0.020000 0.020305
2 0.470714 0.136421 0.020000 0.021574