2 0.493571 0.556190 0.018571 0.024762
2 0.341786 0.420000 0.006429 0.011429
2 0.343929 0.408095 0.007857 0.010476
2 0.359643 0.354762 0.009286 0.006667
2 0.416071 0.361429 0.005000 0.006667
2 0.481429 0.387619 0.012857 0.009524
2 0.455714 0.338571 0.011429 0.004762
2 0.455714 0.336667 0.011429 0.006667
2 0.483929 0.355238 0.009286 0.007619
2 0.117143 0.425238 0.018571 0.006667
2 0.120714 0.430952 0.017143 0.008571
2 0.179643 0.468095 0.013571 0.016190
2 0.132143 0.469048 0.010000 0.016190
2 0.565000 0.880952 0.054286 0.045714
2 0.557500 0.841905 0.052143 0.051429
2 0.545357 0.734286 0.040714 0.032381
2 0.572857 0.579048 0.027143 0.019048
2 0.583571 0.599048 0.024286 0.019048
2 0.592500 0.608571 0.025000 0.019048
2 0.732857 0.892857 0.042857 0.061905
2 0.706429 0.933333 0.047143 0.074286
0 0.618571 0.826190 0.008571 0.025714
0 0.632857 0.792381 0.007143 0.020952