2 0.491786 0.171320 0.006429 0.015228
2 0.491429 0.137056 0.005714 0.015228
2 0.460357 0.204315 0.006429 0.012690
2 0.460000 0.229061 0.007143 0.016497
2 0.456786 0.121827 0.006429 0.015228
2 0.450357 0.189086 0.005000 0.010152
2 0.473214 0.194797 0.006429 0.016497
2 0.492500 0.108503 0.005000 0.013959
2 0.490714 0.087563 0.005714 0.015228
2 0.491429 0.073604 0.005714 0.012690
2 0.468214 0.108503 0.006429 0.011421
2 0.465714 0.123731 0.005714 0.011421
2 0.457857 0.102157 0.005714 0.013959
2 0.468929 0.084391 0.005000 0.011421
2 0.470357 0.067259 0.005000 0.012690
2 0.509286 0.311548 0.008571 0.021574
2 0.494286 0.330584 0.008571 0.021574
2 0.509643 0.394036 0.010714 0.026650
2 0.445357 0.394036 0.009286 0.024112
2 0.462143 0.335660 0.008571 0.019036
2 0.420714 0.486675 0.011429 0.029188
2 0.449643 0.573604 0.012143 0.032995
2 0.426071 0.656091 0.013571 0.038071
2 0.408571 0.622462 0.012857 0.036802
2 0.487857 0.758249 0.015714 0.049492
2 0.484286 0.904822 0.017143 0.063452
2 0.456786 0.450508 0.010714 0.025381
2 0.417500 0.776650 0.013571 0.040609
2 0.394643 0.965102 0.017857 0.057107
2 0.438571 0.815355 0.015714 0.052030
2 0.434286 0.355330 0.008571 0.020305
2 0.448571 0.355964 0.008571 0.019036
2 0.453214 0.294416 0.007857 0.017766
2 0.440000 0.300761 0.007143 0.017766
2 0.505357 0.237310 0.006429 0.017766
2 0.505000 0.208122 0.005714 0.017766
2 0.448214 0.214467 0.006429 0.015228
2 0.492500 0.013959 0.005000 0.010152
2 0.460000 0.084391 0.005714 0.013959
0 0.491429 0.049492 0.002857 0.012690
2 0.494286 0.253807 0.008571 0.025381
0 0.393571 0.536168 0.004286 0.013959
2 0.128929 0.310279 0.013571 0.019036
2 0.138571 0.292513 0.011429 0.019036
2 0.122143 0.222716 0.015714 0.016497
2 0.005714 0.167513 0.011429 0.017766