2 0.072500 0.524762 0.109286 0.120000
2 0.361786 0.845714 0.207857 0.211429
2 0.709286 0.517619 0.081429 0.105714
2 0.713929 0.438571 0.080714 0.077143
2 0.759286 0.387143 0.064286 0.060000
2 0.537857 0.327143 0.050000 0.048571
2 0.496429 0.342857 0.057143 0.049524
2 0.310000 0.364762 0.044286 0.053333
2 0.238571 0.357619 0.050000 0.052381
2 0.442857 0.350476 0.052857 0.053333
2 0.386429 0.361429 0.045714 0.052381
0 0.345000 0.364762 0.012857 0.049524
0 0.312143 0.376667 0.014286 0.050476
2 0.184286 0.332857 0.042857 0.052381
2 0.959286 0.718095 0.081429 0.110476