2 0.394286 0.059524 0.038571 0.094286
2 0.411786 0.174286 0.043571 0.110476
2 0.493929 0.163333 0.039286 0.115238
2 0.573571 0.225714 0.041429 0.102857
0 0.786429 0.013333 0.015714 0.026667
0 0.624643 0.198095 0.007857 0.022857
0 0.646071 0.238095 0.012143 0.017143
2 0.457857 0.435714 0.038571 0.098095
2 0.613571 0.441905 0.045714 0.095238
2 0.678214 0.819524 0.045000 0.111429
2 0.711071 0.964286 0.043571 0.069524
0 0.879286 0.684762 0.020000 0.015238
0 0.747857 0.609524 0.017143 0.011429
0 0.805357 0.483333 0.016429 0.010476
0 0.798571 0.455238 0.018571 0.017143
0 0.819643 0.464286 0.016429 0.014286