2 0.314286 0.161168 0.022857 0.065990
2 0.318571 0.235406 0.020000 0.059645
2 0.329643 0.300761 0.023571 0.055838
2 0.440357 0.505076 0.043571 0.065990
2 0.462857 0.478426 0.038571 0.060914
2 0.480714 0.575508 0.048571 0.064721
2 0.344643 0.685279 0.029286 0.093909
2 0.376429 0.686548 0.025714 0.081218
2 0.511429 0.480964 0.042857 0.063452
2 0.606786 0.715736 0.053571 0.078680
2 0.666429 0.775381 0.054286 0.086294
2 0.725714 0.857868 0.057143 0.091371
2 0.893214 0.959391 0.066429 0.078680
2 0.856071 0.868655 0.057857 0.085025
2 0.959286 0.972081 0.057143 0.053299
2 0.163929 0.726523 0.052143 0.034264
2 0.159643 0.763959 0.053571 0.035533
2 0.157143 0.800127 0.052857 0.049492
2 0.154643 0.888959 0.030714 0.082487
2 0.117143 0.839467 0.065714 0.049492
2 0.109286 0.886421 0.061429 0.044416
2 0.095000 0.932107 0.062857 0.046954
2 0.086786 0.977157 0.065000 0.043147
2 0.141786 0.965736 0.036429 0.065990
0 0.423929 0.192893 0.010714 0.022843
0 0.439286 0.179569 0.008571 0.016497
0 0.436071 0.097716 0.006429 0.022843