2 0.418214 0.790476 0.045000 0.133333
2 0.543929 0.771429 0.043571 0.125714
2 0.607143 0.813810 0.054286 0.140000
2 0.526429 0.615238 0.041429 0.100952
2 0.428571 0.640476 0.037143 0.092381
2 0.130714 0.847619 0.121429 0.093333
2 0.177143 0.715714 0.091429 0.058095
2 0.192143 0.653810 0.080000 0.046667
2 0.210357 0.607143 0.083571 0.050476
2 0.267143 0.485714 0.057143 0.036190
2 0.287500 0.449524 0.065000 0.040000
2 0.435000 0.518571 0.032857 0.071429
2 0.435714 0.437143 0.027143 0.059048
2 0.509643 0.432857 0.026429 0.063810
2 0.522143 0.356190 0.035714 0.049524
2 0.440000 0.378095 0.024286 0.051429
0 0.202143 0.406190 0.014286 0.031429
0 0.211786 0.402381 0.013571 0.027619
2 0.358571 0.271429 0.050000 0.030476
2 0.490357 0.215238 0.019286 0.034286
2 0.476786 0.148571 0.016429 0.024762
0 0.597857 0.192381 0.007143 0.020952
2 0.545714 0.050476 0.010000 0.011429
2 0.518929 0.037619 0.009286 0.010476
2 0.519286 0.021905 0.008571 0.011429
2 0.532143 0.006667 0.011429 0.013333
0 0.467143 0.852381 0.011429 0.032381
0 0.360357 0.631905 0.010714 0.029524