2 0.198250 0.799000 0.053500 0.120667
2 0.240250 0.627000 0.039500 0.084667
2 0.261750 0.547000 0.036500 0.080667
2 0.286750 0.433333 0.032500 0.066667
2 0.413750 0.262333 0.028500 0.044667
2 0.508500 0.440667 0.030000 0.057333
2 0.740000 0.841333 0.047000 0.105333
2 0.690750 0.585667 0.040500 0.086000
2 0.765750 0.121667 0.036500 0.020667
2 0.649750 0.141333 0.040500 0.022667
2 0.722500 0.118667 0.034000 0.021333
2 0.722000 0.084667 0.035000 0.018667
2 0.757250 0.140333 0.041500 0.024667
2 0.612250 0.077333 0.017500 0.022667
2 0.605750 0.056333 0.016500 0.022000
2 0.600000 0.037000 0.016000 0.022000
2 0.595750 0.015667 0.013500 0.018000
2 0.454250 0.055333 0.015500 0.026667
2 0.381500 0.048333 0.016000 0.028667
2 0.386750 0.022667 0.013500 0.021333
2 0.393500 0.008000 0.013000 0.016000
0 0.679500 0.758333 0.013000 0.024667
0 0.662500 0.749667 0.014000 0.024667
0 0.640750 0.460333 0.007500 0.019333
0 0.730250 0.257000 0.011500 0.035333