2 0.018214 0.293333 0.036429 0.020952
2 0.087143 0.268571 0.037143 0.019048
2 0.106429 0.282381 0.037143 0.020000
2 0.127143 0.253810 0.027143 0.018095
2 0.123214 0.210000 0.023571 0.016190
0 0.228571 0.190000 0.005714 0.008571
0 0.048571 0.297619 0.005714 0.010476
0 0.254286 0.124286 0.004286 0.010476
0 0.257500 0.121905 0.003571 0.009524
0 0.264286 0.116667 0.004286 0.012381
0 0.275357 0.073333 0.005000 0.011429
0 0.158929 0.574762 0.010714 0.020000
0 0.406429 0.077143 0.002857 0.007619
2 0.413214 0.090000 0.009286 0.014286
2 0.413929 0.187143 0.010714 0.018095
2 0.427143 0.217619 0.012857 0.020000
2 0.426071 0.275714 0.013571 0.021905
0 0.462857 0.211429 0.005714 0.015238
2 0.388571 0.334286 0.017143 0.028571
2 0.427857 0.323333 0.015714 0.027619
2 0.443571 0.408095 0.015714 0.031429
0 0.458214 0.292381 0.005000 0.015238
2 0.441429 0.733810 0.030000 0.065714
2 0.469643 0.980476 0.045000 0.039048
2 0.756786 0.776190 0.056429 0.041905
2 0.743929 0.603333 0.037857 0.056190
2 0.768214 0.589048 0.039286 0.052381
2 0.729286 0.495714 0.040000 0.029524
2 0.653571 0.483333 0.042857 0.027619
0 0.639643 0.498571 0.005000 0.016190
0 0.694286 0.428571 0.007143 0.017143
0 0.598214 0.470952 0.006429 0.018095
2 0.625714 0.350000 0.034286 0.020000
2 0.622143 0.338095 0.034286 0.019048
2 0.526071 0.356190 0.032143 0.017143
2 0.524643 0.342857 0.032143 0.019048