2 0.060000 0.160952 0.067143 0.049524
2 0.226786 0.018571 0.049286 0.035238
2 0.233929 0.217143 0.073571 0.083810
2 0.300714 0.041429 0.055714 0.061905
2 0.407500 0.270476 0.056429 0.089524
2 0.476071 0.015238 0.036429 0.030476
2 0.514286 0.027143 0.042857 0.054286
2 0.557500 0.025714 0.040714 0.051429
2 0.475000 0.088095 0.048571 0.065714
0 0.738214 0.029524 0.015000 0.036190
0 0.741786 0.185714 0.016429 0.043810
0 0.762500 0.305238 0.016429 0.039048
0 0.791071 0.340952 0.012143 0.034286
0 0.824286 0.344286 0.012857 0.029524
2 0.821786 0.478571 0.053571 0.140000
2 0.978929 0.782381 0.039286 0.117143
2 0.979643 0.306667 0.037857 0.076190