0 0.519250 0.810667 0.014500 0.041333
0 0.454250 0.751000 0.014500 0.042000
0 0.435500 0.745000 0.016000 0.044667
0 0.412250 0.701333 0.022500 0.049333
0 0.411750 0.644333 0.018500 0.036667
0 0.526500 0.509000 0.013000 0.043333
2 0.629500 0.469333 0.085000 0.048000
0 0.653000 0.422000 0.015000 0.029333
2 0.751500 0.450000 0.111000 0.061333
2 0.776500 0.388333 0.093000 0.051333
2 0.715750 0.357667 0.083500 0.056667
2 0.846000 0.164667 0.060000 0.033333
2 0.835500 0.147000 0.045000 0.024667
2 0.574500 0.379667 0.084000 0.048667
2 0.461750 0.356667 0.059500 0.054667
0 0.410750 0.303667 0.009500 0.034000
0 0.366750 0.281333 0.009500 0.032000
0 0.355750 0.300333 0.010500 0.035333
0 0.326250 0.413667 0.017500 0.036667
2 0.290250 0.452333 0.046500 0.090000
2 0.309250 0.365333 0.036500 0.065333
2 0.315750 0.289333 0.031500 0.057333
2 0.324000 0.219000 0.029000 0.047333
0 0.384500 0.246667 0.008000 0.030667
0 0.418000 0.233667 0.009000 0.018000
0 0.408750 0.226000 0.007500 0.026667
0 0.444500 0.284333 0.009000 0.024667
0 0.458250 0.289000 0.017500 0.027333
0 0.453750 0.281333 0.012500 0.021333
2 0.884500 0.228667 0.065000 0.034667
2 0.676500 0.248333 0.063000 0.030000
2 0.557500 0.147333 0.049000 0.028000
2 0.556000 0.135667 0.025000 0.020667
2 0.586250 0.064667 0.032500 0.021333
0 0.513750 0.199333 0.007500 0.026667
0 0.521250 0.203333 0.006500 0.020000
2 0.492500 0.192000 0.030000 0.045333
2 0.509000 0.142000 0.029000 0.034667
0 0.524250 0.144000 0.007500 0.028000
0 0.477500 0.092333 0.006000 0.026000
2 0.506000 0.075000 0.042000 0.023333
2 0.469750 0.041000 0.016500 0.020667
0 0.518000 0.042000 0.004000 0.013333
0 0.522750 0.041667 0.004500 0.012667
0 0.527000 0.051333 0.005000 0.014667
0 0.398000 0.039000 0.003000 0.011333
0 0.397000 0.034000 0.004000 0.016000
0 0.419250 0.220000 0.006500 0.025333
0 0.381250 0.235667 0.009500 0.030000
0 0.385000 0.204333 0.010000 0.026000
0 0.355000 0.194000 0.011000 0.026667
0 0.357000 0.187667 0.009000 0.027333
0 0.379000 0.178333 0.007000 0.014000
0 0.377000 0.171667 0.007000 0.018000
0 0.390750 0.160333 0.007500 0.026000
0 0.401250 0.160667 0.007500 0.028000
0 0.328000 0.176000 0.009000 0.017333
0 0.349500 0.132333 0.007000 0.024667
0 0.375000 0.106667 0.007000 0.020000
0 0.389750 0.130000 0.009500 0.025333
0 0.396750 0.126667 0.006500 0.022667
0 0.394750 0.132000 0.004500 0.017333
0 0.396000 0.101333 0.006000 0.020000
0 0.331750 0.138667 0.007500 0.016000
0 0.337250 0.112333 0.007500 0.024667
0 0.345500 0.113000 0.009000 0.022000
0 0.355250 0.104000 0.008500 0.014667
0 0.347250 0.089000 0.004500 0.014000
0 0.372250 0.070667 0.006500 0.022667
0 0.395000 0.072667 0.005000 0.020000
0 0.390500 0.073333 0.005000 0.020000
0 0.395250 0.113333 0.004500 0.018667
0 0.344750 0.056000 0.005500 0.021333
0 0.356500 0.043000 0.006000 0.019333
0 0.362250 0.041667 0.005500 0.020667
0 0.356500 0.028667 0.006000 0.018667
0 0.366750 0.029667 0.005500 0.016667
0 0.398250 0.061667 0.004500 0.022000
0 0.403250 0.064000 0.005500 0.018667
0 0.202500 0.472667 0.020000 0.042667
0 0.227250 0.496667 0.018500 0.044000