2 0.645000 0.015228 0.014286 0.025381
2 0.575714 0.107234 0.017143 0.026650
2 0.617857 0.071066 0.015714 0.025381
2 0.653929 0.069162 0.016429 0.026650
2 0.554643 0.147208 0.017857 0.027919
0 0.541429 0.072335 0.002857 0.010152
0 0.519286 0.083122 0.002857 0.011421
0 0.384286 0.243020 0.002857 0.011421
0 0.372143 0.253807 0.002857 0.015228
0 0.289643 0.356599 0.006429 0.010152
0 0.281429 0.370558 0.002857 0.012690
0 0.250714 0.411168 0.004286 0.010152
0 0.245714 0.412437 0.004286 0.010152
2 0.332500 0.452411 0.022143 0.034264
2 0.263214 0.567893 0.022143 0.036802
2 0.902857 0.979695 0.017143 0.038071
2 0.938571 0.666878 0.014286 0.049492
2 0.955357 0.237310 0.012143 0.030457
2 0.967500 0.166244 0.012143 0.032995
2 0.967857 0.121827 0.011429 0.032995
2 0.966429 0.081853 0.011429 0.029188
2 0.968929 0.037437 0.010714 0.031726
2 0.827500 0.286802 0.013571 0.032995
2 0.844286 0.189721 0.012857 0.031726
0 0.761786 0.470812 0.005000 0.017766
2 0.872500 0.012056 0.009286 0.024112
2 0.608214 0.474619 0.016429 0.040609
0 0.674286 0.732868 0.005714 0.006345
0 0.698571 0.583756 0.002857 0.007614
0 0.331786 0.202411 0.003571 0.008883