2 0.307857 0.010476 0.015714 0.020952
0 0.353929 0.040952 0.006429 0.020952
0 0.232143 0.108571 0.007143 0.017143
0 0.231429 0.135238 0.007143 0.022857
0 0.195000 0.182381 0.008571 0.020000
0 0.305357 0.147143 0.007857 0.012381
0 0.414286 0.167143 0.005714 0.012381
0 0.250357 0.225238 0.009286 0.020000
0 0.308571 0.252857 0.008571 0.016190
0 0.330714 0.270952 0.008571 0.016190
0 0.247143 0.312857 0.011429 0.023810
0 0.208571 0.268571 0.008571 0.020952
0 0.326071 0.476667 0.010714 0.018095
0 0.034643 0.382381 0.010714 0.020000
0 0.022500 0.499048 0.010714 0.020952
0 0.010357 0.623333 0.013571 0.018095
0 0.006786 0.628571 0.012143 0.011429
0 0.277143 0.540000 0.012857 0.032381
0 0.259286 0.540000 0.011429 0.024762
0 0.315357 0.886190 0.013571 0.020000
0 0.315000 0.876667 0.014286 0.014286
0 0.521071 0.984286 0.009286 0.018095
0 0.550000 0.992857 0.008571 0.014286
0 0.468929 0.595714 0.009286 0.020000
0 0.515714 0.523333 0.007143 0.021905
0 0.488571 0.506190 0.007143 0.021905
0 0.452857 0.305238 0.005714 0.018095
2 0.087500 0.401429 0.042143 0.052381
2 0.188929 0.268571 0.040714 0.051429
2 0.240000 0.200952 0.038571 0.051429
2 0.177857 0.225238 0.038571 0.042857
2 0.283929 0.141905 0.023571 0.043810
2 0.287857 0.103810 0.017143 0.036190
2 0.286786 0.071429 0.017857 0.038095
2 0.346786 0.106190 0.020714 0.042857
2 0.358214 0.187143 0.020714 0.046667
2 0.366429 0.338095 0.022857 0.057143
2 0.369643 0.495238 0.022143 0.064762
2 0.527143 0.894286 0.038571 0.120000
2 0.475357 0.332381 0.023571 0.055238
2 0.460714 0.227619 0.022857 0.043810
2 0.455714 0.185714 0.025714 0.040000
0 0.606071 0.403333 0.007857 0.020000
0 0.601429 0.613333 0.010000 0.022857
2 0.651786 0.074762 0.040714 0.023810
2 0.653571 0.093333 0.038571 0.020952
2 0.704643 0.087619 0.039286 0.024762
2 0.702143 0.106667 0.041429 0.028571
2 0.702857 0.123810 0.042857 0.026667
2 0.241786 0.290476 0.045000 0.053333