2 0.951071 0.454762 0.087857 0.054286
2 0.571071 0.495714 0.100714 0.048571
2 0.427143 0.515238 0.097143 0.066667
2 0.274643 0.531905 0.102143 0.061905
2 0.393929 0.418095 0.087857 0.047619
2 0.056071 0.499048 0.110714 0.059048
2 0.137857 0.442381 0.112857 0.054286
2 0.136071 0.543333 0.123571 0.065714
0 0.389286 0.223810 0.012857 0.032381
2 0.322500 0.174762 0.027857 0.042857
2 0.279286 0.186190 0.058571 0.037143
2 0.534286 0.249048 0.035714 0.058095
2 0.565000 0.249524 0.030000 0.053333
2 0.503929 0.180952 0.033571 0.049524
2 0.533929 0.182857 0.029286 0.041905
2 0.574286 0.174286 0.027143 0.043810
2 0.716786 0.241429 0.042143 0.063810
2 0.826071 0.221429 0.056429 0.029524