2 0.477857 0.530000 0.020000 0.035238
2 0.481071 0.468571 0.015000 0.020952
2 0.508571 0.441429 0.012857 0.021905
2 0.563929 0.380476 0.007857 0.010476
2 0.520000 0.376190 0.010000 0.011429
2 0.520000 0.361429 0.010000 0.010476
2 0.537857 0.360952 0.008571 0.009524
2 0.554643 0.370952 0.007857 0.008571
2 0.554286 0.355238 0.007143 0.007619
2 0.563214 0.350952 0.006429 0.008571
2 0.552500 0.346190 0.006429 0.008571
2 0.537500 0.317143 0.006429 0.007619
2 0.545000 0.313810 0.005714 0.006667
2 0.551786 0.313333 0.005000 0.005714
2 0.567857 0.320000 0.005714 0.005714
0 0.322143 0.738571 0.010000 0.020000