0 0.440000 0.047143 0.004286 0.021905
0 0.435714 0.077619 0.005714 0.018095
0 0.420714 0.090000 0.010000 0.018095
0 0.417500 0.106667 0.007857 0.013333
0 0.401429 0.128571 0.008571 0.026667
0 0.321786 0.180000 0.007857 0.024762
0 0.430000 0.133810 0.008571 0.023810
0 0.414286 0.194286 0.008571 0.020952
0 0.399286 0.175238 0.008571 0.024762
0 0.390357 0.178571 0.009286 0.021905
0 0.385357 0.186667 0.007857 0.022857
0 0.397500 0.210000 0.006429 0.023810
0 0.388571 0.207143 0.008571 0.023810
0 0.364286 0.258571 0.007143 0.020000
0 0.364286 0.243333 0.007143 0.025714
0 0.469286 0.084286 0.008571 0.025714
2 0.504286 0.122857 0.030000 0.060952
0 0.528571 0.101905 0.007143 0.022857
0 0.426071 0.007143 0.007857 0.014286
0 0.534643 0.008095 0.006429 0.016190
0 0.565000 0.023810 0.008571 0.017143
0 0.577143 0.026190 0.005714 0.010476
0 0.607143 0.023333 0.010000 0.018095
0 0.611071 0.011905 0.006429 0.020000
0 0.618214 0.011905 0.006429 0.018095
0 0.769643 0.018095 0.009286 0.024762
0 0.839643 0.053810 0.007857 0.023810
2 0.781786 0.011429 0.050714 0.020952
0 0.653929 0.069048 0.006429 0.018095
0 0.645714 0.042381 0.007143 0.016190
0 0.637857 0.036190 0.007143 0.022857
0 0.646071 0.037619 0.006429 0.021905
0 0.548214 0.045238 0.006429 0.018095
0 0.523571 0.165714 0.005714 0.024762
0 0.577500 0.101429 0.007857 0.018095
0 0.593214 0.164286 0.006429 0.023810
2 0.422500 0.888095 0.086429 0.067619
2 0.311786 0.949048 0.055000 0.100000
0 0.515357 0.975238 0.015000 0.022857
0 0.272857 0.846667 0.014286 0.017143
0 0.251786 0.870952 0.016429 0.018095
0 0.235714 0.865238 0.018571 0.012381
0 0.155357 0.822857 0.017857 0.011429
0 0.143214 0.783333 0.019286 0.012381
0 0.122857 0.780000 0.020000 0.013333
0 0.126071 0.747619 0.019286 0.015238
0 0.148929 0.728571 0.022143 0.015238
0 0.153571 0.670952 0.017143 0.023810
0 0.165357 0.666667 0.010714 0.028571
0 0.154286 0.641905 0.017143 0.013333
0 0.236071 0.583333 0.013571 0.016190
2 0.270000 0.544762 0.057143 0.078095
0 0.366786 0.440476 0.009286 0.012381
2 0.453214 0.308571 0.029286 0.066667
2 0.439643 0.387143 0.035000 0.069524
2 0.417857 0.486190 0.038571 0.082857
2 0.473929 0.578095 0.072143 0.051429
2 0.488929 0.522381 0.070714 0.046667
0 0.527500 0.450000 0.006429 0.021905
0 0.479286 0.430476 0.008571 0.019048
0 0.490714 0.440476 0.008571 0.023810
0 0.598214 0.222857 0.007857 0.024762
0 0.585714 0.227143 0.011429 0.027619
0 0.570714 0.239524 0.008571 0.025714
0 0.566786 0.317143 0.009286 0.026667
0 0.521429 0.493333 0.008571 0.019048
0 0.550714 0.536667 0.008571 0.021905
0 0.502500 0.612381 0.007857 0.019048
0 0.536429 0.639524 0.010000 0.014286
2 0.447857 0.673810 0.065714 0.048571
0 0.247143 0.731905 0.012857 0.018095
0 0.245714 0.711905 0.015714 0.020000
2 0.885357 0.077619 0.050714 0.029524
0 0.988571 0.038095 0.010000 0.022857
0 0.967857 0.056667 0.015714 0.021905