0 0.079643 0.532381 0.022143 0.030476
0 0.180357 0.530000 0.019286 0.029524
0 0.185357 0.494762 0.022143 0.023810
0 0.600000 0.539524 0.012857 0.023810
0 0.495357 0.566190 0.017857 0.023810
0 0.591071 0.607143 0.015000 0.021905
0 0.828571 0.870476 0.018571 0.024762
0 0.441429 0.779524 0.020000 0.033333
2 0.043214 0.740476 0.086429 0.071429
2 0.019643 0.383333 0.039286 0.058095
2 0.521786 0.520000 0.079286 0.051429
2 0.774286 0.482381 0.094286 0.063810
2 0.890714 0.472381 0.091429 0.059048
2 0.973214 0.555714 0.053571 0.054286
2 0.737143 0.751905 0.082857 0.063810