2 0.033000 0.811667 0.026000 0.043333
2 0.062000 0.771667 0.025000 0.039333
2 0.054750 0.539333 0.019500 0.022667
2 0.095000 0.570333 0.017000 0.022000
2 0.114000 0.617667 0.020000 0.026000
2 0.089250 0.553333 0.018500 0.022667
0 0.071750 0.546000 0.005500 0.013333
0 0.133250 0.542333 0.005500 0.014000
0 0.016250 0.482333 0.004500 0.010000
0 0.030250 0.479000 0.004500 0.010000
2 0.062500 0.453000 0.026000 0.019333
0 0.098500 0.490667 0.005000 0.013333
0 0.073000 0.462000 0.005000 0.010667
0 0.065000 0.390333 0.004000 0.010000
2 0.064000 0.423667 0.022000 0.012667
2 0.043750 0.426333 0.013500 0.014000
2 0.038500 0.415000 0.012000 0.014000
2 0.057750 0.410333 0.021500 0.012667
2 0.061000 0.402000 0.023000 0.010667
2 0.050500 0.395333 0.020000 0.010667
2 0.048000 0.381000 0.019000 0.011333
2 0.031500 0.392333 0.011000 0.011333
2 0.027250 0.382667 0.012500 0.012000
2 0.022000 0.365667 0.010000 0.010000
0 0.015000 0.388000 0.004000 0.009333
0 0.020250 0.398333 0.003500 0.008667
0 0.007250 0.359667 0.004500 0.008667
0 0.001750 0.342000 0.003500 0.009333
2 0.016750 0.351000 0.009500 0.010000
0 0.110750 0.528333 0.005500 0.014000
0 0.093250 0.643667 0.007500 0.014000
0 0.101500 0.665333 0.007000 0.014667
0 0.108750 0.686000 0.006500 0.012000
0 0.119000 0.682667 0.006000 0.017333
0 0.117250 0.717000 0.007500 0.015333
2 0.123500 0.641333 0.020000 0.026667
2 0.133000 0.669333 0.023000 0.029333
2 0.156250 0.735333 0.024500 0.036000
2 0.167250 0.768667 0.028500 0.041333
0 0.143000 0.788000 0.008000 0.013333
0 0.160000 0.634000 0.006000 0.017333
0 0.212250 0.951000 0.006500 0.024667
2 0.436250 0.918000 0.049500 0.050667
2 0.404250 0.875667 0.046500 0.048667
0 0.569000 0.986333 0.005000 0.012667
0 0.568250 0.990333 0.005500 0.019333
2 0.491250 0.815000 0.040500 0.040667
2 0.519750 0.683667 0.032500 0.028667
2 0.509750 0.666333 0.034500 0.028667
2 0.496250 0.651000 0.033500 0.022000
2 0.486750 0.614000 0.025500 0.021333
2 0.531000 0.560667 0.030000 0.024000
2 0.934250 0.510333 0.026500 0.020667
2 0.961750 0.495000 0.023500 0.020667
2 0.982750 0.455000 0.021500 0.018000
2 0.925750 0.482667 0.023500 0.018667
2 0.933750 0.441667 0.022500 0.018000