2 0.313571 0.147619 0.034286 0.099048
2 0.456429 0.034762 0.030000 0.067619
2 0.451071 0.130000 0.033571 0.096190
2 0.535000 0.096667 0.032857 0.101905
2 0.456429 0.357619 0.032857 0.094286
2 0.312857 0.373810 0.038571 0.103810
2 0.309643 0.512381 0.035000 0.104762
2 0.303214 0.765238 0.037857 0.119048
2 0.310000 0.902381 0.038571 0.115238
2 0.398214 0.652857 0.035000 0.120952
2 0.517857 0.600000 0.034286 0.102857
2 0.457857 0.617143 0.035714 0.106667
2 0.524286 0.721905 0.038571 0.108571
0 0.505714 0.775714 0.011429 0.023810
2 0.620357 0.761429 0.020714 0.042857
0 0.555714 0.573810 0.012857 0.023810
0 0.573929 0.570952 0.012143 0.014286
0 0.554286 0.270000 0.008571 0.021905
0 0.559286 0.270476 0.010000 0.022857