2 0.318929 0.560476 0.063571 0.147619
2 0.353214 0.936667 0.080714 0.126667
0 0.148929 0.596667 0.025000 0.039048
2 0.336786 0.221905 0.063571 0.102857
2 0.082143 0.154762 0.090000 0.065714
2 0.102500 0.110476 0.086429 0.062857
2 0.159286 0.044286 0.077143 0.054286
2 0.191071 0.022857 0.077857 0.045714
2 0.376429 0.019524 0.071429 0.039048
2 0.358929 0.041905 0.075000 0.049524
2 0.343571 0.073333 0.080000 0.053333
2 0.427500 0.056667 0.059286 0.092381
0 0.436786 0.115714 0.015000 0.033333
0 0.583929 0.178095 0.012143 0.032381
0 0.541071 0.253810 0.010714 0.029524
2 0.628214 0.182857 0.046429 0.091429
0 0.711786 0.145238 0.015000 0.044762
2 0.562857 0.430476 0.065714 0.127619
2 0.456786 0.743810 0.090714 0.148571
2 0.442143 0.947143 0.074286 0.105714