0 0.227250 0.851667 0.008500 0.022000
0 0.228750 0.859000 0.013500 0.047333
2 0.293000 0.711333 0.072000 0.042667
2 0.320000 0.686667 0.067000 0.038667
2 0.341000 0.662333 0.070000 0.035333
2 0.378500 0.506667 0.037000 0.018667
2 0.382250 0.493333 0.033500 0.016000
2 0.381750 0.475333 0.026500 0.014667
2 0.388250 0.470667 0.026500 0.014667
2 0.407500 0.422000 0.009000 0.010667
2 0.419250 0.426000 0.009500 0.010667
2 0.472000 0.382000 0.011000 0.005333
0 0.568250 0.643333 0.012500 0.020000
0 0.576500 0.624667 0.006000 0.025333
0 0.582250 0.624667 0.007500 0.029333
2 0.541500 0.584000 0.023000 0.029333
2 0.533750 0.557333 0.019500 0.024000
0 0.501250 0.535333 0.005500 0.014667
2 0.526250 0.534333 0.018500 0.022000
2 0.512000 0.462000 0.011000 0.013333
2 0.508000 0.439333 0.010000 0.012000
2 0.501500 0.412333 0.008000 0.008667
2 0.498500 0.399000 0.007000 0.007333
0 0.508250 0.402667 0.001500 0.008000
2 0.497250 0.385667 0.012500 0.006000
0 0.483000 0.389000 0.002000 0.004667
2 0.495750 0.366000 0.003500 0.005333
2 0.496500 0.367667 0.004000 0.004667
2 0.496500 0.370333 0.005000 0.006000
2 0.477500 0.363667 0.004000 0.004667
2 0.484500 0.364333 0.004000 0.004667
2 0.486500 0.357000 0.004000 0.003333
2 0.493000 0.355667 0.003000 0.003333
2 0.479250 0.345000 0.002500 0.003333
0 0.344250 0.975667 0.014500 0.048667
0 0.365250 0.976667 0.015500 0.046667
2 0.631000 0.978000 0.057000 0.044000
2 0.597250 0.854333 0.047500 0.082000
0 0.767250 0.686667 0.009500 0.026667
0 0.723250 0.634000 0.007500 0.020000
2 0.893000 0.685667 0.073000 0.034000
2 0.573250 0.362667 0.007500 0.005333
2 0.519000 0.363667 0.009000 0.004667
2 0.524000 0.360667 0.009000 0.004000
2 0.559000 0.359000 0.009000 0.003333
2 0.557000 0.357667 0.008000 0.004667
2 0.549250 0.354000 0.007500 0.004000
2 0.537750 0.351000 0.002500 0.003333
2 0.548750 0.352667 0.006500 0.004000
2 0.547500 0.351333 0.006000 0.004000
2 0.546000 0.350000 0.008000 0.004000
2 0.542250 0.347667 0.005500 0.003333
2 0.541250 0.346667 0.006500 0.002667
2 0.539000 0.346333 0.006000 0.003333
2 0.538000 0.344667 0.006000 0.002667
2 0.532250 0.342333 0.006500 0.003333
2 0.506750 0.338000 0.005500 0.002667
0 0.361000 0.431667 0.004000 0.011333
2 0.530000 0.352333 0.007000 0.003333
2 0.528250 0.351667 0.006500 0.003333
2 0.527500 0.350333 0.007000 0.004667
0 0.513500 0.402667 0.002000 0.009333