2 0.198929 0.071905 0.012143 0.023810
2 0.255000 0.141429 0.012857 0.021905
2 0.628214 0.466667 0.022143 0.015238
2 0.417143 0.446667 0.021429 0.013333
2 0.371786 0.450476 0.022143 0.020952
2 0.348929 0.510952 0.020714 0.016190
2 0.426429 0.552857 0.022857 0.018095
2 0.432143 0.567619 0.021429 0.017143
2 0.435357 0.584286 0.022143 0.018095
2 0.440357 0.599048 0.022143 0.019048
2 0.477500 0.498095 0.022143 0.013333
2 0.480714 0.535714 0.017143 0.016190
2 0.497857 0.566667 0.017143 0.013333
2 0.472143 0.630476 0.012857 0.030476
2 0.507500 0.599524 0.019286 0.016190
2 0.310714 0.661429 0.014286 0.029524
2 0.286429 0.561905 0.011429 0.028571
2 0.311786 0.556190 0.022143 0.015238
2 0.257857 0.561429 0.011429 0.029524
2 0.246071 0.566190 0.012143 0.027619
2 0.234643 0.569524 0.013571 0.030476
2 0.264286 0.510952 0.012857 0.027619
2 0.252143 0.446190 0.024286 0.014286
2 0.215357 0.444286 0.023571 0.014286
2 0.188571 0.437619 0.022857 0.016190
2 0.027500 0.552857 0.013571 0.027619
2 0.126786 0.526190 0.023571 0.014286
2 0.022500 0.783810 0.016429 0.036190