2 0.317850 0.016234 0.021921 0.017625
2 0.315762 0.006494 0.019833 0.012987
0 0.401618 0.064935 0.002610 0.018553
2 0.391701 0.092764 0.010960 0.024119
2 0.308716 0.119202 0.026618 0.021336
2 0.310804 0.088126 0.024530 0.018553
2 0.283142 0.371985 0.041232 0.031540
2 0.219207 0.439703 0.020877 0.059369
2 0.066806 0.449443 0.016701 0.034323
2 0.038100 0.449907 0.015658 0.031540
2 0.508351 0.364100 0.016701 0.045455
2 0.533403 0.364564 0.018789 0.046382
2 0.466858 0.651206 0.043319 0.066790
2 0.515397 0.730983 0.046451 0.074212
2 0.395094 0.910946 0.053236 0.090909
2 0.482255 0.983302 0.037578 0.031540
2 0.636743 0.348330 0.020877 0.039889
0 0.706159 0.340909 0.004175 0.015770
0 0.723643 0.347403 0.004697 0.021336
2 0.758090 0.345083 0.038100 0.029685
2 0.825939 0.287106 0.032881 0.025046
2 0.866127 0.296382 0.034969 0.030612
2 0.847338 0.325603 0.034969 0.029685
2 0.950939 0.306586 0.030271 0.041744
0 0.472599 0.471707 0.005741 0.017625