2 0.188214 0.132381 0.056429 0.091429
2 0.200714 0.381905 0.060000 0.097143
2 0.305714 0.310000 0.058571 0.098095
2 0.261071 0.206667 0.057857 0.091429
2 0.322857 0.225238 0.057143 0.100000
2 0.341786 0.422381 0.059286 0.105714
2 0.175357 0.016190 0.042143 0.032381
2 0.386071 0.525714 0.062143 0.104762
0 0.367500 0.249048 0.012143 0.027619
0 0.216071 0.242857 0.015000 0.028571
0 0.182500 0.206190 0.015000 0.023810
0 0.148929 0.118571 0.020714 0.027619
2 0.330357 0.820952 0.072143 0.125714
2 0.949286 0.917143 0.084286 0.139048
2 0.716429 0.701429 0.085714 0.086667
2 0.552857 0.808571 0.101429 0.095238
0 0.485357 0.526190 0.012143 0.023810