2 0.399643 0.782381 0.059286 0.168571
2 0.685714 0.604286 0.085714 0.120952
2 0.415714 0.542857 0.050000 0.129524
2 0.371071 0.958571 0.059286 0.082857
2 0.682857 0.482857 0.082857 0.121905
2 0.683214 0.350476 0.077857 0.093333
2 0.428214 0.380952 0.053571 0.131429
2 0.456071 0.229524 0.053571 0.095238
2 0.676071 0.267619 0.087857 0.081905
2 0.668929 0.203333 0.086429 0.071429
2 0.667500 0.130952 0.083571 0.073333
2 0.670357 0.061905 0.080714 0.059048
2 0.456071 0.088571 0.047857 0.074286
2 0.663214 0.018095 0.063571 0.036190