2 0.368929 0.566190 0.062143 0.096190
2 0.710357 0.757619 0.129286 0.157143
2 0.622857 0.640952 0.102857 0.114286
0 0.564286 0.586190 0.017143 0.058095
2 0.908214 0.716667 0.170714 0.159048
2 0.765357 0.587143 0.113571 0.101905
0 0.792500 0.455714 0.006429 0.044762
0 0.797857 0.455714 0.010000 0.039048
2 0.685357 0.507619 0.083571 0.076190
2 0.493571 0.457143 0.057143 0.057143
2 0.421071 0.434286 0.050714 0.057143
2 0.461786 0.409048 0.045000 0.050476
2 0.438929 0.374762 0.042143 0.046667
2 0.417857 0.342857 0.035714 0.041905
2 0.394286 0.317619 0.031429 0.035238
2 0.346786 0.294286 0.027857 0.032381
2 0.340000 0.271905 0.021429 0.025714
2 0.091429 0.428571 0.055714 0.053333
0 0.550357 0.320476 0.010714 0.035238
2 0.111786 0.385714 0.039286 0.045714
0 0.052500 0.395714 0.017857 0.035238
0 0.085357 0.383810 0.013571 0.034286
0 0.106071 0.443333 0.013571 0.040952
0 0.130357 0.394286 0.015000 0.034286
0 0.132857 0.369048 0.012857 0.031429
0 0.151071 0.360000 0.010714 0.026667
0 0.193929 0.316667 0.010714 0.025714
2 0.502500 0.271905 0.029286 0.027619
2 0.129286 0.339524 0.030000 0.031429
0 0.087857 0.354286 0.012857 0.034286
2 0.136786 0.313333 0.032143 0.030476
2 0.170357 0.284286 0.023571 0.029524
2 0.206429 0.267619 0.022857 0.024762
2 0.177857 0.257143 0.018571 0.020952
2 0.192143 0.221905 0.012857 0.017143
2 0.188571 0.169524 0.010000 0.011429
2 0.196786 0.192857 0.012143 0.012381
2 0.255714 0.182381 0.014286 0.014286
2 0.250000 0.168571 0.008571 0.011429
2 0.381429 0.299524 0.027143 0.031429
2 0.374286 0.281905 0.024286 0.028571
2 0.357500 0.261905 0.022143 0.028571
2 0.346786 0.247619 0.019286 0.024762
2 0.340000 0.237143 0.014286 0.020952
2 0.333571 0.229048 0.015714 0.021905
2 0.327500 0.218571 0.015000 0.016190
2 0.321429 0.210476 0.012857 0.015238
2 0.316429 0.203810 0.014286 0.013333
2 0.288214 0.184762 0.010714 0.013333
2 0.276429 0.163810 0.010000 0.011429
2 0.271786 0.160000 0.007857 0.011429
2 0.322500 0.150000 0.016429 0.008571
0 0.320357 0.308095 0.010714 0.023810