0 0.049061 0.525510 0.021921 0.041744
0 0.122129 0.519944 0.020877 0.036178
0 0.147965 0.479128 0.018267 0.032468
0 0.138309 0.517625 0.017745 0.038961
0 0.014092 0.651670 0.019833 0.032468
0 0.010177 0.648423 0.020355 0.027829
2 0.152401 0.751391 0.100209 0.087199
2 0.460595 0.902597 0.053758 0.189239
0 0.406054 0.453618 0.008351 0.040816
0 0.396921 0.514842 0.015136 0.037106
0 0.594990 0.614100 0.015658 0.033395
0 0.849426 0.712894 0.018267 0.030612
0 0.668841 0.536178 0.010960 0.022263
0 0.670146 0.533859 0.015658 0.028757
0 0.676409 0.535714 0.012526 0.030612