0 0.443571 0.844286 0.024286 0.056190
0 0.428571 0.498571 0.018571 0.056190
0 0.295000 0.552381 0.022857 0.055238
0 0.390000 0.802857 0.028571 0.055238
0 0.495000 0.644762 0.020000 0.036190
0 0.528929 0.432381 0.026429 0.059048
0 0.101429 0.319048 0.024286 0.051429
2 0.218571 0.302381 0.064286 0.086667
2 0.418929 0.173333 0.037857 0.051429
2 0.263929 0.216190 0.047857 0.059048
2 0.456071 0.056667 0.026429 0.037143
2 0.314643 0.118095 0.039286 0.043810
2 0.337143 0.080000 0.034286 0.049524
2 0.354643 0.040476 0.027857 0.040952
2 0.367500 0.015238 0.025000 0.030476
2 0.552500 0.047619 0.042143 0.036190
2 0.558571 0.019524 0.050000 0.027619
0 0.357500 0.095714 0.009286 0.031429
0 0.378214 0.026667 0.007857 0.026667
0 0.502500 0.081429 0.009286 0.031429
0 0.517857 0.044762 0.010000 0.032381