2 0.043319 0.413729 0.020877 0.040816
2 0.065762 0.082096 0.009395 0.017625
2 0.054541 0.043135 0.008873 0.012059
2 0.065501 0.018553 0.006785 0.011132
2 0.057150 0.006957 0.005741 0.010204
2 0.343424 0.259276 0.022965 0.025046
2 0.506524 0.405380 0.031837 0.022263
2 0.511221 0.421150 0.029749 0.025974
2 0.527140 0.492579 0.034447 0.029685
2 0.103340 0.012523 0.009395 0.010204
0 0.159186 0.221243 0.004175 0.013915
0 0.185282 0.243970 0.005219 0.012987
0 0.156837 0.149814 0.003653 0.010204
0 0.144050 0.086271 0.003132 0.012987
0 0.210334 0.315863 0.004175 0.017625
0 0.219468 0.383117 0.004697 0.014842
0 0.343424 0.772727 0.010438 0.020408
0 0.017484 0.076067 0.002610 0.009276
0 0.032359 0.055195 0.003132 0.008349