0 0.417000 0.661333 0.026000 0.096000
0 0.458750 0.618667 0.025500 0.085333
0 0.437500 0.591000 0.016000 0.078000
0 0.354750 0.751333 0.020500 0.117333
0 0.369750 0.733333 0.025500 0.110667
0 0.356750 0.705000 0.029500 0.104667
2 0.250500 0.612333 0.185000 0.090000
0 0.245500 0.659000 0.029000 0.042000
0 0.225500 0.651667 0.035000 0.051333
0 0.174500 0.661667 0.018000 0.036667
0 0.377250 0.592667 0.028500 0.072000
0 0.258750 0.441333 0.007500 0.036000
0 0.266000 0.441000 0.011000 0.034000
0 0.110000 0.421667 0.008000 0.020667
0 0.150000 0.414000 0.008000 0.012000
0 0.311500 0.417667 0.009000 0.022000
0 0.320250 0.413667 0.008500 0.012667
0 0.279250 0.408667 0.013500 0.022667
0 0.212750 0.402000 0.006500 0.014667
0 0.236750 0.393667 0.006500 0.008667
0 0.242250 0.392333 0.004500 0.007333
2 0.211000 0.395000 0.034000 0.022000
2 0.194750 0.397333 0.029500 0.020000
2 0.191500 0.402000 0.026000 0.017333
2 0.229500 0.392000 0.027000 0.018667
2 0.302250 0.391333 0.026500 0.024000
2 0.277000 0.393667 0.021000 0.019333
0 0.445750 0.435000 0.006500 0.027333
0 0.433500 0.453333 0.010000 0.038667
0 0.425000 0.460000 0.005000 0.028000
0 0.419750 0.454000 0.006500 0.037333
0 0.413250 0.456333 0.007500 0.036667
0 0.368250 0.562000 0.017500 0.069333
0 0.389250 0.508000 0.011500 0.048000
0 0.433500 0.542333 0.017000 0.055333
0 0.448750 0.519333 0.014500 0.057333
0 0.404500 0.512000 0.016000 0.052000
0 0.468000 0.498667 0.011000 0.022667
0 0.555750 0.564333 0.023500 0.062000
0 0.651000 0.525333 0.018000 0.053333
0 0.662000 0.533333 0.011000 0.045333
0 0.681500 0.528333 0.018000 0.056667
0 0.713000 0.562667 0.020000 0.064000
0 0.748250 0.592667 0.028500 0.072000
0 0.813250 0.528667 0.019500 0.048000
0 0.665500 0.661333 0.030000 0.052000
0 0.719500 0.730000 0.026000 0.093333
0 0.862250 0.553000 0.017500 0.068667
2 0.928000 0.581000 0.144000 0.106000
0 0.896500 0.642667 0.025000 0.061333
0 0.917750 0.637000 0.027500 0.078000
0 0.236250 0.449333 0.009500 0.022667
2 0.166500 0.366667 0.030000 0.012000
2 0.185750 0.377333 0.029500 0.014667
2 0.267750 0.375000 0.035500 0.015333
2 0.315500 0.386000 0.017000 0.020000
2 0.331750 0.381000 0.014500 0.018000