2 0.949113 0.339981 0.030793 0.056586
2 0.471555 0.431818 0.044363 0.043599
2 0.479906 0.301948 0.038100 0.034323
2 0.483559 0.178571 0.034969 0.032468
2 0.482255 0.152597 0.025052 0.025046
2 0.485386 0.107607 0.030271 0.024119
2 0.599948 0.089054 0.033925 0.027829
2 0.639614 0.088126 0.030793 0.027829
2 0.486430 0.071892 0.033403 0.026902
2 0.489301 0.007885 0.029749 0.015770
2 0.172495 0.377087 0.046451 0.039889
2 0.234081 0.162801 0.036013 0.034323
2 0.171190 0.603896 0.054280 0.044527
2 0.017223 0.768553 0.034447 0.054731
2 0.460073 0.819573 0.060021 0.054731
2 0.420929 0.928571 0.063152 0.063080
2 0.649791 0.826067 0.057411 0.051020