2 0.954643 0.661905 0.067857 0.066667
2 0.940714 0.041429 0.014286 0.025714
2 0.949286 0.050952 0.014286 0.027619
2 0.976071 0.122857 0.017857 0.030476
2 0.981071 0.153333 0.015000 0.032381
2 0.976429 0.195714 0.021429 0.035238
2 0.961429 0.311905 0.025714 0.044762
2 0.996786 0.281905 0.006429 0.036190
2 0.716071 0.465238 0.029286 0.033333
2 0.697500 0.697143 0.039286 0.030476
2 0.705000 0.658571 0.032857 0.027619
2 0.704643 0.620000 0.037857 0.026667
2 0.634643 0.577619 0.026429 0.021905
2 0.661786 0.626190 0.032143 0.025714
2 0.645357 0.654762 0.032143 0.027619
2 0.653929 0.690000 0.033571 0.027619
2 0.617143 0.683810 0.031429 0.026667
2 0.610357 0.649048 0.029286 0.025714
2 0.626429 0.619048 0.028571 0.022857
2 0.589643 0.618571 0.027857 0.023810
2 0.577857 0.648095 0.022857 0.021905
2 0.586429 0.677143 0.030000 0.026667
2 0.559643 0.676190 0.023571 0.022857
2 0.568214 0.619524 0.020714 0.020000
2 0.553929 0.647619 0.020714 0.017143
2 0.540000 0.667619 0.022857 0.020952
2 0.519643 0.660952 0.019286 0.017143
2 0.542143 0.618095 0.018571 0.017143
2 0.547500 0.585238 0.017857 0.018095
2 0.572143 0.546190 0.020000 0.016190
2 0.508214 0.640000 0.017857 0.015238
2 0.523214 0.619048 0.017857 0.017143
2 0.491071 0.637619 0.015000 0.016190
2 0.497500 0.617619 0.016429 0.018095
2 0.482857 0.618095 0.015714 0.015238
2 0.475357 0.635238 0.015000 0.015238
2 0.463929 0.617143 0.013571 0.015238
0 0.457857 0.690000 0.008571 0.010476
0 0.468571 0.545714 0.005714 0.007619
2 0.458214 0.576667 0.010714 0.010476
2 0.414286 0.590000 0.008571 0.010476
2 0.371071 0.594286 0.006429 0.007619
2 0.367500 0.620952 0.007857 0.007619
2 0.352857 0.649048 0.007143 0.008571
2 0.338214 0.629524 0.005000 0.007619
0 0.340357 0.584762 0.003571 0.005714
2 0.322143 0.601905 0.004286 0.005714
2 0.305714 0.618095 0.004286 0.005714
2 0.308929 0.600000 0.003571 0.005714
2 0.302143 0.624286 0.002857 0.004762
2 0.266429 0.678571 0.005714 0.010476
2 0.254643 0.683333 0.003571 0.004762
2 0.294643 0.620000 0.003571 0.003810
2 0.296429 0.614286 0.002857 0.003810
2 0.290357 0.601905 0.002143 0.003810
2 0.286786 0.599524 0.003571 0.004762
2 0.286429 0.613810 0.002857 0.004762
2 0.290357 0.619524 0.003571 0.004762
2 0.286429 0.618095 0.002857 0.003810
2 0.279286 0.617619 0.002857 0.004762
2 0.295714 0.657619 0.007143 0.012381
2 0.293214 0.656190 0.006429 0.013333
2 0.290000 0.653333 0.007143 0.013333
2 0.301071 0.660476 0.007857 0.014286