0 0.453750 0.989000 0.021500 0.022000
0 0.525500 0.976333 0.032000 0.047333
0 0.505750 0.916667 0.041500 0.037333
0 0.042000 0.925000 0.054000 0.043333
0 0.063750 0.902333 0.052500 0.040667
0 0.222750 0.881333 0.039500 0.052000
0 0.256250 0.772667 0.038500 0.056000
0 0.148750 0.913333 0.055500 0.054667
0 0.148750 0.773000 0.051500 0.052667
0 0.310000 0.673333 0.030000 0.053333
0 0.908750 0.478667 0.018500 0.037333
0 0.605000 0.539000 0.019000 0.026000
0 0.588250 0.559667 0.020500 0.031333
0 0.624000 0.518000 0.020000 0.041333
0 0.597250 0.506667 0.019500 0.032000
0 0.519000 0.521333 0.019000 0.042667
0 0.554250 0.507333 0.016500 0.041333
0 0.313500 0.550333 0.026000 0.050000
0 0.116750 0.685000 0.036500 0.047333
0 0.140500 0.672000 0.024000 0.036000
0 0.090750 0.592667 0.036500 0.037333
0 0.114250 0.635667 0.031500 0.048667
0 0.211750 0.475667 0.033500 0.052667
0 0.222250 0.448000 0.021500 0.060000
0 0.530000 0.278000 0.018000 0.037333
0 0.236500 0.260667 0.018000 0.037333
0 0.212000 0.270000 0.019000 0.041333
0 0.209000 0.265667 0.013000 0.020667
2 0.022000 0.172667 0.043000 0.053333
2 0.078500 0.157000 0.050000 0.063333
2 0.126250 0.152333 0.053500 0.079333
2 0.179000 0.306000 0.096000 0.060000
2 0.158750 0.250333 0.099500 0.059333
2 0.281500 0.126000 0.043000 0.061333
2 0.389250 0.111667 0.043500 0.056667
2 0.434500 0.094333 0.038000 0.063333
0 0.316250 0.043667 0.011500 0.027333
2 0.512000 0.246000 0.106000 0.064000
2 0.540250 0.212000 0.092500 0.064000
2 0.572500 0.170000 0.074000 0.076000
0 0.491000 0.125667 0.014000 0.031333
0 0.586250 0.126000 0.012500 0.040000
0 0.595500 0.133667 0.010000 0.027333
0 0.633750 0.071333 0.005500 0.036000
0 0.621000 0.052000 0.006000 0.018667
0 0.627000 0.055333 0.006000 0.017333
0 0.678500 0.063000 0.009000 0.035333
2 0.615750 0.008667 0.044500 0.017333
2 0.505750 0.077333 0.059500 0.050667
2 0.555250 0.039667 0.052500 0.054000
0 0.492750 0.034667 0.004500 0.028000
0 0.487000 0.038000 0.006000 0.037333
0 0.487500 0.025333 0.005000 0.033333
2 0.461500 0.034667 0.051000 0.046667
2 0.460250 0.008333 0.039500 0.015333