2 0.597143 0.864848 0.024286 0.085025
2 0.602500 0.672589 0.022143 0.058376
2 0.558571 0.383883 0.012857 0.031726
2 0.468571 0.282360 0.011429 0.021574
2 0.430000 0.244289 0.007143 0.016497
2 0.495000 0.223350 0.010000 0.020305
2 0.495000 0.187817 0.010000 0.017766
2 0.492143 0.163706 0.008571 0.017766
2 0.508214 0.166878 0.007857 0.019036
2 0.467857 0.025381 0.005714 0.010152
2 0.435357 0.164340 0.006429 0.011421
2 0.438571 0.150381 0.007143 0.013959
2 0.441071 0.135787 0.006429 0.012690
2 0.663214 0.207487 0.019286 0.013959
2 0.597500 0.236041 0.020714 0.012690
2 0.596071 0.231599 0.020714 0.013959
2 0.568929 0.210660 0.017857 0.017766
2 0.374286 0.447970 0.021429 0.025381
2 0.457857 0.177665 0.008571 0.017766
2 0.450714 0.109137 0.007143 0.007614
2 0.446429 0.160533 0.005714 0.016497
2 0.626071 0.233503 0.017857 0.015228
2 0.551786 0.175127 0.007857 0.020305
2 0.715357 0.206853 0.020714 0.012690
2 0.873571 0.182741 0.021429 0.012690
2 0.908929 0.177030 0.022143 0.013959
2 0.717500 0.179569 0.012143 0.016497
2 0.452857 0.969543 0.024286 0.058376
0 0.588571 0.403553 0.004286 0.020305
0 0.577857 0.323604 0.004286 0.020305
0 0.566786 0.257614 0.005000 0.012690
0 0.583929 0.224619 0.003571 0.012690
0 0.580714 0.224619 0.004286 0.012690
0 0.596786 0.223985 0.003571 0.013959
0 0.604286 0.218909 0.002857 0.013959
0 0.532857 0.113579 0.002857 0.011421
0 0.533929 0.123096 0.002143 0.007614
0 0.533571 0.129442 0.002857 0.012690
0 0.299643 0.859137 0.007857 0.027919