2 0.338500 0.865667 0.069000 0.138000
2 0.396000 0.593000 0.043000 0.064667
2 0.362500 0.516333 0.025000 0.043333
2 0.484250 0.539333 0.039500 0.044000
2 0.387250 0.415000 0.021500 0.036667
2 0.376000 0.363667 0.013000 0.020667
0 0.200250 0.816333 0.016500 0.062000
2 0.480250 0.304000 0.021500 0.012000
0 0.471000 0.316000 0.003000 0.010667
2 0.427750 0.306667 0.017500 0.010667
2 0.438750 0.300667 0.017500 0.012000
0 0.457000 0.320333 0.003000 0.010000
2 0.392250 0.298667 0.008500 0.009333
2 0.403000 0.296333 0.012000 0.012667
0 0.403000 0.302000 0.007000 0.009333
2 0.385250 0.292333 0.008500 0.010000
2 0.403000 0.283667 0.009000 0.007333
2 0.377000 0.277333 0.023000 0.006667
2 0.411750 0.259000 0.012500 0.007333
2 0.401000 0.261000 0.007000 0.004667
0 0.383750 0.261667 0.003500 0.007333
2 0.391250 0.245333 0.004500 0.006667
2 0.381000 0.248667 0.006000 0.006667
2 0.382000 0.270667 0.006000 0.008000
2 0.379500 0.272667 0.005000 0.009333
2 0.425250 0.259667 0.009500 0.007333
2 0.091000 0.481667 0.045000 0.024667
2 0.108750 0.468333 0.049500 0.023333
2 0.116000 0.454667 0.036000 0.018667
2 0.129750 0.442333 0.040500 0.014000
2 0.072250 0.425000 0.029500 0.026000
2 0.090500 0.400333 0.027000 0.026000
0 0.116250 0.426000 0.009500 0.024000
2 0.081250 0.387000 0.036500 0.016667
2 0.122250 0.370667 0.028500 0.017333
2 0.194000 0.323000 0.019000 0.016667
2 0.238250 0.337000 0.040500 0.031333
0 0.226250 0.302667 0.004500 0.010667
0 0.206000 0.318667 0.006000 0.013333
0 0.365500 0.269667 0.003000 0.004667
0 0.403250 0.247667 0.002500 0.006000