2 0.439286 0.749365 0.060000 0.092640
2 0.509643 0.932107 0.060714 0.102792
2 0.373214 0.729061 0.055000 0.087563
2 0.316071 0.584391 0.046429 0.069797
2 0.201429 0.697970 0.040000 0.065990
2 0.066429 0.410533 0.027143 0.057107
2 0.050357 0.269036 0.033571 0.050761
2 0.322857 0.463832 0.030000 0.044416
2 0.123929 0.173858 0.027857 0.040609
2 0.107857 0.646574 0.028571 0.046954
2 0.080000 0.605330 0.027143 0.045685
2 0.047857 0.555203 0.030000 0.044416
2 0.936429 0.141497 0.032857 0.039340
0 0.015714 0.035533 0.010000 0.020305
0 0.098214 0.039340 0.006429 0.017766
0 0.094643 0.036168 0.006429 0.019036
0 0.148214 0.077411 0.007857 0.022843
0 0.173214 0.108503 0.007857 0.021574
0 0.168929 0.113579 0.009286 0.021574
0 0.385357 0.361675 0.006429 0.020305
0 0.380714 0.368655 0.007143 0.021574
0 0.208929 0.941624 0.015000 0.022843
0 0.166071 0.828680 0.010714 0.017766
0 0.163571 0.751904 0.012857 0.026650
0 0.118571 0.729695 0.011429 0.022843
0 0.120357 0.700508 0.010714 0.025381
0 0.022857 0.510152 0.034286 0.045685