0 0.471786 0.753173 0.020714 0.085025
0 0.832143 0.772843 0.021429 0.071066
0 0.844286 0.732234 0.017143 0.073604
0 0.862143 0.729695 0.018571 0.078680
0 0.758929 0.544416 0.016429 0.058376
0 0.641429 0.402919 0.005714 0.034264
0 0.638571 0.401650 0.005714 0.036802
0 0.697143 0.298858 0.008571 0.031726
0 0.574643 0.263325 0.007857 0.031726
2 0.626429 0.910533 0.068571 0.140863
2 0.567857 0.575508 0.041429 0.077411
2 0.675000 0.354695 0.048571 0.039340
2 0.482500 0.252538 0.015000 0.022843
2 0.482143 0.229061 0.012857 0.024112
2 0.529643 0.232234 0.013571 0.020305
2 0.526786 0.223985 0.012143 0.021574
2 0.460714 0.214467 0.017143 0.020305
2 0.454643 0.199873 0.009286 0.019036
2 0.471071 0.197335 0.009286 0.021574
2 0.466786 0.187817 0.010714 0.022843
2 0.507857 0.177030 0.008571 0.016497
2 0.505357 0.165609 0.009286 0.016497
2 0.493571 0.134518 0.007143 0.012690
2 0.513214 0.149112 0.007857 0.011421
2 0.482857 0.137056 0.005714 0.010152
2 0.479286 0.123096 0.005714 0.012690
0 0.185714 0.106599 0.008571 0.022843
2 0.353214 0.081853 0.015000 0.016497
2 0.365714 0.078680 0.008571 0.012690
2 0.378929 0.075508 0.006429 0.011421
0 0.396429 0.293782 0.005714 0.016497
0 0.286071 0.284264 0.005000 0.015228
0 0.280357 0.282995 0.006429 0.020305
0 0.268214 0.210660 0.003571 0.015228
0 0.320714 0.256980 0.007143 0.024112
2 0.394643 0.070431 0.005000 0.008883
2 0.401786 0.072970 0.005000 0.008883