2 0.340714 0.947619 0.057143 0.074286
2 0.421786 0.949524 0.046429 0.081905
0 0.456786 0.895238 0.009286 0.019048
0 0.528571 0.793810 0.008571 0.010476
2 0.425357 0.701429 0.052143 0.063810
2 0.477500 0.627619 0.050714 0.060952
2 0.485357 0.585238 0.055000 0.061905
2 0.495714 0.540476 0.052857 0.061905
0 0.464643 0.416667 0.010714 0.010476
0 0.590000 0.484762 0.008571 0.013333
2 0.634286 0.315238 0.041429 0.060952
2 0.719286 0.301905 0.042857 0.057143
0 0.202500 0.552857 0.012143 0.012381
0 0.233571 0.515714 0.008571 0.010476
0 0.698214 0.697143 0.012143 0.017143
2 0.710000 0.747143 0.045714 0.071429
0 0.772143 0.452857 0.014286 0.018095
0 0.721429 0.026190 0.012857 0.021905
2 0.826786 0.891429 0.053571 0.060952
2 0.946786 0.644286 0.045000 0.060000
2 0.960357 0.621429 0.052143 0.063810
2 0.973929 0.592857 0.052143 0.061905
2 0.982500 0.558571 0.035000 0.048571