2 0.665714 0.417143 0.050000 0.081905
2 0.688929 0.276667 0.043571 0.063810
2 0.645357 0.221429 0.045000 0.058095
2 0.535357 0.476190 0.055000 0.085714
2 0.498929 0.631429 0.057857 0.093333
2 0.462143 0.813333 0.074286 0.123810
2 0.427500 0.759048 0.073571 0.118095
2 0.362500 0.762381 0.076429 0.119048
2 0.340000 0.704762 0.082857 0.121905
2 0.430357 0.555238 0.065000 0.087619
2 0.451071 0.611905 0.063571 0.101905
0 0.216786 0.588571 0.017857 0.028571
0 0.312143 0.608571 0.015714 0.036190
0 0.267500 0.611905 0.017857 0.023810
0 0.254643 0.600952 0.019286 0.024762
0 0.443214 0.442381 0.013571 0.021905