2 0.281429 0.709048 0.067143 0.147619
2 0.361429 0.665238 0.057143 0.120952
2 0.448214 0.537619 0.045000 0.100000
2 0.420714 0.816190 0.061429 0.148571
2 0.370714 0.330476 0.042857 0.076190
2 0.431071 0.285238 0.032143 0.065714
2 0.454643 0.181905 0.035000 0.055238
2 0.481786 0.248571 0.032143 0.068571
2 0.472500 0.368095 0.042143 0.080952
2 0.516071 0.090952 0.026429 0.040952
2 0.501429 0.022381 0.021429 0.031429
2 0.433214 0.029524 0.027857 0.045714
2 0.348571 0.425714 0.048571 0.085714
2 0.406429 0.427143 0.042857 0.082857
2 0.223571 0.920000 0.094286 0.160000
2 0.315357 0.927143 0.075000 0.145714
2 0.077500 0.024286 0.049286 0.035238
2 0.404643 0.016190 0.030714 0.032381
0 0.772500 0.105714 0.007857 0.026667
0 0.765714 0.105714 0.007143 0.024762
0 0.768214 0.072381 0.006429 0.024762
0 0.761786 0.072857 0.006429 0.025714
0 0.721071 0.049048 0.007857 0.025714
0 0.731071 0.050000 0.007857 0.025714
0 0.743214 0.060476 0.006429 0.020000
0 0.751429 0.061429 0.005714 0.021905
0 0.756429 0.060952 0.005714 0.024762
0 0.163214 0.025238 0.005000 0.010476
0 0.278571 0.033333 0.005714 0.009524
0 0.034643 0.091429 0.007857 0.009524
0 0.058214 0.118095 0.010714 0.015238
0 0.161429 0.250476 0.012857 0.015238
0 0.124286 0.371429 0.011429 0.019048
0 0.650714 0.018095 0.005714 0.011429
0 0.698214 0.260000 0.007857 0.015238
0 0.637857 0.292857 0.007143 0.014286