2 0.048571 0.968571 0.077143 0.059048
2 0.044643 0.844762 0.060714 0.104762
2 0.157143 0.857143 0.085714 0.080000
2 0.504643 0.466667 0.039286 0.076190
2 0.435357 0.590952 0.080714 0.040952
2 0.340000 0.605714 0.077143 0.057143
2 0.795357 0.673333 0.059286 0.100952
2 0.860000 0.458095 0.042857 0.057143
2 0.631429 0.100476 0.028571 0.033333
2 0.614643 0.415238 0.032143 0.080000
2 0.525714 0.300476 0.031429 0.061905
2 0.563214 0.061429 0.020714 0.035238
2 0.538214 0.015714 0.017857 0.031429
2 0.743929 0.092857 0.026429 0.040952
2 0.703929 0.064762 0.026429 0.041905
2 0.340357 0.661429 0.097857 0.050476
2 0.344286 0.560476 0.078571 0.042857
2 0.141429 0.798571 0.098571 0.096190
2 0.425000 0.486667 0.070000 0.038095
2 0.418214 0.448095 0.072143 0.039048
2 0.424286 0.410476 0.065714 0.043810
2 0.191429 0.421905 0.070000 0.028571
2 0.196786 0.381429 0.059286 0.044762
2 0.208929 0.358571 0.057857 0.031429
2 0.202857 0.333333 0.068571 0.034286
2 0.223214 0.167143 0.025000 0.042857
2 0.090357 0.252381 0.060714 0.040000
2 0.073929 0.389524 0.066429 0.043810
2 0.075714 0.350000 0.072857 0.040952
2 0.077500 0.315238 0.063571 0.036190
2 0.076429 0.286190 0.070000 0.039048
2 0.441071 0.646190 0.077857 0.077143
2 0.342857 0.386190 0.054286 0.033333
2 0.343214 0.421429 0.069286 0.040952
2 0.338214 0.456667 0.063571 0.052381
2 0.348214 0.502857 0.075000 0.047619
2 0.220000 0.518571 0.041429 0.069524
2 0.188214 0.452857 0.073571 0.046667
2 0.087143 0.453333 0.064286 0.062857
2 0.214643 0.259524 0.037857 0.039048
2 0.505714 0.110476 0.031429 0.064762
2 0.985357 0.646667 0.029286 0.080000
2 0.981429 0.380476 0.037143 0.035238
2 0.856429 0.324762 0.041429 0.041905
2 0.877857 0.354762 0.032857 0.048571
2 0.894643 0.387619 0.049286 0.055238
2 0.925714 0.330000 0.047143 0.067619
2 0.951071 0.327619 0.039286 0.062857
2 0.975357 0.320952 0.043571 0.057143
2 0.925000 0.283810 0.035714 0.060952
2 0.803571 0.110000 0.032857 0.033333
2 0.800357 0.062857 0.030714 0.049524
2 0.830357 0.055714 0.039286 0.033333
2 0.923214 0.187143 0.057857 0.029524
2 0.902500 0.152857 0.043571 0.031429
0 0.034643 0.276190 0.017857 0.022857
0 0.149643 0.258095 0.010714 0.020952
0 0.102857 0.271429 0.011429 0.024762
0 0.217500 0.055714 0.009286 0.020000
0 0.240000 0.037143 0.005714 0.022857
0 0.250000 0.027619 0.010000 0.019048
0 0.233929 0.030000 0.007857 0.021905
0 0.025357 0.276190 0.007857 0.015238
0 0.561071 0.380952 0.006429 0.015238
0 0.475714 0.374762 0.010000 0.029524
2 0.491429 0.057143 0.035714 0.032381
0 0.740357 0.192857 0.009286 0.025714
0 0.875000 0.043810 0.008571 0.026667
0 0.717143 0.216667 0.007143 0.018095
0 0.744286 0.238571 0.007143 0.016190