2 0.478214 0.957143 0.060714 0.083810
2 0.614643 0.808095 0.043571 0.105714
2 0.640357 0.708571 0.072143 0.057143
2 0.648214 0.615714 0.070714 0.060000
2 0.677143 0.413810 0.060000 0.039048
0 0.602143 0.407143 0.008571 0.016190
0 0.608214 0.412381 0.007857 0.019048
2 0.693929 0.270476 0.057857 0.040000
2 0.641429 0.019048 0.050000 0.036190
0 0.286786 0.443810 0.010714 0.017143
0 0.287857 0.438571 0.011429 0.020000
0 0.289643 0.370000 0.009286 0.014286
0 0.366786 0.202381 0.009286 0.018095
2 0.292500 0.033810 0.053571 0.039048
2 0.276429 0.060952 0.052857 0.041905
2 0.268214 0.092857 0.053571 0.040952
2 0.254286 0.121905 0.055714 0.041905
2 0.242857 0.150952 0.058571 0.042857
2 0.227143 0.180952 0.060000 0.041905
2 0.216071 0.212381 0.059286 0.045714
2 0.189643 0.276667 0.062143 0.046667
2 0.177143 0.309524 0.062857 0.043810
2 0.160357 0.352857 0.062143 0.042857
2 0.147143 0.384762 0.065714 0.047619
0 0.115000 0.297619 0.015714 0.025714
0 0.069643 0.283333 0.015000 0.014286
0 0.062857 0.269524 0.015714 0.020952
2 0.021429 0.742857 0.042857 0.053333
2 0.886786 0.525714 0.076429 0.053333
2 0.868929 0.562381 0.069286 0.050476