0 0.185000 0.903333 0.025714 0.031429
0 0.177500 0.915238 0.022143 0.019048
0 0.173571 0.860000 0.022857 0.026667
0 0.171429 0.738571 0.018571 0.033333
2 0.276071 0.702381 0.063571 0.117143
2 0.391071 0.826667 0.092143 0.114286
0 0.473929 0.803333 0.016429 0.031429
0 0.596071 0.718095 0.016429 0.020952
0 0.662857 0.612857 0.021429 0.023810
0 0.647857 0.579524 0.018571 0.023810
2 0.482857 0.615714 0.071429 0.063810
2 0.043929 0.640000 0.056429 0.106667
2 0.023929 0.522857 0.047857 0.106667
2 0.082500 0.460952 0.052143 0.093333
0 0.458929 0.455238 0.009286 0.032381
0 0.479286 0.465238 0.008571 0.021905
0 0.475714 0.455238 0.012857 0.024762
2 0.358929 0.145714 0.043571 0.055238
0 0.167500 0.182857 0.013571 0.019048
0 0.175714 0.055238 0.014286 0.017143
2 0.935000 0.743333 0.098571 0.111429
2 0.958929 0.683333 0.082143 0.120952
0 0.902500 0.566667 0.022143 0.024762
2 0.678929 0.405238 0.055000 0.071429
2 0.740714 0.362857 0.065714 0.070476
2 0.767143 0.343810 0.067143 0.070476
2 0.800714 0.325238 0.068571 0.065714
2 0.860000 0.281429 0.064286 0.060000
0 0.980714 0.310952 0.018571 0.027619
0 0.954286 0.267619 0.020000 0.024762
0 0.955000 0.246190 0.020000 0.027619
2 0.932500 0.180952 0.060714 0.068571