0 0.048000 0.962333 0.003000 0.010000
0 0.069000 0.940667 0.004000 0.012000
0 0.087000 0.934667 0.004000 0.012000
2 0.123750 0.927667 0.016500 0.023333
2 0.118000 0.849333 0.022000 0.013333
2 0.122250 0.838667 0.021500 0.010667
0 0.150000 0.926000 0.003000 0.008000
0 0.157000 0.900333 0.003000 0.008667
2 0.174000 0.904333 0.015000 0.020667
2 0.194500 0.902000 0.016000 0.021333
2 0.161500 0.875000 0.012000 0.019333
2 0.184750 0.864000 0.014500 0.020000
2 0.198000 0.863000 0.013000 0.018000
2 0.214500 0.851667 0.011000 0.018000
2 0.207750 0.825000 0.010500 0.019333
2 0.192750 0.798333 0.012500 0.016667
2 0.157250 0.790000 0.021500 0.012000
2 0.163250 0.780000 0.020500 0.010667
2 0.167500 0.767667 0.019000 0.010000
0 0.312250 0.741333 0.002500 0.008000
2 0.327500 0.734000 0.010000 0.012000
2 0.332500 0.715333 0.008000 0.010667
2 0.308000 0.711667 0.009000 0.011333
2 0.260500 0.727333 0.010000 0.013333
2 0.200750 0.724333 0.017500 0.008667
2 0.234500 0.632333 0.015000 0.008667
2 0.255500 0.686000 0.007000 0.012000
0 0.275500 0.656333 0.003000 0.004667
2 0.332750 0.651667 0.008500 0.010000
2 0.285250 0.626000 0.007500 0.008000
2 0.342000 0.613667 0.006000 0.007333
2 0.335750 0.604000 0.005500 0.008000
2 0.346750 0.601000 0.008500 0.008667
2 0.343250 0.593333 0.006500 0.008000
2 0.356500 0.578333 0.007000 0.008667
2 0.386250 0.506667 0.006500 0.008000