2 0.673017 0.753247 0.066284 0.090909
2 0.649791 0.690631 0.067850 0.071429
2 0.634916 0.624768 0.062109 0.086271
2 0.628392 0.511132 0.050104 0.063080
2 0.621347 0.475417 0.042276 0.052876
2 0.620303 0.422078 0.047495 0.059369
2 0.719990 0.401206 0.043319 0.060297
2 0.727035 0.449907 0.044885 0.059369
2 0.738518 0.486549 0.056367 0.064007
0 0.749478 0.498145 0.014614 0.033395
2 0.761743 0.587199 0.045407 0.074212
2 0.781315 0.711967 0.062630 0.078850
2 0.807933 0.787106 0.068894 0.084416
0 0.772704 0.307050 0.007829 0.031540
0 0.771921 0.294527 0.007307 0.028757
0 0.778445 0.309369 0.010960 0.026902
2 0.693372 0.280612 0.039144 0.049165
2 0.604123 0.248609 0.022443 0.035250
2 0.674843 0.161874 0.036534 0.039889
2 0.663622 0.141466 0.031837 0.026902
2 0.593424 0.134972 0.032359 0.028757
2 0.591336 0.115955 0.030271 0.024119
2 0.582985 0.022727 0.028184 0.023191
2 0.581681 0.012523 0.026618 0.017625
2 0.583507 0.005566 0.022965 0.011132
0 0.533142 0.046382 0.004697 0.014842
0 0.492954 0.093228 0.004697 0.015770
0 0.492954 0.091373 0.005741 0.017625
2 0.467119 0.175325 0.017745 0.035250
0 0.452244 0.400742 0.008873 0.029685
0 0.452766 0.390538 0.008873 0.031540
0 0.538361 0.592764 0.006785 0.033395
0 0.540449 0.685065 0.007829 0.032468
0 0.539405 0.712894 0.006785 0.032468
0 0.229384 0.985158 0.014092 0.027829
0 0.241649 0.632189 0.011482 0.034323
0 0.243476 0.591373 0.013048 0.032468
0 0.299843 0.398423 0.007829 0.034323
0 0.294363 0.391002 0.006263 0.032468
0 0.293841 0.448980 0.009395 0.024119
0 0.127610 0.726809 0.016180 0.032468
0 0.143267 0.834416 0.008873 0.015770
2 0.423800 0.303803 0.036534 0.051020
0 0.144833 0.567718 0.014092 0.024119
0 0.156837 0.552412 0.010960 0.038033
0 0.165449 0.523655 0.012526 0.036178
0 0.191806 0.449907 0.010960 0.031540
0 0.171973 0.428571 0.010960 0.031540
0 0.200418 0.442950 0.011482 0.032468
0 0.321503 0.203618 0.007307 0.026902
0 0.355167 0.161410 0.006785 0.016698
0 0.371347 0.174861 0.005741 0.017625
0 0.339509 0.112709 0.005741 0.015770
0 0.353340 0.028757 0.003132 0.018553
0 0.372912 0.037570 0.006785 0.015770
0 0.404228 0.088590 0.006785 0.015770
0 0.393789 0.095547 0.005741 0.016698
0 0.414405 0.034323 0.005219 0.016698
0 0.414927 0.033395 0.005219 0.016698