2 0.308929 0.154762 0.026429 0.040952
2 0.412143 0.273333 0.067143 0.043810
0 0.504286 0.238095 0.011429 0.040000
2 0.417500 0.433333 0.049286 0.076190
2 0.375714 0.501905 0.080000 0.087619
2 0.187500 0.831429 0.136429 0.184762
2 0.601429 0.567619 0.085714 0.106667
2 0.781071 0.668095 0.049286 0.143810
2 0.868929 0.615714 0.065000 0.132381
2 0.951429 0.589048 0.071429 0.126667
2 0.335357 0.886667 0.127857 0.198095
2 0.329286 0.139524 0.022857 0.025714
0 0.397143 0.538095 0.014286 0.038095
0 0.714643 0.378095 0.009286 0.041905
0 0.723214 0.342381 0.015000 0.039048
0 0.758571 0.401429 0.008571 0.050476
0 0.767143 0.432857 0.020000 0.044762
0 0.767143 0.420952 0.017143 0.045714
0 0.767143 0.414286 0.017143 0.051429
2 0.805357 0.356190 0.039286 0.070476
2 0.804643 0.241905 0.030714 0.041905
2 0.850714 0.328571 0.040000 0.064762
2 0.800714 0.180476 0.025714 0.039048
2 0.847500 0.275714 0.037857 0.054286
2 0.800357 0.140000 0.025000 0.040000
2 0.832500 0.142857 0.027857 0.040000
2 0.845000 0.174286 0.032857 0.040000
2 0.829643 0.101429 0.023571 0.033333
2 0.842857 0.219048 0.032857 0.051429
2 0.863571 0.425238 0.047143 0.084762
2 0.907857 0.399524 0.052857 0.082857
2 0.886429 0.278095 0.041429 0.051429
2 0.879286 0.237143 0.032857 0.045714
2 0.874286 0.199524 0.031429 0.042857
2 0.857500 0.109524 0.023571 0.028571
2 0.850000 0.079524 0.020000 0.035238
2 0.833214 0.082857 0.022143 0.030476
2 0.819643 0.039524 0.015000 0.023810
2 0.827143 0.032381 0.012857 0.020952
2 0.814286 0.019048 0.014286 0.017143
2 0.805357 0.007619 0.013571 0.015238
2 0.786786 0.007143 0.016429 0.014286
2 0.769286 0.004762 0.012857 0.009524
2 0.764643 0.009524 0.012143 0.017143
2 0.766786 0.019048 0.015000 0.019048
2 0.769643 0.028095 0.015000 0.018095
2 0.774286 0.038571 0.015714 0.023810
2 0.786071 0.017143 0.012143 0.015238
2 0.789286 0.026667 0.012857 0.017143
2 0.791429 0.037619 0.014286 0.014286
2 0.887143 0.096190 0.022857 0.028571
2 0.915357 0.140000 0.030714 0.034286
2 0.919643 0.188095 0.032143 0.037143
2 0.880000 0.030000 0.022857 0.021905
2 0.858571 0.008571 0.014286 0.015238
2 0.961429 0.241429 0.045714 0.056190
2 0.968571 0.337143 0.047143 0.059048
2 0.989643 0.081905 0.020714 0.030476
0 0.993929 0.060000 0.009286 0.022857
0 0.982857 0.044286 0.007143 0.021905
2 0.971786 0.074286 0.020714 0.028571
2 0.964643 0.061905 0.022143 0.022857
2 0.951429 0.047143 0.017143 0.020000
2 0.946071 0.036667 0.016429 0.016190
0 0.931786 0.026667 0.005000 0.015238
0 0.942857 0.017619 0.004286 0.018095
2 0.936071 0.020476 0.016429 0.021905
2 0.987143 0.032857 0.018571 0.023810
2 0.987857 0.015238 0.022857 0.019048
2 0.988929 0.012857 0.022143 0.020000
2 0.978214 0.007143 0.029286 0.012381