2 0.022857 0.043333 0.045714 0.042857
2 0.015357 0.191429 0.030714 0.043810
2 0.094643 0.125714 0.073571 0.045714
2 0.104286 0.195714 0.078571 0.048571
2 0.102500 0.240000 0.079286 0.040000
2 0.218929 0.199048 0.075000 0.045714
2 0.261429 0.051905 0.071429 0.044762
0 0.375000 0.242381 0.012857 0.016190
0 0.510357 0.078095 0.009286 0.017143
0 0.516786 0.079048 0.007857 0.022857
0 0.457143 0.969048 0.011429 0.023810
0 0.512143 0.950000 0.008571 0.006667
0 0.513571 0.958571 0.005714 0.010476
0 0.548929 0.963810 0.006429 0.017143
0 0.482143 0.849048 0.010000 0.018095
0 0.527857 0.951905 0.008571 0.016190
0 0.538214 0.952857 0.007857 0.012381
0 0.539643 0.951905 0.009286 0.006667
0 0.458214 0.618095 0.009286 0.015238
0 0.513214 0.630476 0.010714 0.011429
0 0.516786 0.575714 0.009286 0.018095
0 0.547143 0.609524 0.014286 0.011429
0 0.557500 0.626190 0.009286 0.012381
0 0.568571 0.666667 0.007143 0.013333
0 0.608571 0.698095 0.011429 0.015238
0 0.572857 0.587619 0.010000 0.015238
2 0.651786 0.579048 0.036429 0.100952
2 0.775714 0.295714 0.065714 0.063810
2 0.852143 0.243810 0.067143 0.043810
2 0.920357 0.057619 0.070714 0.040952
0 0.601786 0.330476 0.010714 0.019048
0 0.561429 0.490952 0.011429 0.016190
0 0.503571 0.456667 0.011429 0.021905
0 0.608571 0.407143 0.008571 0.025714
0 0.591786 0.511905 0.009286 0.020000
0 0.493571 0.504286 0.008571 0.012381
0 0.769286 0.579524 0.012857 0.018095
0 0.788571 0.566667 0.018571 0.020952
0 0.847500 0.580476 0.019286 0.018095
0 0.867143 0.271905 0.012857 0.020000
0 0.770714 0.407143 0.012857 0.018095
0 0.717143 0.402857 0.011429 0.020952
0 0.719286 0.381429 0.017143 0.016190
0 0.641071 0.663810 0.009286 0.015238