2 0.062143 0.205714 0.084286 0.053333
0 0.079643 0.239048 0.020714 0.051429
2 0.153571 0.221429 0.084286 0.054286
2 0.134286 0.267143 0.095714 0.054286
2 0.071071 0.308095 0.112143 0.058095
2 0.187143 0.318095 0.115714 0.060952
2 0.017143 0.265714 0.034286 0.041905
2 0.306786 0.227619 0.056429 0.053333
0 0.271071 0.320952 0.020714 0.038095
2 0.359286 0.216190 0.051429 0.053333
2 0.416429 0.253333 0.014286 0.049524
2 0.423571 0.119048 0.051429 0.030476
2 0.456786 0.105714 0.025000 0.038095
2 0.448929 0.079048 0.023571 0.032381
2 0.483571 0.192857 0.035714 0.060000
0 0.485714 0.071905 0.007143 0.023810
2 0.524286 0.079048 0.015714 0.022857
2 0.560357 0.078095 0.022143 0.036190
2 0.539286 0.066190 0.022857 0.033333
2 0.542857 0.048095 0.020000 0.021905
2 0.542857 0.035714 0.014286 0.020000
2 0.590000 0.094762 0.052857 0.027619
2 0.665714 0.066667 0.017143 0.020952
2 0.667857 0.086190 0.021429 0.025714
2 0.674643 0.114286 0.023571 0.026667
2 0.683571 0.134762 0.024286 0.033333
2 0.693929 0.159048 0.029286 0.041905
2 0.708571 0.198571 0.032857 0.042857
2 0.724643 0.254286 0.042143 0.055238
0 0.683571 0.244286 0.012857 0.046667
0 0.685357 0.306667 0.016429 0.053333
0 0.763571 0.270952 0.014286 0.042857
0 0.808929 0.342381 0.016429 0.061905
0 0.177143 0.729048 0.031429 0.069524