2 0.952143 0.640863 0.044286 0.098985
2 0.811429 0.852157 0.071429 0.102792
2 0.670714 0.885152 0.062857 0.100254
2 0.501071 0.904188 0.066429 0.112944
2 0.710357 0.602792 0.050714 0.073604
2 0.626786 0.477157 0.043571 0.055838
2 0.264643 0.230330 0.039286 0.057107
2 0.151071 0.906091 0.053571 0.116751
0 0.055714 0.222716 0.012857 0.026650
0 0.522857 0.066624 0.007143 0.024112
0 0.517143 0.065990 0.005714 0.020305
0 0.512500 0.069797 0.005000 0.020305
0 0.508571 0.076142 0.005714 0.022843
2 0.715714 0.981599 0.075714 0.034264
0 0.136786 0.524746 0.010714 0.024112
0 0.130714 0.536802 0.012857 0.027919
0 0.097857 0.393401 0.012857 0.030457
0 0.089643 0.403553 0.015000 0.027919
0 0.102857 0.466371 0.015714 0.034264
0 0.188571 0.167513 0.008571 0.025381
0 0.306786 0.027284 0.005000 0.024112
0 0.310357 0.031091 0.006429 0.024112
0 0.320714 0.027284 0.008571 0.029188
0 0.318571 0.026015 0.010000 0.029188
0 0.316786 0.021574 0.007857 0.030457