2 0.364643 0.115714 0.013571 0.035238
2 0.382143 0.325238 0.014286 0.037143
2 0.372857 0.239524 0.012857 0.037143
2 0.321071 0.578095 0.015000 0.036190
2 0.606071 0.470000 0.013571 0.039048
2 0.569643 0.252381 0.013571 0.040000
2 0.656071 0.261905 0.025000 0.019048
2 0.698929 0.268095 0.025000 0.018095
2 0.734286 0.271905 0.024286 0.018095
2 0.765357 0.277143 0.022143 0.015238
2 0.795357 0.284286 0.026429 0.016190
2 0.677857 0.237619 0.027143 0.014286
2 0.718571 0.185714 0.012857 0.036190
2 0.591786 0.119048 0.012143 0.038095
2 0.606429 0.117619 0.012857 0.039048
2 0.431786 0.781429 0.013571 0.037143
2 0.428571 0.736667 0.014286 0.037143
2 0.422857 0.679524 0.014286 0.037143
0 0.464286 0.352857 0.005714 0.010476
0 0.571071 0.531429 0.005000 0.005714
2 0.894286 0.302381 0.025714 0.020000
2 0.956071 0.316667 0.029286 0.020000