2 0.617693 0.593692 0.027662 0.059369
2 0.649008 0.549165 0.038100 0.046382
2 0.681367 0.497681 0.037056 0.045455
0 0.599687 0.393321 0.004175 0.018553
2 0.663361 0.375232 0.030271 0.034323
2 0.685021 0.345083 0.033925 0.033395
2 0.298278 0.424861 0.033925 0.042672
2 0.244259 0.427180 0.037578 0.043599
2 0.229906 0.409091 0.038100 0.042672
0 0.187891 0.410482 0.005219 0.019481
0 0.201461 0.414193 0.006263 0.021336
0 0.206420 0.414193 0.005741 0.019481
2 0.209551 0.373377 0.031837 0.039889
2 0.199374 0.359462 0.033403 0.039889
2 0.194415 0.343692 0.030793 0.036178
2 0.184760 0.333952 0.033403 0.038961
2 0.149269 0.290816 0.034447 0.039889
2 0.132046 0.266234 0.032359 0.035250
2 0.064979 0.133117 0.027662 0.026902
2 0.008090 0.166976 0.016180 0.025974
0 0.025574 0.145176 0.004175 0.012059