0 0.008214 0.095178 0.009286 0.012690
0 0.063929 0.085025 0.006429 0.010152
0 0.063214 0.077411 0.007857 0.010152
0 0.068571 0.084391 0.007143 0.008883
0 0.177143 0.697335 0.005714 0.011421
2 0.181786 0.513325 0.032143 0.029188
2 0.305357 0.260152 0.027857 0.030457
2 0.346786 0.025381 0.017857 0.050761
2 0.545714 0.085025 0.030000 0.030457
2 0.517143 0.404822 0.027143 0.032995
2 0.462143 0.487944 0.034286 0.029188
0 0.462857 0.538071 0.007143 0.010152
2 0.467143 0.593909 0.022857 0.025381
2 0.889286 0.906091 0.022857 0.053299
2 0.914643 0.837563 0.023571 0.055838
0 0.619643 0.434010 0.006429 0.010152
2 0.934643 0.017766 0.029286 0.035533
2 0.705357 0.084391 0.029286 0.034264