2 0.463214 0.736675 0.029286 0.046954
2 0.493571 0.695431 0.025714 0.035533
2 0.495000 0.651650 0.012857 0.054569
2 0.820357 0.609137 0.015000 0.048223
2 0.855000 0.613579 0.015714 0.052030
2 0.888571 0.607868 0.014286 0.058376
2 0.983929 0.600888 0.017857 0.039340
0 0.180714 0.532995 0.010000 0.010152
0 0.190357 0.579315 0.009286 0.011421
0 0.200000 0.527919 0.007143 0.010152
0 0.202857 0.519670 0.007143 0.011421
0 0.242500 0.602157 0.007857 0.011421
0 0.278929 0.609137 0.006429 0.010152
0 0.310714 0.588832 0.005714 0.010152
0 0.297143 0.575508 0.005714 0.008883
0 0.276786 0.572970 0.007857 0.011421
0 0.279286 0.559645 0.008571 0.010152
0 0.286429 0.536802 0.007143 0.015228
0 0.403214 0.445431 0.006429 0.010152