0 0.645000 0.970476 0.014286 0.020952
0 0.541786 0.961429 0.012143 0.029524
2 0.608214 0.718571 0.032143 0.065714
2 0.601071 0.653333 0.030714 0.057143
2 0.587500 0.591429 0.029286 0.053333
2 0.575000 0.530000 0.028571 0.042857
2 0.643214 0.533333 0.037857 0.040000
2 0.582500 0.450000 0.017857 0.035238
2 0.607143 0.444286 0.021429 0.033333
2 0.630000 0.442857 0.022857 0.034286
0 0.507500 0.454286 0.006429 0.019048
0 0.494643 0.383333 0.006429 0.021905
0 0.521071 0.341429 0.005000 0.012381
0 0.520000 0.322857 0.005714 0.020952
2 0.552857 0.415238 0.020000 0.032381
0 0.344286 0.646190 0.008571 0.023810
0 0.413214 0.494762 0.006429 0.020000
0 0.395000 0.460952 0.008571 0.013333
2 0.376786 0.438571 0.020714 0.042857
0 0.327500 0.423333 0.007857 0.018095
2 0.393571 0.369048 0.017143 0.033333
2 0.369643 0.360000 0.019286 0.032381
2 0.390357 0.343810 0.017857 0.028571
0 0.487143 0.312857 0.005714 0.010476
0 0.469643 0.287619 0.005000 0.011429
0 0.477143 0.269048 0.005714 0.010476
0 0.438929 0.235714 0.005000 0.010476
0 0.405000 0.278095 0.005714 0.015238
2 0.432857 0.275714 0.014286 0.025714
0 0.523571 0.292381 0.004286 0.017143
2 0.533571 0.298095 0.014286 0.026667
2 0.406071 0.247619 0.013571 0.022857
0 0.413571 0.233333 0.004286 0.009524
2 0.403571 0.217143 0.012857 0.020952
2 0.415000 0.199048 0.011429 0.017143
2 0.522857 0.238095 0.011429 0.019048
2 0.518929 0.221905 0.012143 0.015238
2 0.518929 0.206667 0.012143 0.015238
2 0.516429 0.195714 0.012857 0.016190
2 0.527857 0.184286 0.022857 0.018095
0 0.498571 0.203810 0.008571 0.013333
0 0.484643 0.199524 0.005000 0.014286
0 0.502500 0.199524 0.005000 0.014286
0 0.427857 0.200952 0.005714 0.009524
2 0.398571 0.174286 0.010000 0.020952
2 0.407857 0.160476 0.011429 0.018095
2 0.401071 0.150000 0.012143 0.018095
2 0.403929 0.139048 0.010714 0.017143
2 0.508214 0.160476 0.010714 0.014286
0 0.494286 0.160476 0.005714 0.012381
0 0.486786 0.156190 0.005000 0.013333
0 0.470000 0.155238 0.004286 0.013333
0 0.463214 0.149524 0.005000 0.013333
2 0.496429 0.152857 0.010000 0.016190
2 0.491429 0.139048 0.011429 0.015238
2 0.503571 0.129524 0.010000 0.013333
2 0.465000 0.128571 0.010000 0.013333
2 0.433929 0.114762 0.007857 0.016190
2 0.439286 0.098571 0.010000 0.014286
0 0.451786 0.108095 0.005000 0.010476
0 0.480714 0.128095 0.004286 0.006667
2 0.406071 0.117143 0.009286 0.017143
2 0.421071 0.101905 0.009286 0.013333
2 0.409643 0.100000 0.009286 0.015238
2 0.411429 0.086190 0.010000 0.014286
2 0.496429 0.089524 0.010000 0.011429
2 0.500000 0.098571 0.010000 0.014286