0 0.609643 0.883810 0.019286 0.051429
0 0.582857 0.875238 0.015714 0.045714
0 0.551429 0.677619 0.014286 0.039048
0 0.512143 0.621429 0.011429 0.040952
0 0.486071 0.572857 0.010714 0.035238
0 0.523929 0.617143 0.013571 0.038095
0 0.635000 0.704762 0.020000 0.043810
0 0.572857 0.628571 0.017143 0.032381
0 0.608571 0.552381 0.015714 0.032381
0 0.353929 0.363333 0.007857 0.014286
0 0.385000 0.398571 0.008571 0.018095
0 0.387857 0.415238 0.011429 0.017143
2 0.455714 0.317619 0.030000 0.021905
2 0.412143 0.296190 0.022857 0.017143
2 0.387500 0.276190 0.017857 0.017143
2 0.361786 0.257619 0.013571 0.014286
2 0.323214 0.252857 0.023571 0.025714
0 0.341429 0.345714 0.005714 0.011429
0 0.337857 0.358571 0.005714 0.012381
2 0.608214 0.343333 0.030714 0.021905
2 0.583929 0.334762 0.023571 0.020000
2 0.572500 0.374286 0.036429 0.028571
2 0.700357 0.389524 0.045000 0.034286
2 0.838571 0.433333 0.075714 0.057143
0 0.942500 0.500000 0.015000 0.032381
0 0.979286 0.505714 0.020000 0.032381
2 0.932500 0.454286 0.083571 0.041905
0 0.666429 0.847619 0.020000 0.043810