2 0.687500 0.928571 0.085000 0.142857
2 0.723214 0.760476 0.063571 0.111429
2 0.734286 0.650476 0.058571 0.097143
2 0.746429 0.560000 0.058571 0.102857
2 0.772500 0.327619 0.027857 0.040000
2 0.692857 0.233810 0.041429 0.023810
0 0.759286 0.191429 0.008571 0.020952
2 0.744643 0.196190 0.019286 0.022857
2 0.741429 0.182381 0.017143 0.021905
2 0.713571 0.187143 0.015714 0.023810
2 0.977857 0.478095 0.042857 0.062857
2 0.929643 0.343333 0.037857 0.046667
2 0.895357 0.278571 0.030714 0.025714
2 0.863571 0.221905 0.024286 0.026667
2 0.840000 0.195238 0.021429 0.024762
2 0.700000 0.101905 0.012857 0.013333