2 0.546500 0.968000 0.189000 0.061333
2 0.532000 0.861667 0.187000 0.127333
2 0.533000 0.743667 0.180000 0.110000
2 0.508250 0.563000 0.132500 0.096667
2 0.517500 0.459000 0.113000 0.072667
2 0.699000 0.617000 0.149000 0.090000
0 0.704500 0.372333 0.018000 0.054000
0 0.368000 0.347000 0.015000 0.055333
0 0.563250 0.257333 0.011500 0.045333
2 0.470500 0.166667 0.070000 0.029333
0 0.412250 0.143667 0.009500 0.034000
0 0.413000 0.140667 0.010000 0.033333
2 0.524750 0.126333 0.028500 0.043333
2 0.465250 0.102667 0.064500 0.033333
2 0.466750 0.086333 0.058500 0.026000
2 0.466500 0.053667 0.050000 0.027333
2 0.464250 0.043000 0.045500 0.024667
2 0.463250 0.032667 0.048500 0.026667
2 0.456500 0.024667 0.045000 0.024000
2 0.485500 0.013667 0.034000 0.023333
2 0.569750 0.020333 0.025500 0.030000
2 0.602000 0.014333 0.046000 0.024667
2 0.635000 0.079333 0.061000 0.030667
2 0.649500 0.090667 0.063000 0.033333
2 0.666250 0.117667 0.068500 0.031333
2 0.660250 0.137000 0.071500 0.036667
0 0.621250 0.140333 0.009500 0.036667
2 0.689500 0.170000 0.077000 0.038667
2 0.717250 0.189000 0.073500 0.035333
2 0.802000 0.393333 0.113000 0.068000
2 0.828000 0.447667 0.124000 0.066000
2 0.855500 0.508333 0.131000 0.078000
2 0.898500 0.574667 0.141000 0.088000
2 0.925750 0.649667 0.146500 0.095333
2 0.944000 0.741000 0.110000 0.095333
0 0.847750 0.715333 0.029500 0.066667
0 0.845750 0.640333 0.022500 0.064667