2 0.325000 0.146333 0.039000 0.024667
2 0.379500 0.143000 0.041000 0.020667
0 0.382250 0.165667 0.010500 0.018000
0 0.397500 0.083667 0.005000 0.015333
0 0.409500 0.080667 0.005000 0.017333
0 0.421000 0.098667 0.004000 0.016000
0 0.419000 0.088000 0.004000 0.014667
0 0.420250 0.086000 0.003500 0.017333
0 0.418000 0.087667 0.003000 0.016667
0 0.432500 0.089667 0.005000 0.016667
0 0.428500 0.089333 0.003000 0.008000
0 0.445750 0.085667 0.005500 0.018000
0 0.427250 0.103667 0.003500 0.015333
0 0.432250 0.109667 0.004500 0.018000
0 0.485250 0.080667 0.006500 0.018667
0 0.454750 0.119333 0.005500 0.021333
0 0.461250 0.126000 0.004500 0.013333
0 0.469750 0.122333 0.003500 0.019333
0 0.486500 0.115000 0.005000 0.019333
0 0.493000 0.115667 0.005000 0.022000
0 0.445750 0.166667 0.005500 0.022667
0 0.454250 0.168667 0.005500 0.020000
0 0.462000 0.185000 0.006000 0.020667
0 0.447250 0.190333 0.008500 0.018000
0 0.497250 0.182000 0.005500 0.024000
0 0.499500 0.176333 0.005000 0.022000
0 0.504500 0.182333 0.007000 0.022000
2 0.468250 0.154667 0.024500 0.025333
2 0.478250 0.179333 0.020500 0.029333
2 0.476750 0.211667 0.020500 0.030000
0 0.498000 0.216333 0.007000 0.026000
0 0.454750 0.225667 0.005500 0.023333
0 0.482750 0.261667 0.009500 0.027333
0 0.453500 0.220000 0.006000 0.021333
0 0.432750 0.388333 0.009500 0.032667
0 0.448750 0.387667 0.013500 0.028667
0 0.446250 0.384333 0.007500 0.019333
0 0.410750 0.421000 0.012500 0.020667
0 0.426750 0.423667 0.010500 0.019333
0 0.443250 0.480000 0.010500 0.037333
0 0.462250 0.472667 0.006500 0.018667
0 0.463750 0.469333 0.012500 0.029333
0 0.388250 0.750667 0.011500 0.034667
0 0.349750 0.790667 0.020500 0.037333
0 0.377500 0.825333 0.016000 0.034667
2 0.453250 0.917000 0.063500 0.166000
2 0.499000 0.130000 0.035000 0.022667
0 0.498750 0.148000 0.005500 0.020000
0 0.500500 0.157000 0.005000 0.020667
2 0.615500 0.142333 0.041000 0.031333
2 0.649000 0.137333 0.037000 0.021333
2 0.661000 0.124667 0.044000 0.021333
2 0.623750 0.115000 0.048500 0.020667
2 0.559250 0.127333 0.043500 0.021333
2 0.577250 0.121667 0.045500 0.015333
0 0.512750 0.220333 0.007500 0.023333
0 0.519500 0.202000 0.005000 0.021333
0 0.509250 0.191667 0.005500 0.020667
0 0.510000 0.190667 0.005000 0.021333
0 0.512250 0.258333 0.007500 0.027333
0 0.515250 0.249333 0.005500 0.022667
0 0.514250 0.288667 0.006500 0.022667
0 0.516750 0.307000 0.005500 0.026000
0 0.515000 0.383000 0.010000 0.030000
0 0.578750 0.416667 0.009500 0.020000
2 0.657000 0.372333 0.039000 0.059333
0 0.557250 0.426667 0.014500 0.026667
0 0.524500 0.548333 0.012000 0.030000
0 0.607250 0.567000 0.012500 0.030000
0 0.657250 0.570000 0.017500 0.028000
0 0.531750 0.803333 0.011500 0.033333
0 0.761750 0.393667 0.011500 0.026000
0 0.768500 0.392667 0.012000 0.026667
0 0.795000 0.444000 0.015000 0.025333
2 0.809000 0.554667 0.101000 0.061333
0 0.817500 0.579333 0.019000 0.036000
2 0.850250 0.645000 0.115500 0.096667
0 0.816750 0.796667 0.024500 0.036000
2 0.955500 0.546667 0.089000 0.057333