2 0.302857 0.514286 0.054286 0.142857
2 0.492500 0.499524 0.040714 0.124762
0 0.339643 0.220000 0.015000 0.034286
2 0.393571 0.145714 0.038571 0.100952
2 0.334643 0.141905 0.042143 0.097143
2 0.487500 0.062381 0.042143 0.090476
2 0.595000 0.049524 0.072857 0.078095
2 0.777500 0.062857 0.073571 0.089524
0 0.698214 0.305238 0.020714 0.031429
0 0.717857 0.292381 0.018571 0.036190
2 0.494286 0.336667 0.042857 0.111429
0 0.559286 0.348095 0.021429 0.033333
2 0.591429 0.477143 0.045714 0.120000
0 0.351429 0.408571 0.018571 0.032381
0 0.328929 0.589048 0.019286 0.027619
2 0.570714 0.270000 0.067143 0.115238