2 0.093946 0.507421 0.037578 0.044527
2 0.092902 0.485158 0.056367 0.037106
2 0.054802 0.413729 0.052192 0.040816
2 0.026357 0.441558 0.052714 0.046382
2 0.018789 0.465677 0.037578 0.038961
2 0.214509 0.238868 0.030271 0.025046
0 0.158142 0.197588 0.005219 0.020408
0 0.151357 0.201299 0.006263 0.022263
0 0.288361 0.193414 0.005741 0.019481
0 0.293319 0.193878 0.005219 0.020408
0 0.314979 0.196660 0.007829 0.022263
0 0.331420 0.193878 0.006263 0.022263
2 0.372129 0.186920 0.029228 0.023191
0 0.436065 0.168831 0.003653 0.014842
2 0.477557 0.147032 0.012526 0.019481
2 0.497129 0.275974 0.040188 0.026902
0 0.551148 0.226345 0.005219 0.025974
0 0.631785 0.291744 0.006785 0.021336
0 0.675104 0.204545 0.004697 0.012059
0 0.663883 0.179035 0.005219 0.020408
0 0.673278 0.182282 0.004175 0.021336
0 0.688413 0.185993 0.005219 0.019481
0 0.693633 0.193414 0.006263 0.015770
0 0.714770 0.194805 0.004697 0.024119
2 0.750261 0.227273 0.036013 0.027829
0 0.748434 0.272263 0.009395 0.019481
2 0.762787 0.288497 0.046451 0.029685
2 0.801670 0.225881 0.036534 0.026902
2 0.875783 0.216141 0.030271 0.031540
0 0.778967 0.179035 0.004697 0.018553
2 0.928497 0.202226 0.025052 0.025974
0 0.905010 0.269017 0.006263 0.020408
0 0.649791 0.370594 0.009395 0.028757
0 0.621608 0.379406 0.008351 0.027829
2 0.604645 0.401670 0.043319 0.038961
0 0.576722 0.445733 0.007307 0.028757
0 0.545929 0.518089 0.007307 0.036178
0 0.518789 0.538497 0.008351 0.036178
0 0.686065 0.549629 0.009916 0.025046
0 0.678236 0.586271 0.008873 0.031540
0 0.689718 0.586271 0.007829 0.038961
0 0.706942 0.587662 0.010960 0.049165
0 0.621347 0.650278 0.017223 0.033395
0 0.581942 0.588126 0.008351 0.035250
0 0.632568 0.691558 0.008351 0.047310
0 0.639353 0.683673 0.009395 0.040816
0 0.570981 0.719852 0.011482 0.040816
0 0.629958 0.765306 0.012526 0.040816
0 0.709290 0.763451 0.013570 0.027829
2 0.554280 0.723562 0.039666 0.098330
0 0.528184 0.724026 0.012526 0.043599
0 0.517223 0.722171 0.012526 0.038033
0 0.498434 0.716141 0.011482 0.033395
0 0.467380 0.700835 0.013048 0.036178
0 0.414666 0.667904 0.010960 0.029685
0 0.409969 0.667440 0.009916 0.034323
0 0.406576 0.668831 0.008351 0.031540
0 0.421973 0.591837 0.008873 0.042672
0 0.420146 0.572356 0.011482 0.038961
2 0.454854 0.452690 0.024530 0.064935
0 0.461900 0.317254 0.006263 0.022263
0 0.443894 0.307514 0.004697 0.019481
0 0.445459 0.304731 0.005741 0.023191