0 0.314000 0.311000 0.005000 0.016667
0 0.275500 0.336667 0.004000 0.017333
0 0.314750 0.330000 0.006500 0.017333
0 0.257250 0.341000 0.004500 0.016667
0 0.263500 0.339000 0.006000 0.016667
0 0.264500 0.342000 0.004000 0.013333
0 0.267000 0.339667 0.004000 0.014000
0 0.270000 0.330667 0.006000 0.016000
0 0.270750 0.327000 0.003500 0.010000
0 0.344250 0.307333 0.004500 0.016000
0 0.355250 0.285667 0.005500 0.008667
0 0.371500 0.258667 0.002000 0.004000
0 0.374000 0.259333 0.002000 0.005333
2 0.272500 0.353000 0.021000 0.020667
2 0.295500 0.351000 0.022000 0.023333
2 0.317000 0.347667 0.018000 0.022000
2 0.336500 0.356667 0.023000 0.024000
2 0.348500 0.375000 0.039000 0.024667
2 0.380000 0.362000 0.023000 0.022667
2 0.413750 0.346000 0.024500 0.024000
2 0.403750 0.330000 0.018500 0.017333
0 0.106750 0.425333 0.007500 0.022667
2 0.299000 0.711333 0.057000 0.117333
0 0.291750 0.541333 0.014500 0.042667
0 0.265500 0.593000 0.018000 0.048667
0 0.253500 0.615000 0.016000 0.047333
0 0.241750 0.613333 0.017500 0.049333
0 0.230250 0.607000 0.018500 0.050000
0 0.212500 0.554000 0.013000 0.029333
2 0.385000 0.260333 0.019000 0.010000
2 0.387500 0.263333 0.017000 0.009333
2 0.391750 0.263000 0.019500 0.011333
2 0.397250 0.264667 0.022500 0.012000
2 0.399250 0.264667 0.023500 0.010667
2 0.391250 0.346667 0.021500 0.025333
2 0.413750 0.313000 0.017500 0.023333
2 0.435500 0.342000 0.021000 0.022667
2 0.491250 0.366667 0.045500 0.025333
2 0.452500 0.384000 0.048000 0.024000
2 0.443750 0.418000 0.062500 0.038667
2 0.459250 0.292000 0.013500 0.014667
2 0.427250 0.297333 0.013500 0.014667
2 0.434000 0.287333 0.014000 0.017333
2 0.438750 0.281667 0.011500 0.012667
2 0.452500 0.263333 0.010000 0.012000
2 0.455500 0.258333 0.010000 0.011333
2 0.459250 0.255000 0.008500 0.010000
2 0.461750 0.250000 0.008500 0.009333
2 0.467250 0.243000 0.007500 0.008667
2 0.468250 0.240333 0.007500 0.007333
2 0.472250 0.234000 0.006500 0.009333
2 0.474250 0.232333 0.006500 0.008667
2 0.481250 0.221667 0.006500 0.007333
2 0.483500 0.217667 0.007000 0.008667
2 0.485750 0.216667 0.005500 0.006667
2 0.485750 0.230333 0.006500 0.008667
2 0.459750 0.328000 0.016500 0.022667
0 0.382500 0.379333 0.006000 0.025333
0 0.389000 0.371667 0.008000 0.023333
0 0.394250 0.372333 0.006500 0.020667
0 0.399250 0.400333 0.006500 0.026000
0 0.415250 0.402333 0.005500 0.020667
0 0.388250 0.430000 0.010500 0.028000
0 0.406250 0.465000 0.010500 0.040667
0 0.420250 0.439000 0.012500 0.028667
0 0.455000 0.496333 0.011000 0.036667
0 0.474250 0.528333 0.014500 0.044667
0 0.496250 0.558333 0.011500 0.050000
0 0.490250 0.543667 0.014500 0.042000
0 0.482000 0.551333 0.009000 0.029333
0 0.516000 0.462333 0.012000 0.030000
0 0.523750 0.580333 0.014500 0.044667
0 0.509250 0.614000 0.012500 0.044000
0 0.513000 0.635667 0.010000 0.016667
0 0.506750 0.784667 0.015500 0.065333
0 0.505500 0.768667 0.015000 0.065333
0 0.537000 0.886333 0.029000 0.058000
0 0.588750 0.839667 0.014500 0.068667
0 0.596750 0.786667 0.019500 0.061333
0 0.599250 0.745000 0.018500 0.055333
0 0.571500 0.765667 0.017000 0.060667
0 0.551500 0.638333 0.016000 0.055333
0 0.642750 0.600333 0.015500 0.032667
0 0.588250 0.560667 0.014500 0.036000
0 0.673250 0.540667 0.016500 0.044000
2 0.569500 0.599333 0.066000 0.100000
0 0.739250 0.745333 0.022500 0.066667
0 0.760250 0.684000 0.016500 0.046667
0 0.570000 0.423333 0.009000 0.018667
0 0.581500 0.423000 0.010000 0.022000
0 0.639000 0.487000 0.011000 0.020667
0 0.648750 0.486667 0.010500 0.018667
0 0.688000 0.489000 0.011000 0.026000
0 0.734000 0.549667 0.008000 0.026000
0 0.600750 0.253000 0.003500 0.012667
2 0.682750 0.269333 0.023500 0.013333
2 0.688750 0.276000 0.028500 0.012000
2 0.691000 0.238000 0.020000 0.009333
2 0.681000 0.234333 0.019000 0.008667
2 0.668750 0.228333 0.012500 0.008667
2 0.664500 0.226667 0.013000 0.008000
2 0.616750 0.247000 0.019500 0.011333
2 0.614250 0.244000 0.019500 0.010667
2 0.612000 0.241333 0.020000 0.009333
2 0.607000 0.241333 0.016000 0.009333
2 0.604750 0.239000 0.018500 0.008667
2 0.603750 0.238333 0.014500 0.010000
2 0.602750 0.237667 0.018500 0.010000
2 0.601000 0.234667 0.016000 0.009333
2 0.591000 0.231000 0.016000 0.008667
2 0.597000 0.229333 0.017000 0.008000
2 0.598000 0.228667 0.016000 0.009333
2 0.617750 0.229667 0.015500 0.008667
2 0.615250 0.229000 0.014500 0.007333
2 0.608750 0.224333 0.015500 0.008667
2 0.633750 0.220667 0.006500 0.008000
2 0.644500 0.247000 0.021000 0.010000
2 0.640750 0.244667 0.017500 0.009333
0 0.699500 0.914333 0.028000 0.062000
0 0.574500 0.434000 0.008000 0.029333
0 0.600250 0.498000 0.013500 0.036000
0 0.608500 0.503667 0.009000 0.028667
0 0.686000 0.386333 0.014000 0.028667
0 0.684250 0.375000 0.006500 0.016667
0 0.759000 0.373000 0.006000 0.027333
0 0.698250 0.401000 0.007500 0.020667
0 0.666000 0.483000 0.012000 0.036667
0 0.628500 0.502667 0.013000 0.038667
0 0.701000 0.500333 0.012000 0.043333
0 0.631750 0.488000 0.008500 0.030667
0 0.644000 0.510000 0.012000 0.037333
0 0.658000 0.494667 0.009000 0.032000
0 0.659000 0.509000 0.007000 0.023333
0 0.714750 0.491333 0.010500 0.033333
0 0.715250 0.483667 0.009500 0.035333
0 0.744500 0.491667 0.011000 0.036667
0 0.744000 0.498333 0.009000 0.034000
0 0.763500 0.487667 0.012000 0.035333
0 0.775500 0.501333 0.009000 0.030667
0 0.790250 0.491667 0.011500 0.039333
0 0.770750 0.495333 0.011500 0.038667
0 0.778500 0.489333 0.012000 0.022667
0 0.726750 0.534000 0.011500 0.044000
0 0.738000 0.557667 0.017000 0.042000
0 0.773000 0.373333 0.007000 0.029333
0 0.803500 0.667667 0.016000 0.056667
0 0.787750 0.773667 0.023500 0.064667
0 0.815750 0.794000 0.024500 0.072000
0 0.854250 0.819000 0.026500 0.072667
0 0.881750 0.853000 0.036500 0.070000
0 0.796750 0.973000 0.027500 0.054000
0 0.909000 0.877333 0.035000 0.074667
0 0.887750 0.788333 0.023500 0.058000
2 0.821250 0.901000 0.141500 0.198000
0 0.973000 0.522000 0.013000 0.036000
0 0.991000 0.484667 0.015000 0.025333