2 0.392500 0.874286 0.153571 0.251429
2 0.559286 0.871429 0.118571 0.257143
2 0.789286 0.698571 0.138571 0.220000
2 0.736786 0.511429 0.079286 0.108571
2 0.586071 0.452857 0.057857 0.092381
2 0.156071 0.770952 0.187857 0.261905
2 0.286071 0.579048 0.115000 0.137143
2 0.191071 0.455238 0.127857 0.072381
2 0.248214 0.359048 0.063571 0.085714
2 0.716071 0.418571 0.062143 0.084762
2 0.705714 0.347619 0.055714 0.064762
2 0.696429 0.295714 0.041429 0.048571
2 0.681071 0.250952 0.039286 0.052381
2 0.567857 0.280000 0.041429 0.059048
2 0.598929 0.243810 0.032143 0.043810
2 0.552500 0.246667 0.029286 0.041905
2 0.552857 0.220476 0.040000 0.040952
2 0.585357 0.207143 0.045000 0.040952
2 0.637143 0.173333 0.037143 0.047619
2 0.425000 0.318571 0.051429 0.077143
2 0.324286 0.294762 0.054286 0.058095
2 0.140357 0.281429 0.056429 0.052381
2 0.177500 0.284286 0.057857 0.052381
2 0.220357 0.290952 0.070714 0.056190
2 0.270714 0.294762 0.055714 0.054286
0 0.308929 0.252381 0.017857 0.045714
2 0.238214 0.223810 0.040714 0.053333
2 0.280714 0.226667 0.044286 0.049524
2 0.319643 0.230952 0.046429 0.061905
2 0.352857 0.239048 0.040000 0.055238
2 0.403214 0.253333 0.076429 0.051429
2 0.488214 0.196190 0.026429 0.041905
2 0.590357 0.152381 0.032143 0.026667
2 0.538214 0.155714 0.032143 0.029524
2 0.549286 0.134762 0.027143 0.027619
2 0.538214 0.130476 0.027857 0.022857
2 0.872857 0.935714 0.154286 0.128571