2 0.060714 0.870000 0.004286 0.006667
2 0.062500 0.862857 0.003571 0.005714
2 0.055714 0.857619 0.002857 0.002857
2 0.058214 0.854286 0.003571 0.003810
2 0.056071 0.850000 0.003571 0.002857
2 0.052857 0.854286 0.002857 0.003810
2 0.023929 0.934286 0.003571 0.005714
2 0.028929 0.928095 0.005000 0.004762
2 0.038571 0.915714 0.002857 0.004762
2 0.045714 0.917143 0.004286 0.005714
2 0.051071 0.907143 0.003571 0.006667
2 0.045714 0.924286 0.004286 0.006667
2 0.052500 0.926190 0.005000 0.006667
2 0.060714 0.927619 0.005714 0.007619
2 0.044643 0.962381 0.005000 0.006667
2 0.029643 0.923810 0.003571 0.003810
2 0.027857 0.921905 0.002857 0.003810
2 0.027500 0.918571 0.003571 0.002857
2 0.026071 0.915238 0.005000 0.003810
2 0.040000 0.903333 0.002857 0.002857
2 0.037857 0.898095 0.002857 0.003810
2 0.041786 0.893333 0.002143 0.003810
2 0.040357 0.891429 0.003571 0.003810
2 0.105714 0.877619 0.005714 0.008571
2 0.091786 0.895714 0.006429 0.008571
2 0.110000 0.891429 0.005714 0.009524
2 0.103214 0.904286 0.006429 0.010476
2 0.140000 0.897143 0.008571 0.009524
2 0.158214 0.895238 0.007857 0.011429
2 0.169643 0.915238 0.009286 0.013333
2 0.192857 0.932381 0.011429 0.015238
2 0.217857 0.967619 0.014286 0.019048
2 0.268929 0.962381 0.016429 0.020000
2 0.385357 0.980000 0.025000 0.030476
2 0.589643 0.495714 0.020714 0.023810
2 0.583214 0.460476 0.017857 0.025714
0 0.733929 0.279524 0.007857 0.012381
2 0.740000 0.300476 0.020000 0.025714
2 0.803929 0.151429 0.019286 0.024762
2 0.793571 0.178095 0.014286 0.020952
2 0.771786 0.193333 0.019286 0.017143
2 0.773929 0.151429 0.015000 0.022857
2 0.786786 0.145238 0.017857 0.016190
0 0.980357 0.017143 0.007857 0.011429
2 0.942500 0.033333 0.017857 0.026667
2 0.921429 0.089524 0.020000 0.030476
2 0.906786 0.132381 0.026429 0.038095
2 0.906071 0.157619 0.019286 0.031429
2 0.924643 0.155714 0.020714 0.035238
2 0.912143 0.192381 0.021429 0.036190
2 0.986786 0.208571 0.026429 0.040000
2 0.896071 0.238571 0.025000 0.037143
2 0.856071 0.350000 0.025000 0.040952
2 0.837143 0.400000 0.025714 0.041905
2 0.871071 0.529048 0.033571 0.052381
2 0.756071 0.547619 0.025000 0.049524
2 0.738214 0.547143 0.023571 0.046667
2 0.758929 0.612857 0.032143 0.058095
2 0.730357 0.607143 0.030714 0.054286
2 0.698929 0.687143 0.030714 0.056190
2 0.672500 0.767143 0.029286 0.063810
2 0.750357 0.743810 0.040714 0.076190
2 0.848214 0.714286 0.043571 0.076190