2 0.617693 0.793599 0.030793 0.102968
2 0.723121 0.803340 0.037056 0.102041
2 0.710856 0.714750 0.033403 0.086271
2 0.444676 0.487941 0.021921 0.051948
2 0.572286 0.434601 0.044363 0.036178
2 0.579854 0.413729 0.044885 0.031540
2 0.569937 0.375696 0.038622 0.029685
2 0.569415 0.355288 0.035491 0.024119
2 0.574113 0.320037 0.035491 0.031540
2 0.569676 0.247217 0.032881 0.025046
2 0.673017 0.424397 0.040188 0.038033
2 0.666232 0.393321 0.039144 0.038961
2 0.666493 0.370594 0.037578 0.032468
2 0.663361 0.337199 0.030271 0.034323
2 0.651357 0.318182 0.029228 0.029685
2 0.635438 0.299165 0.031837 0.032468
2 0.632829 0.276438 0.034969 0.025974
2 0.731472 0.516234 0.042276 0.041744
2 0.748434 0.546382 0.051148 0.046382
2 0.779228 0.569573 0.053236 0.042672
2 0.806628 0.594156 0.050626 0.047310
2 0.837161 0.623377 0.044885 0.051948
2 0.876305 0.646568 0.038622 0.055659
2 0.921451 0.670686 0.037056 0.063080
2 0.952505 0.695269 0.030271 0.060297
0 0.844990 0.697588 0.011482 0.029685
2 0.629436 0.215677 0.030271 0.025046
2 0.571503 0.190631 0.035491 0.023191
0 0.599687 0.257885 0.004175 0.020408
0 0.568111 0.280148 0.004697 0.020408
0 0.463987 0.077458 0.003132 0.015770