2 0.501429 0.940952 0.138571 0.118095
2 0.009286 0.735714 0.017143 0.063810
2 0.063214 0.696667 0.052143 0.079048
2 0.038929 0.569048 0.035000 0.046667
2 0.130000 0.690952 0.051429 0.065714
2 0.218571 0.655714 0.051429 0.069524
2 0.294643 0.479524 0.056429 0.033333
2 0.341429 0.447143 0.042857 0.027619
2 0.411786 0.926667 0.136429 0.133333
2 0.569286 0.815238 0.118571 0.106667
2 0.701786 0.750476 0.097857 0.095238
2 0.878571 0.629048 0.068571 0.073333
2 0.942143 0.593810 0.065714 0.060000
0 0.291786 0.611429 0.015000 0.038095
0 0.345714 0.671905 0.017143 0.044762
0 0.359286 0.663810 0.012857 0.038095
0 0.281429 0.386190 0.005714 0.016190
0 0.251786 0.407619 0.006429 0.020952
2 0.337500 0.373810 0.015000 0.020000
0 0.338571 0.357619 0.005714 0.016190
0 0.374286 0.358095 0.007143 0.020952
2 0.396071 0.351905 0.035000 0.020000
2 0.388571 0.346190 0.025714 0.014286
2 0.379286 0.345714 0.030000 0.015238
2 0.371429 0.341905 0.025714 0.017143
2 0.361071 0.336667 0.022143 0.014286
2 0.355714 0.333810 0.024286 0.016190
2 0.349643 0.330000 0.026429 0.016190
2 0.345714 0.326667 0.027143 0.017143
2 0.409643 0.339048 0.036429 0.017143
2 0.380714 0.326667 0.028571 0.013333
2 0.382500 0.323333 0.026429 0.010476
2 0.358571 0.316667 0.022857 0.014286
2 0.751071 0.380476 0.030714 0.023810
2 0.453214 0.321429 0.025000 0.016190
2 0.436071 0.316667 0.022143 0.012381
2 0.424643 0.311905 0.025000 0.014286
2 0.414643 0.310476 0.017857 0.011429
2 0.403571 0.304762 0.022857 0.013333
0 0.833571 0.570476 0.010000 0.041905
0 0.889286 0.446190 0.008571 0.027619
2 0.376429 0.411429 0.040000 0.022857
2 0.403571 0.399048 0.031429 0.019048