2 0.390357 0.536168 0.033571 0.041878
2 0.378571 0.519036 0.032857 0.038071
2 0.406429 0.485406 0.031429 0.034264
2 0.435000 0.479061 0.028571 0.031726
2 0.515357 0.378807 0.023571 0.026650
2 0.493571 0.384518 0.022857 0.027919
2 0.476786 0.428299 0.020714 0.026650
2 0.034286 0.753807 0.035714 0.045685
0 0.459643 0.644036 0.007857 0.024112
0 0.455714 0.643401 0.007143 0.030457
0 0.420714 0.693528 0.005714 0.024112
0 0.388214 0.780457 0.007857 0.025381
0 0.139643 0.699873 0.006429 0.021574
2 0.742500 0.128173 0.012143 0.020305
2 0.717500 0.112310 0.012143 0.013959