2 0.031071 0.014286 0.039286 0.024762
2 0.083214 0.014762 0.040714 0.025714
2 0.012500 0.044286 0.025000 0.025714
2 0.145714 0.005714 0.042857 0.011429
0 0.200000 0.037619 0.007143 0.016190
0 0.268214 0.080952 0.006429 0.015238
0 0.268571 0.072857 0.005714 0.012381
0 0.183929 0.306667 0.006429 0.013333
0 0.183929 0.299524 0.007857 0.010476
0 0.214643 0.255238 0.009286 0.011429
0 0.277857 0.255238 0.008571 0.015238
0 0.160357 0.357619 0.010714 0.012381
0 0.136071 0.445714 0.009286 0.013333
0 0.066429 0.635714 0.010000 0.020000
0 0.167857 0.709048 0.010000 0.018095
0 0.186429 0.699524 0.010000 0.018095
0 0.188571 0.684762 0.014286 0.019048
0 0.211429 0.675238 0.011429 0.017143
2 0.367857 0.034286 0.021429 0.036190
2 0.305714 0.068095 0.020000 0.037143
2 0.406071 0.209048 0.037857 0.039048
2 0.418929 0.227143 0.037857 0.040952
2 0.496786 0.247619 0.022143 0.040000
2 0.442143 0.239524 0.035714 0.050476
2 0.028214 0.197143 0.033571 0.043810
0 0.051429 0.267143 0.010000 0.021905
0 0.122500 0.264762 0.010714 0.013333
2 0.107857 0.405238 0.037143 0.061905
2 0.044286 0.564286 0.041429 0.071429
2 0.195357 0.898095 0.046429 0.100952
2 0.225000 0.786667 0.042857 0.093333
2 0.247857 0.684286 0.041429 0.077143
2 0.262143 0.540000 0.037143 0.070476
2 0.480000 0.541905 0.051429 0.043810
0 0.564643 0.634762 0.009286 0.012381
2 0.741429 0.779524 0.058571 0.084762
2 0.648571 0.880000 0.052857 0.053333