0 0.452429 0.698142 0.419028 0.213622
0 0.967611 0.645511 0.064777 0.188854
1 0.910931 0.647059 0.028340 0.148607
1 0.919028 0.656347 0.040486 0.130031
1 0.891700 0.620743 0.022267 0.120743
1 0.691296 0.650155 0.046559 0.154799
1 0.681174 0.650155 0.042510 0.154799
1 0.559717 0.647059 0.026316 0.142415
1 0.506073 0.645511 0.024291 0.151703
1 0.346154 0.617647 0.028340 0.089783
1 0.322874 0.628483 0.022267 0.130031
1 0.237854 0.616099 0.022267 0.086687
1 0.134615 0.623839 0.022267 0.120743
1 0.014170 0.637771 0.024291 0.117647