1 0.594048 0.773319 0.109524 0.453362
1 0.479762 0.623644 0.159524 0.752711
1 0.351786 0.664859 0.141667 0.665944
1 0.258333 0.763557 0.090476 0.459870
1 0.573214 0.504338 0.067857 0.453362
1 0.551786 0.654013 0.108333 0.691974
1 0.750000 0.409978 0.088095 0.347072
0 0.383333 0.408894 0.228571 0.344902
1 0.175000 0.396963 0.057143 0.321041
1 0.238095 0.312364 0.050000 0.186551
0 0.326190 0.050976 0.088095 0.097614
0 0.397619 0.174620 0.095238 0.171367
0 0.447619 0.156182 0.073810 0.130152
0 0.535119 0.207158 0.125000 0.175705