0 0.314063 0.848438 0.028125 0.034375
0 0.261979 0.860156 0.030208 0.045313
0 0.286458 0.864063 0.043750 0.046875
0 0.410417 0.851562 0.050000 0.053125
0 0.386458 0.856250 0.062500 0.068750
0 0.548438 0.843750 0.044792 0.053125
0 0.484896 0.840625 0.082292 0.118750
0 0.241146 0.848438 0.019792 0.021875
0 0.601562 0.842188 0.065625 0.071875
0 0.507812 0.849219 0.090625 0.095313
0 0.821354 0.853125 0.194792 0.178125
1 0.171875 0.852344 0.025000 0.110938
1 0.136458 0.849219 0.025000 0.104688
1 0.043750 0.868750 0.027083 0.103125
1 0.011979 0.864063 0.021875 0.115625
1 0.923958 0.828125 0.020833 0.106250
1 0.946354 0.828906 0.030208 0.104688
1 0.965625 0.829688 0.020833 0.100000
1 0.953646 0.827344 0.015625 0.098438
1 0.985417 0.824219 0.018750 0.107813
1 0.990625 0.828906 0.018750 0.110938
0 0.029167 0.890625 0.056250 0.112500